,Ask,BaseVolume,Bid,Created,High,Last,Low,MarketName,OpenBuyOrders,OpenSellOrders,PrevDay,TimeStamp,Volume
0,4.97e-05,573.59906639,4.917e-05,2017-06-06T01:22:35.727,7.245e-05,4.97e-05,4.451e-05,BTC-1ST,275,5815,4.452e-05,2017-11-07T15:16:10.97,9901901.95777454
1,8.7e-07,26.30503947,8.6e-07,2016-05-16T06:44:15.287,9.9e-07,8.6e-07,7.9e-07,BTC-2GIVE,328,2260,8.4e-07,2017-11-07T15:15:10.487,29920301.95973844
2,8.5e-07,17.29039272,8.3e-07,2014-10-31T01:43:25.743,9.9e-07,8.3e-07,8e-07,BTC-ABY,272,4899,8.4e-07,2017-11-07T15:15:12.847,19629694.19578684
3,3.11e-06,586.27117655,3.1e-06,2017-09-29T07:01:58.873,3.35e-06,3.11e-06,2.94e-06,BTC-ADA,1563,9338,2.96e-06,2017-11-07T15:15:44.25,186328895.3065252
4,2.7e-06,22.91115025,2.67e-06,2017-07-03T21:08:06.11,2.99e-06,2.72e-06,2.61e-06,BTC-ADT,159,3151,2.65e-06,2017-11-07T15:13:08.153,8179966.45513595
5,0.000125,536.93080179,0.00012459,2017-07-11T22:42:17.78,0.0001429,0.000125,0.0001205,BTC-ADX,703,8818,0.00012174,2017-11-07T15:16:08.737,4080669.26361099
6,0.000215,16.00516809,0.00021322,2015-07-31T00:50:47.11,0.00021999,0.00021322,0.00019103,BTC-AEON,254,2144,0.00020235,2017-11-07T15:07:44.35,76555.60604336
7,5.031e-05,2.77268135,4.959e-05,2015-11-10T00:53:59.643,5.117e-05,4.953e-05,4.74e-05,BTC-AGRS,199,2515,4.907e-05,2017-11-07T15:16:12.097,56186.78295932
8,2.128e-05,21.8027578,2.08e-05,2015-11-03T19:13:55.18,2.176e-05,2.084e-05,1.951e-05,BTC-AMP,156,5687,2.113e-05,2017-11-07T15:16:18.097,1049848.07168428
9,0.00015727,49.34302449,0.00015463,2017-05-17T19:54:30.143,0.00016761,0.00015724,0.00014116,BTC-ANT,197,4285,0.00016259,2017-11-07T15:16:14.72,324929.91403186
10,0.00076794,2.95697833,0.00074635,2017-05-02T06:26:32.897,0.00076874,0.00074634,0.000725,BTC-APX,189,1877,0.00075148,2017-11-07T15:16:19.893,3948.97313198
11,2.826e-05,43.48496107,2.815e-05,2016-10-13T18:59:37.407,2.905e-05,2.826e-05,2.68e-05,BTC-ARDR,467,4268,2.679e-05,2017-11-07T15:08:26.04,1540870.81483418
12,0.00036579,288.95167274,0.0003629,2017-03-21T18:11:29.347,0.000378,0.00036579,0.00033723,BTC-ARK,2130,9724,0.00034328,2017-11-07T15:16:04.753,801283.14923762
13,8.646e-05,2.00667156,8.51e-05,2014-03-16T22:00:00,8.777e-05,8.51e-05,8.5e-05,BTC-AUR,106,1584,8.711e-05,2017-11-07T15:16:17.36,23361.51452382
14,1.98e-05,99.6463783,1.973e-05,2017-06-03T22:04:53.82,2.05e-05,1.974e-05,1.91e-05,BTC-BAT,665,12941,1.919e-05,2017-11-07T15:16:18.423,4996887.14729651
15,4.03e-06,119.31407278,4.02e-06,2014-11-18T17:34:21.083,4.89e-06,4.03e-06,3.11e-06,BTC-BAY,290,3920,3.28e-06,2017-11-07T15:15:29.533,28917912.40172573
16,0.08479859,2010.93368254,0.08465,2017-08-01T18:34:04.967,0.08999999,0.08465,0.083959,BTC-BCC,3187,11997,0.0897,2017-11-07T15:16:13.533,23431.47792054
17,4.716e-05,11.70708116,4.525e-05,2015-09-10T05:28:20.787,4.799e-05,4.612e-05,4.145e-05,BTC-BCY,130,2896,4.268e-05,2017-11-07T15:16:15.783,264114.07375053
18,3.9e-07,8.85100645,3.8e-07,2015-02-15T23:07:32.777,3.9e-07,3.8e-07,3.6e-07,BTC-BITB,517,5118,3.7e-07,2017-11-07T15:11:43.387,23412249.48163646
19,0.00012248,5.7728954,0.0001204,2014-11-13T20:20:21.443,0.00012586,0.00012001,0.00011603,BTC-BLITZ,143,2610,0.00011955,2017-11-07T15:16:04.19,47842.76875828
20,3.071e-05,21.00262957,3.024e-05,2014-03-14T09:00:00,3.285e-05,3.072e-05,2.916e-05,BTC-BLK,179,4503,3.015e-05,2017-11-07T15:16:18.673,675306.01375048
21,0.0029338,27.64766886,0.00292902,2014-10-29T06:45:03.97,0.00299999,0.00292902,0.00246868,BTC-BLOCK,269,1534,0.0024747,2017-11-07T15:16:17.003,9898.07726683
22,0.00026171,10.55586169,0.00026123,2017-06-22T21:36:30.85,0.00027499,0.00026171,0.00025519,BTC-BNT,136,3314,0.00025525,2017-11-07T15:12:25.137,39981.01471113
23,2.095e-05,4.16439294,2.058e-05,2016-06-13T02:27:33.34,2.252e-05,2.095e-05,2.026e-05,BTC-BRK,126,2200,2.055e-05,2017-11-07T15:02:52.22,194299.64893162
24,6.874e-05,17.06201529,6.86e-05,2016-07-10T21:25:05.127,7.207e-05,6.876e-05,6.251e-05,BTC-BRX,140,2036,6.706e-05,2017-11-07T15:16:16.86,253582.81877679
25,8.214e-05,7.64701756,8.147e-05,2016-02-17T00:54:23.677,8.6e-05,8.214e-05,8.078e-05,BTC-BSD,188,2037,8.49e-05,2017-11-07T15:12:56.59,91431.98719023
26,0.01761969,8.25750217,0.01751,2014-07-14T06:05:04.567,0.01790817,0.01761969,0.01593002,BTC-BTCD,167,711,0.01784949,2017-11-07T15:16:02.753,480.7676977
27,0.0,63.85828478,0.0,2014-11-24T08:18:16.53,9.98e-06,8.86e-06,8.44e-06,BTC-BTS,229,4558,8.63e-06,2017-11-05T04:00:22.963,6871090.19001538
28,8.3e-07,13.92243887,8.1e-07,2014-09-16T07:41:56.047,8.8e-07,8.3e-07,7.5e-07,BTC-BURST,311,6353,8e-07,2017-11-07T15:10:53.463,17164239.015937
29,0.000159,127.01403707,0.00015899,2014-11-03T19:02:45.96,0.00016843,0.00015899,7.455e-05,BTC-BYC,313,1034,7.54e-05,2017-11-07T15:16:19.893,994073.61708574
30,3.7e-06,24.47371156,3.68e-06,2014-08-10T06:48:44.83,4.49e-06,3.68e-06,3.58e-06,BTC-CANN,258,6248,3.94e-06,2017-11-07T15:15:26.063,6083659.52667576
31,1.278e-05,103.3111557,1.264e-05,2017-06-19T19:59:14.78,1.589e-05,1.278e-05,1.204e-05,BTC-CFI,244,5375,1.278e-05,2017-11-07T15:11:42.51,7363081.99698353
32,0.00068974,7.3175222,0.00068124,2015-04-18T22:04:25.183,0.00072071,0.00068026,0.00064184,BTC-CLAM,238,1468,0.00066841,2017-11-07T15:16:19.58,10616.6673005
33,0.00069424,19.52912154,0.00069147,2014-06-04T08:53:18.563,0.0007666,0.00068299,0.00060111,BTC-CLOAK,316,2869,0.00066596,2017-11-07T15:16:17.487,28737.47988272
34,0.00021621,63.42188063,0.00021451,2015-12-18T00:30:10.31,0.00021878,0.00021621,0.0001996,BTC-CLUB,407,1823,0.00020366,2017-11-07T15:13:01.433,302900.29703781
35,6.9e-07,11.17278711,6.8e-07,2015-01-22T19:11:45.903,7.1e-07,6.9e-07,6.4e-07,BTC-COVAL,301,4722,6.7e-07,2017-11-07T15:02:35.657,16365683.16323584
36,5.08e-05,19.23070419,5.02e-05,2015-07-25T06:30:32.53,6.187e-05,5.071e-05,5.004e-05,BTC-CPC,106,2772,5.8e-05,2017-11-07T15:16:14.563,342786.19498782
37,5.037e-05,231.87558492,5.01e-05,2017-06-13T19:40:35.203,6.999e-05,5.003e-05,4.328e-05,BTC-CRB,123,2988,4.252e-05,2017-11-07T15:16:12.097,3834808.32323507
38,0.00020007,14.12317665,0.00019338,2017-03-06T21:10:15.663,0.0002086,0.00019207,0.0001883,BTC-CRW,198,1672,0.00020351,2017-11-07T15:16:18.66,72075.49597893
39,4.495e-05,87.68868487,4.398e-05,2014-05-13T09:00:00,6.146e-05,4.497e-05,4.23e-05,BTC-CURE,323,2200,5.716e-05,2017-11-07T15:16:19.673,1659480.29541801
40,4.045e-05,140.3460804,4.022e-05,2017-07-16T23:04:18.867,4.18e-05,4.045e-05,3.913e-05,BTC-CVC,819,12012,3.92e-05,2017-11-07T15:16:07.423,3465198.67156701
41,0.04035897,506.0410406,0.04025043,2014-03-11T08:00:00,0.0421155,0.04025043,0.0378978,BTC-DASH,1194,6074,0.0379,2017-11-07T15:16:15.94,12594.61032612
42,0.00401328,49.68779255,0.004013,2016-02-09T21:06:51.577,0.0042,0.004013,0.00379999,BTC-DCR,524,4644,0.00384014,2017-11-07T15:16:14.237,12299.20638453
43,5.971e-05,11.78810902,5.97e-05,2017-06-30T16:35:24.643,6.298e-05,5.97e-05,5.7e-05,BTC-DCT,159,4818,5.871e-05,2017-11-07T15:16:07.457,197388.05568696
44,1.2e-06,236.86829163,1.19e-06,2014-08-20T07:09:57.207,1.27e-06,1.19e-06,1.15e-06,BTC-DGB,968,25427,1.17e-06,2017-11-07T15:15:55.877,195939401.88035792
45,0.00900301,5.85964502,0.00874117,2016-06-14T16:25:12.063,0.00916,0.00900301,0.00856101,BTC-DGD,153,1093,0.00879497,2017-11-07T15:16:15.987,656.48524612
46,0.0012198,41.18206963,0.00118943,2015-05-01T17:31:24.97,0.00144435,0.00118943,0.00089003,BTC-DMD,334,1705,0.00092,2017-11-07T15:16:16.957,36015.95811863
47,5.52e-06,28.79599396,5.4e-06,2017-08-04T02:09:02.873,5.95e-06,5.52e-06,5.28e-06,BTC-DNT,150,1964,5.62e-06,2017-11-07T15:16:18.097,5075079.24019328
48,1.7e-07,30.05064557,1.6e-07,2014-02-13T00:00:00,1.7e-07,1.6e-07,1.5e-07,BTC-DOGE,1643,18032,1.6e-07,2017-11-07T15:15:36.267,183181425.16944367
49,3e-06,33.41635217,2.9e-06,2014-10-17T19:09:32.6,3.88e-06,2.9e-06,2.83e-06,BTC-DOPE,281,3394,3.45e-06,2017-11-07T15:15:47.707,10387224.79469622
50,6.08e-05,7.04675075,5.927e-05,2017-04-01T04:06:13.887,6.366e-05,5.921e-05,5.302e-05,BTC-DTB,150,3067,5.712e-05,2017-11-07T15:15:34.203,122588.18236839
51,0.000433,1.65457406,0.00042526,2017-03-23T00:10:19.403,0.0004499,0.00042526,0.000418,BTC-DYN,155,922,0.00041897,2017-11-07T15:01:00.967,3835.54170511
52,1.492e-05,7.34195175,1.47e-05,2016-09-15T15:47:38.92,1.541e-05,1.491e-05,1.425e-05,BTC-EBST,147,4424,1.462e-05,2017-11-07T15:16:14.36,493695.54249638
53,7.8e-05,39.57302956,7.794e-05,2017-04-18T00:56:59.243,7.799e-05,7.794e-05,7.153e-05,BTC-EDG,324,6204,7.396e-05,2017-11-07T15:15:27.19,527755.93060299
54,1.725e-05,1.44563448,1.696e-05,2014-03-20T20:00:00,1.75e-05,1.696e-05,1.626e-05,BTC-EFL,126,1582,1.637e-05,2017-11-07T15:15:18.423,86157.66567627
55,3.169e-05,4.10107755,3.168e-05,2016-01-18T21:01:43.837,3.2e-05,3.168e-05,2.991e-05,BTC-EGC,257,2895,3.143e-05,2017-11-07T15:15:31.08,132661.46787764
56,8.796e-05,71.31137521,8.607e-05,2016-01-06T05:28:04.553,0.00010274,8.607e-05,8.307e-05,BTC-EMC,252,3104,8.54e-05,2017-11-07T15:16:14.423,769395.7862988
57,9.04e-06,113.20030997,9e-06,2014-12-24T00:00:00,9.83e-06,9.02e-06,8.28e-06,BTC-EMC2,348,7070,8.44e-06,2017-11-07T15:16:09.033,12650097.78744671
58,1.771e-05,29.64639523,1.737e-05,2014-05-04T00:00:00,2.025e-05,1.729e-05,1.477e-05,BTC-ENRG,258,2282,1.516e-05,2017-11-07T15:15:39.393,1674226.34930122
59,7.796e-05,157.42819955,7.794e-05,2014-05-10T17:00:00,0.0001125,7.794e-05,6.077e-05,BTC-ERC,207,1915,6.075e-05,2017-11-07T15:16:13.143,1803280.06737476
60,0.00191,569.23813745,0.00190999,2016-07-26T18:10:22.82,0.00206832,0.00191,0.00191,BTC-ETC,990,8111,0.0019992,2017-11-07T15:16:11.16,284896.00404163
61,0.0410849,2892.00619539,0.0410341,2015-08-14T09:02:24.817,0.04340655,0.0410849,0.04021202,BTC-ETH,3769,19634,0.04124999,2017-11-07T15:16:19.253,68790.47578087
62,0.0001725,6.45138186,0.00017249,2014-09-28T20:33:27.633,0.00019657,0.00017249,0.00016702,BTC-EXCL,203,1515,0.00019195,2017-11-07T15:14:47.67,36219.80432033
63,0.00025488,45.67768911,0.00025002,2015-09-16T17:10:15.253,0.00029499,0.00024992,0.00024083,BTC-EXP,186,4161,0.00024589,2017-11-07T15:16:14.487,172958.62753376
64,0.00011999,1.65802989,0.00011802,2014-12-12T19:51:07.703,0.000124,0.000118,0.00011504,BTC-FAIR,241,929,0.0001229,2017-11-07T15:06:55.27,13638.26753617
65,0.00233192,196.4623594,0.002325,2016-01-09T03:47:07.803,0.00246935,0.00233192,0.00200007,BTC-FCT,603,3945,0.00200905,2017-11-07T15:16:19.22,87525.47443261
66,1.48e-06,13.03465276,1.47e-06,2015-02-23T23:01:53.92,1.57e-06,1.47e-06,1.44e-06,BTC-FLDC,289,3723,1.47e-06,2017-11-07T15:13:29.403,8678898.07661867
67,1.189e-05,14.68299476,1.186e-05,2015-03-11T05:43:30.193,1.272e-05,1.189e-05,1.052e-05,BTC-FLO,190,2388,1.068e-05,2017-11-07T15:16:18.533,1273431.71106759
68,1.6e-05,145.49517566,1.596e-05,2014-02-13T00:00:00,1.702e-05,1.6e-05,1.345e-05,BTC-FTC,942,5280,1.664e-05,2017-11-07T15:16:10.347,9290128.74036006
69,2.21e-06,108.90008881,2.19e-06,2017-07-04T18:45:47.13,2.3e-06,2.19e-06,1.96e-06,BTC-FUN,272,6193,2.13e-06,2017-11-07T15:15:07.893,49842557.00162593
70,0.00101888,1.40792214,0.00099456,2015-05-05T22:38:44.963,0.0010189,0.00101888,0.00093348,BTC-GAM,109,830,0.00095202,2017-11-07T15:16:16.58,1425.69811367
71,0.000235,67.44184747,0.00023454,2015-04-08T04:09:53.013,0.00024778,0.000235,0.00022714,BTC-GAME,252,5382,0.0002314,2017-11-07T15:15:49.3,285997.8904869
72,1.539e-05,22.08192728,1.52e-05,2017-02-12T00:38:21.023,1.7e-05,1.52e-05,1.44e-05,BTC-GBG,167,2927,1.441e-05,2017-11-07T15:13:21.17,1383509.95602368
73,0.02334155,87.37596386,0.02285623,2017-04-13T20:46:39.83,0.0253,0.0233417,0.02070022,BTC-GBYTE,367,3571,0.0213553,2017-11-07T15:16:12.08,3710.46127388
74,6.78e-06,21.8070937,6.63e-06,2015-08-24T00:25:28.933,8.24e-06,6.78e-06,6.46e-06,BTC-GCR,93,3987,6.62e-06,2017-11-07T15:14:40.7,2934179.28842196
75,0.00013906,7.99383337,0.00013905,2015-02-21T03:29:43.267,0.00014905,0.00013906,0.00013503,BTC-GEO,314,2678,0.00013764,2017-11-07T15:15:15.847,56521.70293415
76,2.1e-05,4.75313405,2.052e-05,2014-03-22T16:00:00,2.152e-05,2.104e-05,1.919e-05,BTC-GLD,276,2205,1.973e-05,2017-11-07T15:16:05.36,234859.35658163
77,0.00859999,10.19658546,0.00850113,2017-04-28T02:43:12,0.0087571,0.00861952,0.00837988,BTC-GNO,155,2297,0.00845104,2017-11-07T15:15:21.393,1188.39876989
78,2.73e-05,114.92355421,2.712e-05,2017-04-17T21:35:59.26,2.8e-05,2.73e-05,2.567e-05,BTC-GNT,496,10551,2.637e-05,2017-11-07T15:16:17.52,4270672.82022411
79,1.63e-05,6.49204007,1.612e-05,2017-01-19T23:23:12.41,1.658e-05,1.63e-05,1.54e-05,BTC-GOLOS,190,2137,1.571e-05,2017-11-07T15:15:17.517,406632.76814188
80,5.69e-06,7.93668208,5.57e-06,2015-02-27T19:57:02.82,5.69e-06,5.69e-06,5.08e-06,BTC-GRC,241,3577,5.19e-06,2017-11-07T15:16:04.58,1468482.30615318
81,9.138e-05,1225.75429813,9.055e-05,2014-04-03T05:00:00,0.0001085,9.051e-05,8.7e-05,BTC-GRS,1676,5157,9.474e-05,2017-11-07T15:16:09.597,12538804.57282535
82,2.17e-05,90.72721389,2.169e-05,2017-04-29T18:08:12.39,2.711e-05,2.164e-05,1.868e-05,BTC-GUP,211,3636,1.924e-05,2017-11-07T15:16:17.66,4078496.65390973
83,1.216e-05,41.37463747,1.208e-05,2017-05-10T00:02:47.373,1.395e-05,1.216e-05,1.2e-05,BTC-HMQ,174,4037,1.203e-05,2017-11-07T15:16:10.237,3186473.32946684
84,2.142e-05,3.08929863,2.141e-05,2017-04-04T21:20:51.083,2.209e-05,2.142e-05,2.093e-05,BTC-INCNT,129,2709,2.182e-05,2017-11-07T05:43:44.113,142340.20175623
85,9.411e-05,3.70141689,9.309e-05,2015-10-03T20:41:41.403,9.535e-05,9.309e-05,8.904e-05,BTC-INFX,177,1547,8.904e-05,2017-11-07T15:16:06.643,39990.38060402
86,0.00035369,101.53458434,0.00035,2014-07-29T16:57:43.787,0.0004897,0.00035,0.0003,BTC-IOC,216,1939,0.00031401,2017-11-07T15:16:18.503,254452.82484578
87,0.00015029,6.24610588,0.00015004,2017-02-18T23:41:17.04,0.000152,0.00015004,0.00014226,BTC-ION,193,2178,0.00015157,2017-11-07T15:10:23.65,42169.36880599
88,0.00031776,56.33022604,0.000314,2016-12-22T00:54:23.477,0.00033399,0.00031755,0.00029,BTC-IOP,348,5661,0.00031315,2017-11-07T15:14:55.28,177452.22365397
89,0.00038449,554.93328068,0.00038355,2017-02-11T23:04:01.853,0.00040898,0.0003845,0.00036,BTC-KMD,1548,6576,0.00037553,2017-11-07T15:16:19.707,1446943.0851052
90,0.0004991,20.52865152,0.00049316,2014-06-17T05:46:29.303,0.00053644,0.0004991,0.000475,BTC-KORE,264,2434,0.00050101,2017-11-07T15:16:13.533,40450.38820282
91,2.19e-05,30.90122987,2.156e-05,2016-07-05T21:50:07.81,2.219e-05,2.16e-05,1.995e-05,BTC-LBC,385,8895,1.997e-05,2017-11-07T15:16:19.643,1441816.87911363
92,0.00012799,122.46340401,0.00012681,2017-04-18T07:37:41.3,0.00014325,0.00012799,0.00011561,BTC-LGD,417,5375,0.00013817,2017-11-07T15:15:56.627,932295.38129342
93,6.3e-06,19.33905259,6.23e-06,2017-02-18T23:55:53.153,6.44e-06,6.23e-06,6.06e-06,BTC-LMC,204,5452,6.31e-06,2017-11-07T15:15:38.55,3122200.37307546
94,0.000675,353.76505012,0.00067492,2016-05-24T18:49:52.77,0.0007,0.000675,0.00062458,BTC-LSK,1747,8418,0.00062977,2017-11-07T15:16:14.813,536173.14756312
95,0.0081248,1135.22241419,0.00812479,2014-02-13T00:00:00,0.0083,0.0081248,0.0076,BTC-LTC,2320,12989,0.0076378,2017-11-07T15:16:14.47,143789.02195126
96,0.00070509,10.95188378,0.0007,2017-04-30T16:57:03.27,0.00072739,0.0007,0.00065,BTC-LUN,164,4096,0.00065,2017-11-07T15:13:42.64,15824.08647219
97,5.321e-05,53.43669865,5.272e-05,2016-01-18T20:38:22.707,5.5e-05,5.273e-05,4.603e-05,BTC-MAID,311,3906,4.717e-05,2017-11-07T15:16:15.33,1053850.61970724
98,1.8e-06,17.14441421,1.78e-06,2017-10-13T23:32:02.993,1.85e-06,1.78e-06,1.61e-06,BTC-MANA,178,2481,1.6e-06,2017-11-07T15:15:33.203,9876722.15668018
99,0.00082099,226.46004047,0.000817,2017-07-02T00:37:16.957,0.00086821,0.00082357,0.00078754,BTC-MCO,495,10140,0.00079248,2017-11-07T15:15:46.75,272493.04747015
100,3.227e-05,386.71293755,3.19e-05,2016-04-01T18:24:07.207,4.34e-05,3.227e-05,2.843e-05,BTC-MEME,328,1797,3.668e-05,2017-11-07T15:11:59.683,10681702.24773881
101,0.008178,13.67902051,0.0081,2017-03-15T19:30:56.167,0.00864404,0.00817968,0.00762766,BTC-MLN,107,1495,0.0085005,2017-11-07T15:15:22.3,1697.16503213
102,0.000373,58.4459538,0.00037284,2014-04-18T22:00:00,0.00038239,0.000373,0.000362,BTC-MONA,470,3825,0.00037318,2017-11-07T15:16:02.783,157873.88842308
103,0.00070978,194.89485406,0.00070408,2017-07-08T14:59:57.34,0.00077616,0.00070406,0.00067144,BTC-MTL,527,6216,0.00067999,2017-11-07T15:15:43.143,271259.88991096
104,1.482e-05,14.0737707,1.464e-05,2015-04-09T17:31:31.113,1.65e-05,1.464e-05,1.401e-05,BTC-MUE,233,3074,1.445e-05,2017-11-07T15:15:26.72,945707.75395465
105,1.99e-06,36.65855521,1.98e-06,2017-03-27T19:59:13.073,2.52e-06,1.99e-06,1.86e-06,BTC-MUSIC,284,9390,1.88e-06,2017-11-07T15:12:42.497,17480647.2899541
106,8.502e-05,4.09632757,8.5e-05,2017-06-19T19:13:43.73,8.84e-05,8.502e-05,8.5e-05,BTC-MYST,156,3694,8.501e-05,2017-11-07T15:16:15.923,47751.77900405
107,0.00010899,77.80465924,0.00010892,2014-07-08T03:37:28.39,0.00011375,0.00010899,0.00010544,BTC-NAV,558,5193,0.00010631,2017-11-07T15:16:00.003,708242.80579233
108,0.00014149,24.38972683,0.00014012,2015-04-08T03:57:37.33,0.000144,0.00014011,0.00013634,BTC-NBT,44,1774,0.00013719,2017-11-07T15:09:50.087,173899.82460258
109,0.00373365,1141.96809486,0.00373225,2016-10-26T01:28:31.96,0.00382043,0.00373367,0.003604,BTC-NEO,4745,27428,0.00360803,2017-11-07T15:16:17.41,308432.86850276
110,0.00032849,7.17047247,0.000326,2014-08-20T00:06:59.63,0.0003435,0.00032899,0.00031456,BTC-NEOS,264,2042,0.0003435,2017-11-07T15:15:59.61,22064.10000856
111,1.36e-05,26.95027345,1.325e-05,2014-04-04T22:00:00,1.419e-05,1.325e-05,1.196e-05,BTC-NLG,267,3304,1.228e-05,2017-11-07T15:16:18.86,2037026.25036697
112,0.00153974,15.64459245,0.00150502,2017-06-22T21:58:57.657,0.0016,0.00153981,0.00147258,BTC-NMR,152,4358,0.00149,2017-11-07T15:16:08.91,10264.35785901
113,2.726e-05,20.01260544,2.718e-05,2017-04-17T22:51:08.97,2.929e-05,2.718e-05,2.557e-05,BTC-NXC,105,3816,2.72e-05,2017-11-07T15:13:34.293,725249.61140441
114,0.00013652,24.24714434,0.0001363,2015-01-25T03:00:35.143,0.0001419,0.00013652,0.00012792,BTC-NXS,532,4199,0.00012799,2017-11-07T15:15:57.923,178816.09388385
115,8.13e-06,44.60719012,8.12e-06,2014-03-03T09:00:00,8.27e-06,8.13e-06,7.87e-06,BTC-NXT,349,8432,7.93e-06,2017-11-07T15:12:22.463,5503531.78233591
116,3.493e-05,142.70286217,3.471e-05,2015-05-30T19:26:37.523,3.749e-05,3.493e-05,3.451e-05,BTC-OK,968,10326,3.528e-05,2017-11-07T15:15:55.36,3999685.97995288
117,0.00089017,951.9655784,0.00089016,2017-07-16T17:07:42.313,0.00096103,0.00089,0.00086706,BTC-OMG,2303,17378,0.00087,2017-11-07T15:16:15.11,1035442.561293
118,0.00334786,12.61906809,0.00330214,2015-11-03T19:13:33.197,0.00335788,0.00334788,0.00296994,BTC-OMNI,300,2314,0.00297006,2017-11-07T15:16:18.783,3962.00388157
119,0.00120696,28.63742739,0.00119488,2017-07-20T18:19:07.157,0.00124999,0.001195,0.00111,BTC-PART,265,1899,0.00112481,2017-11-07T15:16:19.127,24183.96731141
120,0.00023172,240.6428241,0.00022915,2017-07-07T07:14:00.793,0.00024348,0.00023,0.00021661,BTC-PAY,982,14502,0.0002166,2017-11-07T15:16:17.41,1046313.66279719
121,1.75e-05,11.34004518,1.747e-05,2016-06-02T04:39:35.21,1.75e-05,1.746e-05,1.435e-05,BTC-PDC,187,2419,1.466e-05,2017-11-07T15:16:15.72,701963.38741808
122,3.27e-06,34.73191107,3.26e-06,2014-07-29T07:41:09.4,3.53e-06,3.27e-06,3e-06,BTC-PINK,252,2926,3.33e-06,2017-11-07T15:13:45.967,10463026.88928771
123,0.00040577,178.0639687,0.00040201,2016-03-02T20:45:37.987,0.00043595,0.00040201,0.000395,BTC-PIVX,908,6504,0.00043567,2017-11-07T15:16:16.91,434820.61976471
124,6.897e-05,26.76403245,6.722e-05,2015-06-03T06:31:14.35,7.864e-05,6.723e-05,6.65e-05,BTC-PKB,320,2562,7.001e-05,2017-11-07T15:16:18.02,374138.77851604
125,1.73e-05,1023.02811798,1.708e-05,2014-03-11T08:00:00,2.692e-05,1.71e-05,1.7e-05,BTC-POT,691,4148,2.482e-05,2017-11-07T15:16:18.423,46606338.60984972
126,0.00018985,5.29620945,0.00018757,2014-02-13T00:00:00,0.00019217,0.0001873,0.00018262,BTC-PPC,176,2793,0.00018401,2017-11-07T15:16:18.36,28326.7061888
127,4.7e-06,3.39877043,4.67e-06,2014-03-27T18:00:00,4.87e-06,4.7e-06,4.46e-06,BTC-PTC,219,2465,4.69e-06,2017-11-07T15:12:05.23,730230.16394829
128,2.157e-05,84.15740843,2.153e-05,2017-06-18T17:04:24.1,2.59e-05,2.157e-05,2.027e-05,BTC-PTOY,335,6653,2.045e-05,2017-11-07T15:16:04.61,3643516.16380384
129,8.481e-05,7.32196705,8.353e-05,2017-06-10T00:01:39.293,8.613e-05,8.35e-05,8.1e-05,BTC-QRL,331,3518,8.101e-05,2017-11-07T15:15:30.203,87805.19764878
130,0.0014935,746.64762858,0.00148625,2017-07-20T19:08:43.473,0.00155801,0.0014935,0.00142935,BTC-QTUM,866,11854,0.00145078,2017-11-07T15:16:17.283,500163.32117413
131,1.9e-05,37.59825783,1.898e-05,2017-03-05T19:30:16.853,2.135e-05,1.9e-05,1.898e-05,BTC-QWARK,250,5222,2.101e-05,2017-11-07T15:15:41.423,1862293.14214529
132,0.00045486,10.19109609,0.00045485,2016-01-26T23:22:16.193,0.00047099,0.00045486,0.00041861,BTC-RADS,124,2032,0.0004266,2017-11-07T15:16:13.66,23112.70028095
133,9.928e-05,10.69258504,9.821e-05,2014-04-05T08:00:00,0.00010556,9.928e-05,9.529e-05,BTC-RBY,1588,5792,9.614e-05,2017-11-07T15:16:00.207,106982.81913986
134,1.6e-07,60.90456116,1.5e-07,2014-02-25T09:00:00,1.6e-07,1.6e-07,1.4e-07,BTC-RDD,1264,18137,1.5e-07,2017-11-07T15:16:07.893,393829972.11407965
135,0.00246162,53.05817566,0.00243006,2016-10-04T15:45:37.14,0.00278,0.00246,0.00228094,BTC-REP,176,1853,0.00227789,2017-11-07T15:16:17.847,21183.79448698
136,3.585e-05,102.43091148,3.508e-05,2016-06-24T17:00:00.043,3.65e-05,3.585e-05,3.396e-05,BTC-RISE,524,5659,3.456e-05,2017-11-07T15:16:19.19,2917958.57269733
137,7.399e-05,15.36397862,7.364e-05,2017-04-27T00:20:33.857,7.861e-05,7.399e-05,7.3e-05,BTC-RLC,186,3580,7.586e-05,2017-11-07T15:16:13.643,203565.69790542
138,1.23e-06,138.05412416,1.22e-06,2016-02-13T22:14:21.14,1.43e-06,1.21e-06,1.14e-06,BTC-SAFEX,507,6408,1.14e-06,2017-11-07T15:16:12.16,108964996.4454091
139,0.00041397,380.42648142,0.00041302,2017-10-16T17:32:48.777,0.00044108,0.00041301,0.00037129,BTC-SALT,539,1964,0.0003785,2017-11-07T15:16:12.207,940505.70647998
140,0.00014199,7.95938124,0.0001405,2016-07-09T19:02:08.943,0.000143,0.0001405,0.00013206,BTC-SBD,114,1838,0.0001335,2017-11-07T15:14:49.763,57314.56252264
141,5.3e-07,127.04424852,5.2e-07,2017-05-22T21:30:29.16,5.4e-07,5.2e-07,4.8e-07,BTC-SC,1122,26987,4.8e-07,2017-11-07T15:16:12.063,244806453.9430521
142,1.777e-05,20.97787769,1.722e-05,2016-09-23T07:10:11.78,1.91e-05,1.721e-05,1.651e-05,BTC-SEQ,145,1719,1.69e-05,2017-11-07T15:16:14.877,1146857.80839883
143,0.0001425,8.43167253,0.00014105,2016-10-11T19:48:35.573,0.00015095,0.00014105,0.000135,BTC-SHIFT,146,2385,0.00014569,2017-11-07T15:05:58,59049.95104789
144,0.00015393,4.12974787,0.00015013,2017-02-18T22:34:49.373,0.000155,0.00015013,0.00014507,BTC-SIB,123,2418,0.00014695,2017-11-07T15:16:11.503,27403.29628582
145,4.825e-05,34.58220086,4.806e-05,2014-03-23T06:00:00,5.274e-05,4.825e-05,3.88e-05,BTC-SLR,277,1977,3.9e-05,2017-11-07T15:16:18.55,754846.47378969
146,0.00198236,10.88028246,0.00191204,2016-01-20T22:24:04.65,0.00204572,0.0019119,0.00171,BTC-SLS,187,1668,0.0017849,2017-11-07T15:16:17.94,5753.32101517
147,2.695e-05,455.73579753,2.675e-05,2016-10-02T22:16:04.773,3.653e-05,2.675e-05,2.113e-05,BTC-SNGLS,278,1965,2.199e-05,2017-11-07T15:16:17.55,15543875.98550539
148,0.00021999,16.85879958,0.0002194,2015-06-03T06:27:04.623,0.000237,0.00021999,0.000185,BTC-SNRG,230,1625,0.0001943,2017-11-07T15:16:19.44,83152.92576544
149,4.25e-06,95.11312387,4.21e-06,2017-06-28T18:26:15.73,4.33e-06,4.24e-06,4.08e-06,BTC-SNT,364,10241,4.17e-06,2017-11-07T15:16:16.8,22621073.55952638
150,0.00039002,6.61861116,0.00039,2015-05-18T22:45:47.093,0.00040013,0.0003915,0.00037988,BTC-SPHR,137,1306,0.00038211,2017-11-07T15:15:15.36,17000.48802794
151,4.467e-05,14.63441951,4.329e-05,2014-12-19T02:33:07.747,4.595e-05,4.303e-05,4.101e-05,BTC-SPR,256,3406,4.295e-05,2017-11-07T15:16:14.267,337565.12429389
152,6.24e-06,14.10886501,6.21e-06,2014-06-14T07:09:15.327,7.21e-06,6.27e-06,6.1e-06,BTC-START,346,5895,6.75e-06,2017-11-07T15:15:23.97,2148906.22188772
153,0.00012299,74.768997,0.00012298,2016-04-17T01:22:13.35,0.00013,0.00012298,0.00011906,BTC-STEEM,484,7651,0.00012099,2017-11-07T15:15:50.627,603139.88894809
154,7.285e-05,151.74846933,7.267e-05,2017-07-11T21:14:32.643,7.41e-05,7.267e-05,6.464e-05,BTC-STORJ,620,6692,6.505e-05,2017-11-07T15:16:10.83,2164930.06306704
155,0.00042476,335.3144217,0.00042241,2016-08-10T23:26:39.657,0.00044732,0.00042476,0.00041003,BTC-STRAT,1703,22229,0.00042001,2017-11-07T15:16:18.253,782990.93349377
156,0.00015548,51.19145587,0.00015443,2014-10-03T19:16:23.143,0.0001885,0.00015443,0.00014304,BTC-SWIFT,252,2001,0.00014587,2017-11-07T15:12:12.84,300544.15347278
157,0.00017446,6.53964152,0.00017415,2017-03-08T22:32:26.03,0.000179,0.00017415,0.00015394,BTC-SWT,117,1739,0.00017511,2017-11-07T15:11:23.713,38901.01591131
158,3.402e-05,38.11924698,3.355e-05,2016-08-25T21:23:15.27,3.709e-05,3.355e-05,3.253e-05,BTC-SYNX,184,2415,3.228e-05,2017-11-07T15:16:18.66,1109912.19057531
159,2.836e-05,158.69698868,2.835e-05,2014-08-16T19:57:48.823,2.892e-05,2.835e-05,2.732e-05,BTC-SYS,904,8209,2.732e-05,2017-11-07T15:16:17.563,5600920.74013215
160,2.33e-06,283.45680511,2.32e-06,2014-04-29T21:00:00,3.89e-06,2.33e-06,2.22e-06,BTC-THC,479,3987,3.7e-06,2017-11-07T15:16:05.767,95974733.67444985
161,0.00334542,2.88578213,0.00329715,2017-03-09T00:44:08.673,0.00336982,0.00334542,0.0032935,BTC-TIME,127,1584,0.00330242,2017-11-07T15:16:00.267,872.15357799
162,2.488e-05,26.78063592,2.43e-05,2017-10-25T21:01:08.287,2.739e-05,2.43e-05,2.413e-05,BTC-TIX,126,2276,2.489e-05,2017-11-07T15:16:12.33,1048873.86953378
163,0.0001495,24.26484356,0.000149,2017-05-08T17:09:34.91,0.00016,0.000149,0.00014546,BTC-TKN,176,3429,0.0001506,2017-11-07T15:15:43.597,160531.195525
164,0.00025897,28.06492864,0.00025043,2017-03-23T00:48:15.94,0.000285,0.00025927,0.00022098,BTC-TKS,165,1463,0.00022162,2017-11-07T15:16:14.393,110012.17591259
165,8.32e-05,129.04267452,8.288e-05,2016-09-08T05:59:08.183,8.909e-05,8.288e-05,7.803e-05,BTC-TRIG,458,8796,8.112e-05,2017-11-07T15:16:05.61,1534572.42767746
166,3.446e-05,18.73437655,3.404e-05,2017-04-19T04:53:43.893,3.68e-05,3.449e-05,3.328e-05,BTC-TRST,248,3744,3.375e-05,2017-11-07T15:16:17.893,533935.9470191
167,1.688e-05,33.598334,1.661e-05,2014-07-07T05:46:18.71,1.986e-05,1.689e-05,1.471e-05,BTC-TRUST,297,2088,1.566e-05,2017-11-07T15:16:08.893,1917078.42445904
168,0.00029232,30.66565189,0.0002886,2015-09-02T08:02:54.3,0.00030598,0.00029,0.0002851,BTC-TX,386,803,0.00029,2017-11-07T15:16:16.02,103988.25174718
169,0.0001602,34.51165726,0.00016,2017-02-08T17:00:59.02,0.000165,0.00016,0.00014731,BTC-UBQ,618,7575,0.00014731,2017-11-07T15:16:15.91,220327.60264942
170,3.878e-05,4.24695008,3.822e-05,2016-08-24T21:39:28.357,3.949e-05,3.878e-05,3.581e-05,BTC-UNB,146,1624,3.8e-05,2017-11-07T15:09:35.01,113034.33744877
171,0.00021115,58.98161456,0.00021,2014-07-18T00:20:00.393,0.00022,0.00020917,0.0002056,BTC-VIA,474,3261,0.00021084,2017-11-07T15:14:02.873,278975.01098113
172,5.71e-06,45.44556059,5.64e-06,2015-12-30T04:21:47.31,6.49e-06,5.64e-06,5.26e-06,BTC-VOX,266,5944,5.94e-06,2017-11-07T15:15:59.58,7775069.73949202
173,7.599e-05,108.85907781,7.551e-05,2014-05-13T07:00:00,8.7e-05,7.601e-05,7.044e-05,BTC-VRC,502,2550,8.142e-05,2017-11-07T15:16:18.91,1374747.48273171
174,0.0004341,7.82389905,0.0004254,2016-09-16T04:52:17.637,0.00044711,0.0004341,0.00040502,BTC-VRM,214,1508,0.00041502,2017-11-07T15:10:07.9,18289.5936927
175,0.000506,964.14751227,0.0005043,2014-02-13T00:00:00,0.00054695,0.000506,0.00047569,BTC-VTC,2788,8349,0.0005166,2017-11-07T15:16:19.707,1876360.07574877
176,2.995e-05,55.48819298,2.99e-05,2014-12-19T02:33:10.943,3.304e-05,2.995e-05,2.441e-05,BTC-VTR,251,1972,2.513e-05,2017-11-07T15:16:12.503,1919185.27328848
177,0.00051701,365.3662036,0.00051699,2016-06-19T15:46:31.167,0.0005321,0.00051699,0.00046,BTC-WAVES,1232,11415,0.00049969,2017-11-07T15:15:40.033,723038.03656392
178,5.237e-05,12.81154188,5.182e-05,2017-04-26T22:34:24.49,5.544e-05,5.236e-05,5.09e-05,BTC-WINGS,137,5105,5.202e-05,2017-11-07T15:14:43.483,240006.64923687
179,2.54e-05,4.56053736,2.502e-05,2016-09-25T00:15:16.103,2.54e-05,2.54e-05,2.426e-05,BTC-XAUR,81,1437,2.475e-05,2017-11-07T15:15:52.19,183423.18496247
180,0.00173419,35.68886025,0.00170752,2015-02-14T04:20:41,0.00185,0.00173522,0.00155331,BTC-XCP,420,3449,0.00157631,2017-11-07T15:16:16.707,20449.45875788
181,3.2e-07,12.25811411,3.1e-07,2014-06-21T18:37:57.64,3.3e-07,3.2e-07,3e-07,BTC-XDN,623,6592,3.2e-07,2017-11-07T15:15:45.237,38856609.66240759
182,3.9e-05,185.07563309,3.861e-05,2017-07-01T17:38:44.883,4.921e-05,3.898e-05,3.746e-05,BTC-XEL,343,7251,3.782e-05,2017-11-07T15:16:14.707,4336784.50604576
183,2.541e-05,241.21974907,2.54e-05,2015-04-10T21:06:00.043,2.689e-05,2.541e-05,2.393e-05,BTC-XEM,1056,11835,2.548e-05,2017-11-07T15:16:18.173,9477932.67935051
184,4.37e-06,1122.63646226,4.33e-06,2015-11-17T20:06:44.92,4.8e-06,4.33e-06,3.75e-06,BTC-XLM,1668,15576,3.79e-06,2017-11-07T15:15:51.19,259993465.34399414
185,3.257e-05,9.07826291,3.226e-05,2014-11-10T06:25:07.533,3.65e-05,3.258e-05,3.205e-05,BTC-XMG,305,2277,3.543e-05,2017-11-07T15:16:10.86,262547.19387677
186,0.01373138,1027.01362515,0.013594,2014-06-04T07:38:39.24,0.014997,0.01372453,0.01284822,BTC-XMR,1462,7136,0.01291947,2017-11-07T15:16:18.52,73957.57460706
187,4.1e-07,22.7802628,4e-07,2014-03-15T08:00:00,4.5e-07,4e-07,3.7e-07,BTC-XMY,440,4811,3.7e-07,2017-11-07T15:15:51.83,55556261.46553636
188,2.889e-05,969.47420306,2.885e-05,2014-12-22T19:30:27.45,2.931e-05,2.885e-05,2.773e-05,BTC-XRP,2388,26572,2.788e-05,2017-11-07T15:16:10.283,33979032.2755776
189,2.346e-05,17.11356232,2.286e-05,2014-07-09T20:33:00.59,2.535e-05,2.342e-05,2.171e-05,BTC-XST,213,1343,2.247e-05,2017-11-07T15:16:09.66,723772.66394946
190,0.0001275,434.6387156,0.00012705,2016-03-12T19:37:38.863,0.00018694,0.00012705,0.00012693,BTC-XVC,730,3024,0.00017805,2017-11-07T15:15:56.313,2778384.89144316
191,1.06e-06,2189.866505,1.05e-06,2016-02-17T22:42:03.61,1.31e-06,1.05e-06,9.5e-07,BTC-XVG,3308,16239,1.3e-06,2017-11-07T15:16:16.61,1963662146.3229654
192,7.11e-06,33.50935151,7e-06,2014-04-14T00:00:00,8e-06,7.11e-06,6.71e-06,BTC-XWC,488,1440,7.75e-06,2017-11-07T15:16:14.707,4412024.85876926
193,0.00210845,118.20968362,0.00208603,2016-10-20T04:48:30.387,0.00228,0.00208592,0.002054,BTC-XZC,908,3643,0.00207211,2017-11-07T15:16:17.52,54610.22184995
194,0.00025179,18.53199931,0.00024853,2016-11-15T20:29:59.73,0.000255,0.00024826,0.00023303,BTC-ZCL,218,5200,0.00023798,2017-11-07T15:16:17.237,76134.69169319
195,0.033,320.01239066,0.03293454,2016-10-28T17:13:10.833,0.03382818,0.03293125,0.03127082,BTC-ZEC,946,11390,0.03159598,2017-11-07T15:16:02.11,9825.21936177
196,0.00291528,155.49334132,0.00289359,2017-06-05T16:39:49.07,0.0031,0.00289359,0.002819,BTC-ZEN,1686,4450,0.00291105,2017-11-07T15:15:45.83,53035.24024001
197,0.00123661,476.57159003,0.00119995,2017-06-11T17:33:06.127,0.00172,0.00119994,0.00103153,ETH-1ST,108,337,0.00108472,2017-11-07T15:16:19.69,350106.93833102
198,6.655e-05,78.02365392,6.526e-05,2017-07-03T21:08:06.22,7.34e-05,6.501e-05,6.31e-05,ETH-ADT,72,536,6.447e-05,2017-11-07T15:13:50.373,1166928.05880582
199,0.00304396,620.90500405,0.00303584,2017-07-11T22:42:17.78,0.0033389,0.00304396,0.00289343,ETH-ADX,184,574,0.00291778,2017-11-07T15:16:07.91,198573.73586591
200,0.0038236,246.89164869,0.00376002,2017-05-19T15:55:11.293,0.00399598,0.00387865,0.00330006,ETH-ANT,86,411,0.00399666,2017-11-07T15:15:58.11,68201.02243217
201,0.00048699,157.51757468,0.00048188,2017-06-03T22:04:52.38,0.000487,0.00048698,0.00046003,ETH-BAT,183,1081,0.0004655,2017-11-07T15:16:12.063,332561.48591177
202,2.06999871,2947.91749711,2.049494,2017-08-01T18:34:04.763,2.1878999,2.0498517,1.96000003,ETH-BCC,436,449,2.165,2017-11-07T15:16:16.97,1449.35098722
203,0.00640899,105.54652462,0.00629456,2017-06-22T21:36:30.867,0.00640899,0.00640763,0.00621213,ETH-BNT,69,411,0.00624048,2017-11-07T15:16:18.16,16850.66253048
204,0.0,26.34440146,0.0,2017-08-04T18:01:27.853,0.00017062,0.00015172,0.00013,ETH-BTS,74,212,0.00014932,2017-11-05T04:03:45.967,175120.1443082
205,0.00031239,165.05902264,0.00030589,2017-06-19T19:59:14.89,0.00037576,0.00030588,0.00029,ETH-CFI,103,434,0.00030476,2017-11-07T15:16:07.8,503569.08461426
206,0.00127919,172.90252109,0.00120297,2017-06-13T19:40:35.217,0.00164498,0.0013,0.0010229,ETH-CRB,57,175,0.00104351,2017-11-07T15:16:19.753,128246.23107182
207,0.00099429,391.09836407,0.0009805,2017-07-16T23:04:18.99,0.00099398,0.0009805,0.00092,ETH-CVC,186,1020,0.000951,2017-11-07T15:16:13.69,405282.43835333
208,0.98926412,395.34251521,0.974,2017-07-14T17:10:05.143,0.99999999,0.97958872,0.909009,ETH-DASH,133,224,0.91999959,2017-11-07T15:16:18.563,412.02752077
209,2.943e-05,130.70812707,2.886e-05,2017-08-04T18:01:27.777,2.952e-05,2.896e-05,2.754e-05,ETH-DGB,77,596,2.831e-05,2017-11-07T15:16:17.597,4512331.04280851
210,0.22699182,11.04515306,0.21000331,2016-06-17T18:51:39.087,0.22699978,0.22699928,0.20593881,ETH-DGD,67,191,0.20925303,2017-11-07T15:16:19.563,52.10772773
211,0.00013503,89.32676435,0.000134,2017-08-04T02:09:02.887,0.0001463,0.000131,0.00012835,ETH-DNT,61,379,0.00013647,2017-11-07T15:15:11.597,658276.37350172
212,0.04665904,885.21412454,0.046659,2016-07-28T21:45:59.05,0.04903002,0.04665904,0.04615162,ETH-ETC,202,1024,0.04840832,2017-11-07T15:15:53.877,18639.80078999
213,0.05687762,168.68716262,0.05571165,2017-08-04T18:01:27.853,0.05976,0.05535739,0.04755237,ETH-FCT,74,174,0.04781535,2017-11-07T15:16:17.783,3174.57983461
214,5.313e-05,137.18506082,5.241e-05,2017-07-04T18:45:47.143,5.443e-05,5.313e-05,4.7e-05,ETH-FUN,102,835,5.103e-05,2017-11-07T15:16:05.237,2647614.81902042
215,0.20844448,4.88571367,0.20491111,2017-04-30T18:42:52.17,0.2112,0.20846403,0.19999938,ETH-GNO,65,263,0.21086854,2017-11-07T15:13:48.153,23.95994987
216,0.00066463,593.78976304,0.00065214,2017-04-20T06:38:51.877,0.00066222,0.00066222,0.00061599,ETH-GNT,213,1419,0.000642,2017-11-07T15:16:18.563,932995.31178734
217,0.00053329,258.14747016,0.0005256,2017-04-30T18:40:42.213,0.000634,0.00053329,0.0004512,ETH-GUP,68,221,0.00046826,2017-11-07T15:16:04.61,511895.70259363
218,0.00030698,77.19371859,0.00029473,2017-05-10T07:27:27.597,0.00033111,0.00029808,0.00028302,ETH-HMQ,63,294,0.00029449,2017-11-07T15:16:19.207,255406.95542879
219,0.0030973,187.79931529,0.00302112,2017-06-17T15:02:02.783,0.00356244,0.0030973,0.00276021,ETH-LGD,78,327,0.00334832,2017-11-07T15:16:17.783,61553.73257947
220,0.199,1025.39916387,0.19860008,2017-06-25T03:06:46.83,0.19998348,0.19859998,0.18100002,ETH-LTC,306,530,0.18519999,2017-11-07T15:16:12.08,5398.8167807
221,0.01715159,55.40151541,0.01681099,2017-04-30T18:41:22.84,0.01715166,0.01715166,0.01580807,ETH-LUN,62,283,0.01591477,2017-11-07T15:16:10.313,3395.07812865
222,4.397e-05,40.50933897,4.3e-05,2017-10-13T23:32:03.027,4.525e-05,4.3e-05,3.867e-05,ETH-MANA,70,224,3.803e-05,2017-11-07T14:58:21.4,973660.73303155
223,0.01989039,364.06759672,0.01968517,2017-07-02T00:37:17.05,0.02049996,0.01989039,0.019,ETH-MCO,184,1033,0.01932001,2017-11-07T15:16:14.44,18587.43989409
224,0.01714183,141.44438588,0.01683115,2017-07-08T14:59:57.37,0.01799422,0.01713404,0.0160001,ETH-MTL,120,529,0.01632,2017-11-07T15:16:18.8,8382.23701694
225,0.00208112,3.35049134,0.00206051,2017-06-19T19:13:43.743,0.0021976,0.00206051,0.0020101,ETH-MYST,45,375,0.00219137,2017-11-07T15:10:14.993,1627.20707905
226,0.09072582,1606.92216165,0.08958734,2017-07-21T01:08:49.397,0.09072582,0.09072582,0.0862,ETH-NEO,925,1717,0.088,2017-11-07T15:16:14.423,18249.59037396
227,0.03731945,16.31842137,0.03728574,2017-06-22T21:58:57.657,0.04,0.04,0.03435706,ETH-NMR,99,423,0.03655436,2017-11-07T15:16:06.33,449.66531726
228,0.02176671,1810.13452911,0.02160343,2017-07-16T17:07:42.41,0.0225,0.02176673,0.02085,ETH-OMG,550,2132,0.02126162,2017-11-07T15:14:44.7,83351.62373564
229,0.00559988,705.89651315,0.00550821,2017-07-07T07:14:00.873,0.00575931,0.00559986,0.00520201,ETH-PAY,305,1680,0.00526,2017-11-07T15:16:19.207,129974.39719292
230,0.0005361,194.22043484,0.00052271,2017-06-18T17:04:24.147,0.00061394,0.00053001,0.00048652,ETH-PTOY,78,532,0.00052192,2017-11-07T15:16:19.313,355850.77772362
231,0.00205985,9.96053414,0.00199825,2017-06-11T17:33:06.14,0.00201927,0.002,0.00190001,ETH-QRL,90,197,0.00204259,2017-11-07T15:16:04.61,5026.68231775
232,0.03649913,1283.39261801,0.03585799,2017-07-20T19:08:43.473,0.03736976,0.03585556,0.034,ETH-QTUM,361,1018,0.03500329,2017-11-07T15:16:18.08,35713.46254019
233,0.06093177,153.57590953,0.05875277,2017-04-20T06:43:49.19,0.06869237,0.0609572,0.05519379,ETH-REP,99,177,0.05662639,2017-11-07T15:16:19.61,2622.79959357
234,0.00182757,29.574392,0.001775,2017-04-30T18:41:22.823,0.00186341,0.00177126,0.00175,ETH-RLC,64,283,0.0018589,2017-11-07T15:16:01.783,16228.24989297
235,0.01,969.09573243,0.00999153,2017-10-16T17:32:48.84,0.01042752,0.01,0.00900744,ETH-SALT,99,195,0.00933427,2017-11-07T15:16:19.313,100402.71764685
236,1.275e-05,145.54730336,1.261e-05,2017-07-14T17:10:07.74,1.285e-05,1.273e-05,1.149e-05,ETH-SC,143,1167,1.184e-05,2017-11-07T15:15:51.503,11933885.11579575
237,0.00065708,1299.68433764,0.00062979,2017-04-30T18:41:22.853,0.00086196,0.00065,0.000504,ETH-SNGLS,185,198,0.000514,2017-11-07T15:16:19.61,1911573.35270471
238,0.00010298,267.17826114,0.00010079,2017-06-28T18:26:15.747,0.00010317,0.00010298,9.702e-05,ETH-SNT,175,1041,0.00010192,2017-11-07T15:16:13.44,2659823.39694407
239,0.00177,124.97937937,0.00174576,2017-07-11T21:14:32.643,0.00178,0.00177,0.00155,ETH-STORJ,128,444,0.00162,2017-11-07T15:16:17.643,76536.72712531
240,0.01035604,246.31424102,0.01013822,2017-08-04T18:01:27.713,0.01047204,0.01035604,0.00985906,ETH-STRAT,232,1175,0.01032573,2017-11-07T15:16:18.597,24329.9923403
241,0.08213298,6.09313182,0.07877574,2017-06-23T18:01:03.323,0.07838918,0.07838918,0.0766623,ETH-TIME,70,135,0.07834608,2017-11-07T15:16:15.72,77.88982641
242,0.000605,51.05298749,0.00058541,2017-10-25T21:01:08.287,0.000635,0.000605,0.00058002,ETH-TIX,36,313,0.00061193,2017-11-07T15:16:14.377,83583.53388777
243,0.00364992,39.23753675,0.00357632,2017-05-09T04:43:46.723,0.00383058,0.00364992,0.00335111,ETH-TKN,66,491,0.0038783,2017-11-07T15:16:17.08,10882.91084872
244,0.00083715,67.60890636,0.00081266,2017-05-19T15:55:11.28,0.000882,0.000815,0.000802,ETH-TRST,77,209,0.00083,2017-11-07T15:12:21.293,81173.62610005
245,0.01279939,274.08404766,0.01247531,2017-08-04T18:00:50.15,0.01280005,0.01240318,0.0111,ETH-WAVES,184,451,0.01215432,2017-11-07T15:16:19.347,22896.31617567
246,0.00126516,68.96869966,0.001252,2017-04-26T22:16:06.627,0.00129513,0.00126516,0.00123944,ETH-WINGS,47,319,0.00129125,2017-11-07T15:08:45.1,54656.99568928
247,0.00062528,576.880766,0.00061561,2017-07-21T01:08:49.38,0.00063419,0.00062528,0.00057261,ETH-XEM,141,552,0.00061745,2017-11-07T15:16:18.597,943241.81557972
248,0.00010772,731.03716754,0.0001057,2017-07-21T01:08:49.38,0.00011195,0.0001057,9e-05,ETH-XLM,231,425,9.212e-05,2017-11-07T15:16:15.41,7009022.76347064
249,0.33387613,913.821861,0.332,2017-07-21T01:08:49.367,0.34985,0.332,0.30656796,ETH-XMR,152,268,0.30605012,2017-11-07T15:12:05.87,2761.36919965
250,0.000705,742.38559156,0.00069935,2017-06-25T03:07:09.677,0.000705,0.000705,0.000666,ETH-XRP,459,839,0.000678,2017-11-07T15:16:18.11,1087975.20188211
251,0.805,489.24996608,0.7993,2017-07-14T17:10:07.8,0.807,0.805,0.75149496,ETH-ZEC,266,527,0.75939371,2017-11-07T15:15:51.253,628.53725691
252,594.99999975,4928845.33029979,592.0,2017-08-01T18:34:04.873,648.99999805,591.01500139,585.012,USDT-BCC,1268,2113,647.57959914,2017-11-07T15:16:05.347,8142.23496994
253,7002.0,42017244.88342446,6983.49000001,2015-12-11T06:31:40.633,7282.66196574,7000.0,6923.0,USDT-BTC,9567,4004,7238.07496966,2017-11-07T15:16:19.237,5946.58998795
254,282.88888879,1036638.17441248,280.10000058,2017-07-21T01:08:49.413,301.61904399,282.8888888,272.1632695,USDT-DASH,418,1047,274.99999999,2017-11-07T15:16:19.44,3609.998519
255,13.43899999,2638347.59572611,13.4,2017-07-14T17:10:10.72,14.72,13.4,13.20000001,USDT-ETC,574,2173,14.39,2017-11-07T15:16:13.033,187541.94888709
256,289.03152075,4698170.86827714,288.5,2017-04-20T17:26:37.647,304.04122641,288.5,285.00000001,USDT-ETH,1709,4288,298.5,2017-11-07T15:16:18.55,15902.02333509
257,57.0,1762322.1293316,56.75610516,2017-07-14T17:10:10.72,58.68,56.89,54.28713508,USDT-LTC,930,2487,55.5,2017-11-07T15:16:19.19,31234.72256798
258,26.10702496,1391864.80901112,26.1,2017-08-04T16:58:43.087,26.5799999,26.1,25.5,USDT-NEO,1317,5024,26.30797101,2017-11-07T15:16:14.893,53317.96632649
259,6.27847944,987391.87637158,6.2500002,2017-09-15T23:49:44.83,6.6999,6.2500002,6.2,USDT-OMG,923,4774,6.34,2017-11-07T15:16:19.627,152042.64675169
260,95.3000002,2198398.37840724,95.3,2017-07-21T01:08:49.397,104.5,95.3000002,92.12069145,USDT-XMR,494,898,93.13,2017-11-07T15:15:26.157,22325.35417043
261,0.2024882,628672.17630599,0.202,2017-07-14T17:10:10.737,0.206,0.202,0.19934411,USDT-XRP,1149,4262,0.20318533,2017-11-07T15:16:10.563,3103615.58146205
262,231.999999,457924.07914009,230.7,2017-07-14T17:10:10.673,235.99999955,230.7,226.0,USDT-ZEC,730,2852,227.0,2017-11-07T15:13:46.09,1981.56693903
263,2.13e-05,1670.75247098,2.121e-05,2017-11-07T07:59:10.913,0.0002001,2.13e-05,1.7e-05,BTC-RCN,620,2130,0.0002,2017-11-07T15:16:19.173,75802754.41877413
264,0.0005198,2873.11478087,0.00051069,2017-11-07T07:59:10.93,0.00089,0.00051178,0.00025124,ETH-RCN,124,232,0.00089,2017-11-07T15:16:15.597,5469748.00195111
