,Ask,BaseVolume,Bid,Created,High,Last,Low,MarketName,OpenBuyOrders,OpenSellOrders,PrevDay,TimeStamp,Volume
0,4.94e-05,572.63114196,4.932e-05,2017-06-06T01:22:35.727,7.245e-05,4.932e-05,4.451e-05,BTC-1ST,279,5798,4.495e-05,2017-11-07T15:10:15.103,9882602.06482996
1,8.6e-07,26.54768562,8.5e-07,2016-05-16T06:44:15.287,9.9e-07,8.6e-07,7.9e-07,BTC-2GIVE,322,2263,8.5e-07,2017-11-07T15:08:23.46,30212816.9941954
2,8.5e-07,17.30060813,8.4e-07,2014-10-31T01:43:25.743,9.9e-07,8.4e-07,8e-07,BTC-ABY,268,4897,8.3e-07,2017-11-07T15:09:48.727,19641915.13450994
3,3.12e-06,583.50434159,3.11e-06,2017-09-29T07:01:58.873,3.35e-06,3.12e-06,2.94e-06,BTC-ADA,1583,9238,2.99e-06,2017-11-07T15:10:03.01,185459236.37221208
4,2.72e-06,22.91115025,2.67e-06,2017-07-03T21:08:06.11,2.99e-06,2.72e-06,2.61e-06,BTC-ADT,159,3151,2.65e-06,2017-11-07T15:09:25.383,8179966.45513595
5,0.0001261,536.50714501,0.00012558,2017-07-11T22:42:17.78,0.0001429,0.0001261,0.00011994,BTC-ADX,700,8811,0.00012012,2017-11-07T15:10:10.48,4077466.14259181
6,0.000215,16.00516809,0.00021322,2015-07-31T00:50:47.11,0.00021999,0.00021322,0.00019103,BTC-AEON,254,2144,0.00020235,2017-11-07T15:07:44.35,76555.60604336
7,5.031e-05,2.89637357,4.954e-05,2015-11-10T00:53:59.643,5.117e-05,4.953e-05,4.74e-05,BTC-AGRS,201,2517,4.695e-05,2017-11-07T15:10:11.777,58709.78031104
8,2.1e-05,22.75083918,2.041e-05,2015-11-03T19:13:55.18,2.176e-05,2.07e-05,1.951e-05,BTC-AMP,156,5690,2.055e-05,2017-11-07T15:10:14.947,1095200.6825721
9,0.0001565,49.14259439,0.00015417,2017-05-17T19:54:30.143,0.00016761,0.00015619,0.00014116,BTC-ANT,198,4288,0.00016259,2017-11-07T15:10:11.87,323649.40220013
10,0.00076755,2.95461388,0.00074634,2017-05-02T06:26:32.897,0.00076874,0.00074634,0.000725,BTC-APX,189,1878,0.00075148,2017-11-07T15:10:09.417,3945.7983662
11,2.826e-05,43.48496107,2.815e-05,2016-10-13T18:59:37.407,2.905e-05,2.826e-05,2.68e-05,BTC-ARDR,467,4268,2.679e-05,2017-11-07T15:08:26.04,1540870.81483418
12,0.000359,287.98385474,0.00035872,2017-03-21T18:11:29.347,0.000378,0.000359,0.00033723,BTC-ARK,2133,9713,0.00034237,2017-11-07T15:10:05.667,798648.31973145
13,8.51e-05,2.00181213,8.504e-05,2014-03-16T22:00:00,8.777e-05,8.51e-05,8.5e-05,BTC-AUR,105,1587,8.711e-05,2017-11-07T15:09:56.87,23304.41185813
14,1.997e-05,99.48986229,1.984e-05,2017-06-03T22:04:53.82,2.05e-05,1.997e-05,1.91e-05,BTC-BAT,663,12936,1.922e-05,2017-11-07T15:10:11.4,4989004.21323301
15,3.98e-06,119.14263711,3.88e-06,2014-11-18T17:34:21.083,4.89e-06,3.86e-06,3.11e-06,BTC-BAY,281,3919,3.28e-06,2017-11-07T15:10:10.43,28874573.50568671
16,0.08499979,2084.79297829,0.08465001,2017-08-01T18:34:04.967,0.08999999,0.0849997,0.083959,BTC-BCC,3236,12058,0.0879,2017-11-07T15:10:15.463,24260.83034421
17,4.502e-05,11.43065194,4.493e-05,2015-09-10T05:28:20.787,4.799e-05,4.502e-05,4.145e-05,BTC-BCY,125,2898,4.2e-05,2017-11-07T15:09:54.743,258211.35122958
18,3.9e-07,8.86980642,3.8e-07,2015-02-15T23:07:32.777,3.9e-07,3.9e-07,3.6e-07,BTC-BITB,516,5118,3.6e-07,2017-11-07T15:07:54.007,23463871.11886619
19,0.00012231,5.7728954,0.00012007,2014-11-13T20:20:21.443,0.00012586,0.00012001,0.00011603,BTC-BLITZ,143,2610,0.00011955,2017-11-07T15:10:11.447,47842.76875828
20,3.001e-05,20.92560914,2.999e-05,2014-03-14T09:00:00,3.285e-05,3.001e-05,2.916e-05,BTC-BLK,191,4612,3.021e-05,2017-11-07T15:10:00.21,672771.12680615
21,0.00293372,27.56903556,0.00287002,2014-10-29T06:45:03.97,0.00299999,0.00293504,0.00246868,BTC-BLOCK,264,1526,0.00247433,2017-11-07T15:10:13.277,9870.99949726
22,0.00026171,10.66383365,0.00026083,2017-06-22T21:36:30.85,0.00027499,0.00026083,0.00025388,BTC-BNT,138,3314,0.000259,2017-11-07T14:59:23.62,40401.9697731
23,2.095e-05,4.16439294,2.058e-05,2016-06-13T02:27:33.34,2.252e-05,2.095e-05,2.026e-05,BTC-BRK,126,2200,2.055e-05,2017-11-07T15:02:52.22,194299.64893162
24,6.962e-05,17.02106895,6.874e-05,2016-07-10T21:25:05.127,7.207e-05,6.962e-05,6.251e-05,BTC-BRX,140,2033,7.185e-05,2017-11-07T15:09:35.617,252987.19334295
25,8.214e-05,7.64701756,8.146e-05,2016-02-17T00:54:23.677,8.6e-05,8.214e-05,8.078e-05,BTC-BSD,188,2037,8.49e-05,2017-11-07T15:10:14.04,91431.98719023
26,0.01761969,8.25750217,0.0175,2014-07-14T06:05:04.567,0.01790817,0.01761969,0.01593002,BTC-BTCD,167,711,0.01784949,2017-11-07T15:08:30.15,480.7676977
27,0.0,63.85828478,0.0,2014-11-24T08:18:16.53,9.98e-06,8.86e-06,8.44e-06,BTC-BTS,229,4558,8.63e-06,2017-11-05T04:00:22.963,6871090.19001538
28,8.4e-07,13.9373481,8.3e-07,2014-09-16T07:41:56.047,8.8e-07,8.3e-07,7.5e-07,BTC-BURST,313,6354,8.1e-07,2017-11-07T15:09:46.057,17182918.0229134
29,0.000164,107.8298484,0.00016301,2014-11-03T19:02:45.96,0.00016843,0.00016301,7.455e-05,BTC-BYC,332,952,7.6e-05,2017-11-07T15:10:15.54,874855.00557649
30,3.7e-06,24.65560966,3.68e-06,2014-08-10T06:48:44.83,4.49e-06,3.68e-06,3.58e-06,BTC-CANN,254,6245,3.9e-06,2017-11-07T15:05:05.877,6129037.0112006
31,1.279e-05,103.3111557,1.264e-05,2017-06-19T19:59:14.78,1.589e-05,1.278e-05,1.204e-05,BTC-CFI,244,5375,1.278e-05,2017-11-07T15:07:46.93,7363081.99698353
32,0.00068974,7.3175222,0.0006806,2015-04-18T22:04:25.183,0.00072071,0.00068026,0.00064184,BTC-CLAM,238,1468,0.00066841,2017-11-07T15:10:15.12,10616.6673005
33,0.00069499,19.52912154,0.00068316,2014-06-04T08:53:18.563,0.0007666,0.00068299,0.00060111,BTC-CLOAK,316,2869,0.00066596,2017-11-07T15:10:15.213,28737.47988272
34,0.00021621,63.43113424,0.00021401,2015-12-18T00:30:10.31,0.00021878,0.000217,0.0001996,BTC-CLUB,403,1825,0.00020459,2017-11-07T15:04:31.313,302963.81986991
35,6.9e-07,11.17278711,6.8e-07,2015-01-22T19:11:45.903,7.1e-07,6.9e-07,6.4e-07,BTC-COVAL,301,4722,6.7e-07,2017-11-07T15:02:35.657,16365683.16323584
36,5.09e-05,19.23525045,5.006e-05,2015-07-25T06:30:32.53,6.187e-05,5.098e-05,5.004e-05,BTC-CPC,101,2768,5.71e-05,2017-11-07T15:10:15.103,342701.80134447
37,5.019e-05,231.51658585,4.923e-05,2017-06-13T19:40:35.203,6.999e-05,4.907e-05,4.328e-05,BTC-CRB,118,2974,4.252e-05,2017-11-07T15:10:03.103,3827636.75728218
38,0.0001955,12.7233938,0.00019437,2017-03-06T21:10:15.663,0.00020351,0.00019437,0.0001883,BTC-CRW,188,1712,0.0002063,2017-11-07T15:09:44.01,65099.87537093
39,4.495e-05,87.84560294,4.393e-05,2014-05-13T09:00:00,6.146e-05,4.499e-05,4.23e-05,BTC-CURE,323,2201,5.62e-05,2017-11-07T15:10:15.04,1660285.19909868
40,4.046e-05,139.90526203,4.034e-05,2017-07-16T23:04:18.867,4.18e-05,4.03e-05,3.913e-05,BTC-CVC,858,12013,3.921e-05,2017-11-07T15:09:09.867,3454389.98504913
41,0.0403,505.75746854,0.04025022,2014-03-11T08:00:00,0.0421155,0.04025013,0.03784754,BTC-DASH,1135,6031,0.03784754,2017-11-07T15:10:15.573,12589.16039878
42,0.00400999,49.55477429,0.004,2016-02-09T21:06:51.577,0.0042,0.004,0.00379999,BTC-DCR,521,4644,0.00384014,2017-11-07T15:09:52.807,12266.38504687
43,6.015e-05,11.79924337,5.97e-05,2017-06-30T16:35:24.643,6.298e-05,6.015e-05,5.7e-05,BTC-DCT,161,4816,5.869e-05,2017-11-07T15:09:19.273,197579.76080254
44,1.2e-06,238.19757516,1.19e-06,2014-08-20T07:09:57.207,1.27e-06,1.2e-06,1.15e-06,BTC-DGB,971,25420,1.16e-06,2017-11-07T15:08:48.587,197077027.95538282
45,0.0089802,5.60215116,0.00859238,2016-06-14T16:25:12.063,0.00916,0.0089802,0.00856101,BTC-DGD,126,1099,0.00879497,2017-11-07T15:10:15.417,627.86961388
46,0.00128277,40.23646658,0.00126802,2015-05-01T17:31:24.97,0.00144435,0.00128278,0.00089003,BTC-DMD,347,1692,0.00092,2017-11-07T15:10:08.51,35264.84706918
47,5.52e-06,28.82723896,5.41e-06,2017-08-04T02:09:02.873,5.95e-06,5.57e-06,5.28e-06,BTC-DNT,149,1962,5.53e-06,2017-11-07T15:10:14.84,5080623.08610925
48,1.7e-07,30.14475863,1.6e-07,2014-02-13T00:00:00,1.7e-07,1.7e-07,1.5e-07,BTC-DOGE,1640,18030,1.6e-07,2017-11-07T15:08:50.993,183759621.76639414
49,2.94e-06,33.46722226,2.93e-06,2014-10-17T19:09:32.6,3.88e-06,2.94e-06,2.83e-06,BTC-DOPE,283,3390,3.38e-06,2017-11-07T15:07:12.707,10383639.06187602
50,6.08e-05,7.04675075,5.926e-05,2017-04-01T04:06:13.887,6.366e-05,5.921e-05,5.302e-05,BTC-DTB,150,3067,5.712e-05,2017-11-07T15:07:15.317,122588.18236839
51,0.000433,1.65457406,0.00042526,2017-03-23T00:10:19.403,0.0004499,0.00042526,0.000418,BTC-DYN,155,922,0.00041897,2017-11-07T15:01:00.967,3835.54170511
52,1.491e-05,7.3671907,1.467e-05,2016-09-15T15:47:38.92,1.541e-05,1.468e-05,1.425e-05,BTC-EBST,152,4421,1.47e-05,2017-11-07T15:10:14.01,495441.12227417
53,7.793e-05,39.5604449,7.688e-05,2017-04-18T00:56:59.243,7.799e-05,7.7e-05,7.153e-05,BTC-EDG,322,6208,7.355e-05,2017-11-07T15:10:15.43,527844.11668247
54,1.725e-05,1.54838144,1.704e-05,2014-03-20T20:00:00,1.75e-05,1.723e-05,1.621e-05,BTC-EFL,129,1581,1.621e-05,2017-11-07T15:03:46.483,92532.7969353
55,3.169e-05,4.13220253,3.162e-05,2016-01-18T21:01:43.837,3.2e-05,3.17e-05,2.991e-05,BTC-EGC,258,2896,3.138e-05,2017-11-07T15:10:10.743,133661.23834447
56,8.798e-05,71.74210484,8.758e-05,2016-01-06T05:28:04.553,0.00010274,8.758e-05,8.307e-05,BTC-EMC,252,3102,8.561e-05,2017-11-07T15:10:12.18,774446.16137169
57,9.04e-06,113.50677035,8.97e-06,2014-12-24T00:00:00,9.83e-06,8.97e-06,8.28e-06,BTC-EMC2,342,7070,8.53e-06,2017-11-07T15:10:12.197,12689076.31116989
58,1.772e-05,29.64433146,1.742e-05,2014-05-04T00:00:00,2.025e-05,1.772e-05,1.477e-05,BTC-ENRG,252,2282,1.516e-05,2017-11-07T15:09:19.68,1674107.27997315
59,7.529e-05,156.45451384,7.42e-05,2014-05-10T17:00:00,0.0001125,7.523e-05,6.074e-05,BTC-ERC,196,1933,5.965e-05,2017-11-07T15:10:11.09,1790477.90122375
60,0.00193253,572.33078925,0.00193051,2016-07-26T18:10:22.82,0.00206832,0.00193051,0.0019201,BTC-ETC,1087,8241,0.00201,2017-11-07T15:10:03.51,286378.92640089
61,0.04121,2883.17358017,0.04120004,2015-08-14T09:02:24.817,0.04340655,0.04121,0.04021202,BTC-ETH,3837,20007,0.04119,2017-11-07T15:10:15.027,68576.03393283
62,0.00017249,7.38692354,0.00017025,2014-09-28T20:33:27.633,0.00019988,0.00017025,0.00016702,BTC-EXCL,204,1515,0.00019246,2017-11-07T15:09:58.307,40975.50845041
63,0.00025412,45.67341341,0.00025,2015-09-16T17:10:15.253,0.00029499,0.0002543,0.00024083,BTC-EXP,186,4162,0.00024589,2017-11-07T15:10:13.9,172941.62261878
64,0.00011999,1.65802989,0.00011802,2014-12-12T19:51:07.703,0.000124,0.000118,0.00011504,BTC-FAIR,241,929,0.0001229,2017-11-07T15:06:55.27,13638.26753617
65,0.0023211,196.18314517,0.00230566,2016-01-09T03:47:07.803,0.00246935,0.00230566,0.002,BTC-FCT,541,3912,0.00200163,2017-11-07T15:10:10.493,87439.32309677
66,1.48e-06,13.02496761,1.47e-06,2015-02-23T23:01:53.92,1.57e-06,1.48e-06,1.44e-06,BTC-FLDC,291,3725,1.47e-06,2017-11-07T15:09:36.243,8672309.5297423
67,1.231e-05,14.58096382,1.208e-05,2015-03-11T05:43:30.193,1.272e-05,1.208e-05,1.052e-05,BTC-FLO,186,2387,1.056e-05,2017-11-07T15:10:11.493,1265524.64279698
68,1.664e-05,142.41673547,1.655e-05,2014-02-13T00:00:00,1.702e-05,1.664e-05,1.345e-05,BTC-FTC,952,5261,1.665e-05,2017-11-07T15:10:11.43,9100811.86055522
69,2.24e-06,108.44096429,2.2e-06,2017-07-04T18:45:47.13,2.3e-06,2.24e-06,1.96e-06,BTC-FUN,283,6174,2.12e-06,2017-11-07T15:09:31.853,49633864.4549602
70,0.00101888,1.40669728,0.00099623,2015-05-05T22:38:44.963,0.0010189,0.00101889,0.00093348,BTC-GAM,109,829,0.00095202,2017-11-07T15:10:13.51,1424.49595034
71,0.000235,67.44692221,0.00023454,2015-04-08T04:09:53.013,0.00024778,0.00023454,0.00022714,BTC-GAME,251,5381,0.000231,2017-11-07T15:09:55.68,286020.14694956
72,1.539e-05,22.08943131,1.52e-05,2017-02-12T00:38:21.023,1.7e-05,1.52e-05,1.44e-05,BTC-GBG,167,2926,1.442e-05,2017-11-07T15:09:54.43,1384056.84658774
73,0.02334204,87.8008234,0.02293843,2017-04-13T20:46:39.83,0.0253,0.02334214,0.02070022,BTC-GBYTE,354,3567,0.02112034,2017-11-07T15:10:15.573,3730.47836607
74,6.78e-06,21.8070937,6.61e-06,2015-08-24T00:25:28.933,8.24e-06,6.78e-06,6.46e-06,BTC-GCR,93,3987,6.62e-06,2017-11-07T15:10:07.79,2934179.28842196
75,0.00014138,8.02855195,0.00013906,2015-02-21T03:29:43.267,0.00014905,0.00013904,0.00013503,BTC-GEO,312,2674,0.00013943,2017-11-07T15:10:14.573,56764.8474296
76,2.1e-05,4.75090891,2.075e-05,2014-03-22T16:00:00,2.152e-05,2.1e-05,1.919e-05,BTC-GLD,277,2202,1.973e-05,2017-11-07T15:09:55.603,234752.35238171
77,0.00862021,10.18661171,0.00850034,2017-04-28T02:43:12,0.0087571,0.0086206,0.00837988,BTC-GNO,137,2258,0.00845104,2017-11-07T15:10:11.353,1187.24165786
78,2.737e-05,114.975914,2.708e-05,2017-04-17T21:35:59.26,2.8e-05,2.789e-05,2.567e-05,BTC-GNT,500,10533,2.637e-05,2017-11-07T15:10:13.01,4272785.5301962
79,1.63e-05,6.48667613,1.612e-05,2017-01-19T23:23:12.41,1.658e-05,1.63e-05,1.54e-05,BTC-GOLOS,192,2136,1.571e-05,2017-11-07T15:09:54.477,406303.6950038
80,5.67e-06,8.01947887,5.59e-06,2015-02-27T19:57:02.82,5.66e-06,5.58e-06,5.08e-06,BTC-GRC,208,3582,5.19e-06,2017-11-07T15:10:12.743,1484795.56431958
81,9.089e-05,1223.75581591,9.077e-05,2014-04-03T05:00:00,0.0001085,9.089e-05,8.7e-05,BTC-GRS,1748,5177,9.48e-05,2017-11-07T15:10:14.463,12515779.3830882
82,2.196e-05,90.56532598,2.195e-05,2017-04-29T18:08:12.39,2.711e-05,2.195e-05,1.868e-05,BTC-GUP,215,3622,1.921e-05,2017-11-07T15:10:08.76,4071638.73742177
83,1.269e-05,40.1602277,1.226e-05,2017-05-10T00:02:47.373,1.395e-05,1.269e-05,1.2e-05,BTC-HMQ,192,4015,1.218e-05,2017-11-07T15:10:14.277,3086165.50337653
84,2.142e-05,3.08929863,2.141e-05,2017-04-04T21:20:51.083,2.209e-05,2.142e-05,2.093e-05,BTC-INCNT,129,2709,2.182e-05,2017-11-07T05:43:44.113,142340.20175623
85,9.309e-05,3.70141689,9.11e-05,2015-10-03T20:41:41.403,9.535e-05,9.309e-05,8.904e-05,BTC-INFX,177,1547,8.904e-05,2017-11-07T15:08:04.68,39990.38060402
86,0.00035502,101.37630715,0.00035118,2014-07-29T16:57:43.787,0.0004897,0.00035525,0.0003,BTC-IOC,218,1940,0.00031401,2017-11-07T15:10:14.59,254001.83038624
87,0.00015029,6.2443769,0.00015004,2017-02-18T23:41:17.04,0.000152,0.00015,0.00014226,BTC-ION,193,2177,0.00015157,2017-11-07T15:08:54.053,42157.84532311
88,0.00031728,56.33479721,0.00031345,2016-12-22T00:54:23.477,0.00033399,0.00031728,0.00029,BTC-IOP,350,5666,0.00031317,2017-11-07T15:09:55.93,177469.43266736
89,0.0003835,560.6887655,0.00038292,2017-02-11T23:04:01.853,0.00040898,0.0003835,0.00036,BTC-KMD,1580,6576,0.00037198,2017-11-07T15:10:12.947,1462411.73038284
90,0.00049905,20.58845519,0.00049903,2014-06-17T05:46:29.303,0.00053644,0.00049905,0.000475,BTC-KORE,268,2431,0.00050101,2017-11-07T15:10:02.027,40568.08482955
91,2.182e-05,30.78052923,2.155e-05,2016-07-05T21:50:07.81,2.219e-05,2.182e-05,1.972e-05,BTC-LBC,349,8877,1.96e-05,2017-11-07T15:10:06.73,1436901.17934248
92,0.000128,122.30468999,0.0001268,2017-04-18T07:37:41.3,0.00014325,0.000128,0.00011561,BTC-LGD,391,5388,0.0001381,2017-11-07T15:09:19.9,931015.50054504
93,6.27e-06,19.03695949,6.23e-06,2017-02-18T23:55:53.153,6.44e-06,6.27e-06,6.06e-06,BTC-LMC,203,5452,6.19e-06,2017-11-07T15:09:29.557,3073877.93846655
94,0.00067693,353.73815605,0.000675,2016-05-24T18:49:52.77,0.0007,0.000675,0.00062458,BTC-LSK,1692,8287,0.0006265,2017-11-07T15:10:08.323,536172.24107275
95,0.00813998,1134.42742804,0.00812479,2014-02-13T00:00:00,0.0083,0.00814999,0.0076,BTC-LTC,2408,13034,0.0076355,2017-11-07T15:10:06.167,143714.62758443
96,0.00070449,10.88988828,0.0007,2017-04-30T16:57:03.27,0.00072739,0.0007,0.00065,BTC-LUN,165,4097,0.00065,2017-11-07T15:10:14.79,15735.52145977
97,5.376e-05,53.17136725,5.299e-05,2016-01-18T20:38:22.707,5.5e-05,5.3e-05,4.603e-05,BTC-MAID,332,3904,4.72e-05,2017-11-07T15:10:09.853,1048881.45128823
98,1.81e-06,17.22441862,1.78e-06,2017-10-13T23:32:02.993,1.85e-06,1.78e-06,1.59e-06,BTC-MANA,172,2482,1.63e-06,2017-11-07T15:07:04.457,9925783.36897099
99,0.00082364,226.66187655,0.00081716,2017-07-02T00:37:16.957,0.00086821,0.0008237,0.00078754,BTC-MCO,493,10139,0.000803,2017-11-07T15:09:04.76,272755.92311162
100,3.227e-05,386.71293755,3.186e-05,2016-04-01T18:24:07.207,4.34e-05,3.227e-05,2.843e-05,BTC-MEME,328,1797,3.668e-05,2017-11-07T15:09:35.04,10681702.24773881
101,0.0081803,13.85555509,0.00793205,2017-03-15T19:30:56.167,0.00864404,0.00792701,0.00762766,BTC-MLN,106,1496,0.00865097,2017-11-07T15:10:14.073,1717.51692216
102,0.000373,58.92761041,0.00037284,2014-04-18T22:00:00,0.00038239,0.000373,0.000362,BTC-MONA,457,3828,0.0003748,2017-11-07T15:09:52.243,159162.00733923
103,0.0007098,195.11895473,0.00070405,2017-07-08T14:59:57.34,0.00077616,0.0007098,0.00067144,BTC-MTL,535,6213,0.00067999,2017-11-07T15:09:19.977,271608.67552359
104,1.482e-05,14.11564783,1.463e-05,2015-04-09T17:31:31.113,1.65e-05,1.482e-05,1.401e-05,BTC-MUE,234,3073,1.422e-05,2017-11-07T15:10:05.917,948639.64166472
105,2e-06,36.65804045,1.99e-06,2017-03-27T19:59:13.073,2.52e-06,2e-06,1.86e-06,BTC-MUSIC,284,9390,1.88e-06,2017-11-07T15:09:51.227,17480388.61439746
106,8.502e-05,4.16527362,8.5e-05,2017-06-19T19:13:43.73,8.84e-05,8.502e-05,8.5e-05,BTC-MYST,162,3693,8.628e-05,2017-11-07T15:00:24.823,48562.63185368
107,0.000109,77.95082114,0.00010892,2014-07-08T03:37:28.39,0.00011375,0.000109,0.00010544,BTC-NAV,558,5194,0.00010678,2017-11-07T15:09:40.29,709616.35318295
108,0.00014149,24.38972683,0.00014012,2015-04-08T03:57:37.33,0.000144,0.00014011,0.00013634,BTC-NBT,44,1774,0.00013719,2017-11-07T15:09:50.087,173899.82460258
109,0.00373259,1140.06276931,0.00372142,2016-10-26T01:28:31.96,0.00382043,0.00373259,0.0036003,BTC-NEO,4667,27306,0.00360921,2017-11-07T15:10:13.54,307958.75855427
110,0.00032959,7.1260442,0.000328,2014-08-20T00:06:59.63,0.00034401,0.00032853,0.00031456,BTC-NEOS,266,2038,0.00034323,2017-11-07T15:09:46.4,21918.15917448
111,1.359e-05,26.78743453,1.335e-05,2014-04-04T22:00:00,1.419e-05,1.335e-05,1.196e-05,BTC-NLG,270,3299,1.228e-05,2017-11-07T15:10:09.463,2025038.21491534
112,0.00153994,15.645781,0.00150989,2017-06-22T21:58:57.657,0.0016,0.00153997,0.00147258,BTC-NMR,151,4358,0.00149,2017-11-07T15:10:07.93,10265.1733098
113,2.718e-05,20.01113156,2.716e-05,2017-04-17T22:51:08.97,2.929e-05,2.716e-05,2.557e-05,BTC-NXC,102,3817,2.72e-05,2017-11-07T15:09:48.307,725195.36698973
114,0.00013652,24.23649106,0.00013617,2015-01-25T03:00:35.143,0.0001419,0.00013652,0.00012792,BTC-NXS,531,4191,0.00012577,2017-11-07T15:09:13.71,178738.42980419
115,8.2e-06,44.80964055,8.12e-06,2014-03-03T09:00:00,8.27e-06,8.13e-06,7.87e-06,BTC-NXT,349,8429,7.92e-06,2017-11-07T15:10:02.603,5529085.13735805
116,3.493e-05,143.93965266,3.47e-05,2015-05-30T19:26:37.523,3.749e-05,3.47e-05,3.451e-05,BTC-OK,963,10325,3.474e-05,2017-11-07T15:09:44.023,4034832.05657764
117,0.00089853,951.5394097,0.0008937,2017-07-16T17:07:42.313,0.00096103,0.0008937,0.00086706,BTC-OMG,2346,17335,0.0008743,2017-11-07T15:10:15.557,1034991.73184902
118,0.00334788,12.50450745,0.00330167,2015-11-03T19:13:33.197,0.00335788,0.00330167,0.00296994,BTC-OMNI,336,2313,0.00297005,2017-11-07T15:06:48.707,3928.01246394
119,0.00119988,28.29621197,0.001195,2017-07-20T18:19:07.157,0.00124999,0.00119988,0.00111,BTC-PART,235,1870,0.00112253,2017-11-07T15:08:42.65,23907.24178111
120,0.00023031,238.35547018,0.00023019,2017-07-07T07:14:00.793,0.00024348,0.00023031,0.0002166,BTC-PAY,941,14421,0.0002166,2017-11-07T15:09:59.93,1036510.13603826
121,1.71e-05,10.63804649,1.69e-05,2016-06-02T04:39:35.21,1.72e-05,1.715e-05,1.435e-05,BTC-PDC,189,2438,1.466e-05,2017-11-07T15:09:38.697,661656.76507874
122,3.26e-06,34.72022533,3.25e-06,2014-07-29T07:41:09.4,3.53e-06,3.26e-06,3e-06,BTC-PINK,255,2926,3.33e-06,2017-11-07T15:10:15.62,10459445.18008681
123,0.00040575,177.83514148,0.00040202,2016-03-02T20:45:37.987,0.00043595,0.00040202,0.000395,BTC-PIVX,866,6395,0.00043567,2017-11-07T15:10:15.09,434232.17947127
124,6.896e-05,26.77092762,6.824e-05,2015-06-03T06:31:14.35,7.864e-05,6.896e-05,6.65e-05,BTC-PKB,316,2561,7.059e-05,2017-11-07T15:09:19.32,374207.1716928
125,1.765e-05,1025.54656492,1.724e-05,2014-03-11T08:00:00,2.692e-05,1.765e-05,1.704e-05,BTC-POT,720,4145,2.5e-05,2017-11-07T15:10:15.48,46606264.31798026
126,0.00018985,5.29620945,0.00018742,2014-02-13T00:00:00,0.00019217,0.0001873,0.00018262,BTC-PPC,176,2793,0.00018401,2017-11-07T15:10:14.383,28326.7061888
127,4.7e-06,3.39673032,4.66e-06,2014-03-27T18:00:00,4.87e-06,4.66e-06,4.46e-06,BTC-PTC,215,2457,4.69e-06,2017-11-07T15:09:13.587,729796.09642539
128,2.18e-05,84.23596591,2.167e-05,2017-06-18T17:04:24.1,2.59e-05,2.167e-05,2.027e-05,BTC-PTOY,377,6653,2.06e-05,2017-11-07T15:09:55.79,3647526.86520108
129,8.482e-05,7.27136994,8.36e-05,2017-06-10T00:01:39.293,8.613e-05,8.46e-05,8.1e-05,BTC-QRL,331,3514,8.101e-05,2017-11-07T15:10:00.977,87200.38508089
130,0.00149,753.49030404,0.001486,2017-07-20T19:08:43.473,0.00155801,0.00149,0.00142935,BTC-QTUM,872,11888,0.00145078,2017-11-07T15:09:09.71,504897.17745211
131,1.939e-05,37.80989645,1.927e-05,2017-03-05T19:30:16.853,2.135e-05,1.939e-05,1.91e-05,BTC-QWARK,275,5215,2.12e-05,2017-11-07T15:08:20.1,1869789.31742569
132,0.00046463,9.91478235,0.00045488,2016-01-26T23:22:16.193,0.00047099,0.00045483,0.00041861,BTC-RADS,126,2032,0.00042751,2017-11-07T15:10:14.527,22508.29097722
133,9.928e-05,10.75847321,9.821e-05,2014-04-05T08:00:00,0.00010556,9.928e-05,9.529e-05,BTC-RBY,1485,5823,9.608e-05,2017-11-07T15:03:34,107668.4966594
134,1.6e-07,61.69796712,1.5e-07,2014-02-25T09:00:00,1.6e-07,1.6e-07,1.4e-07,BTC-RDD,1260,18129,1.5e-07,2017-11-07T15:07:14.877,399155569.862363
135,0.00246379,53.05817566,0.00243006,2016-10-04T15:45:37.14,0.00278,0.00246,0.00228094,BTC-REP,176,1853,0.00227789,2017-11-07T15:10:14.68,21183.79448698
136,3.476e-05,100.51282553,3.445e-05,2016-06-24T17:00:00.043,3.65e-05,3.445e-05,3.396e-05,BTC-RISE,519,5707,3.463e-05,2017-11-07T15:09:44.133,2863845.55881951
137,7.401e-05,15.4244851,7.386e-05,2017-04-27T00:20:33.857,7.861e-05,7.401e-05,7.3e-05,BTC-RLC,179,3546,7.585e-05,2017-11-07T15:10:14.84,204359.10683981
138,1.23e-06,137.98371318,1.22e-06,2016-02-13T22:14:21.14,1.43e-06,1.23e-06,1.14e-06,BTC-SAFEX,520,6409,1.13e-06,2017-11-07T15:09:19.587,108908931.82275715
139,0.00041399,379.11413127,0.0004137,2017-10-16T17:32:48.777,0.00044108,0.0004137,0.00037129,BTC-SALT,581,1969,0.000385,2017-11-07T15:10:05.65,937943.14080154
140,0.00014239,7.94401537,0.0001405,2016-07-09T19:02:08.943,0.000143,0.0001405,0.00013206,BTC-SBD,80,1793,0.00013206,2017-11-07T15:08:56.913,57207.13339307
141,5.3e-07,129.39373862,5.2e-07,2017-05-22T21:30:29.16,5.4e-07,5.2e-07,4.8e-07,BTC-SC,1125,26994,4.8e-07,2017-11-07T15:09:40.133,249663283.09930974
142,1.777e-05,20.97787769,1.724e-05,2016-09-23T07:10:11.78,1.91e-05,1.721e-05,1.651e-05,BTC-SEQ,145,1719,1.69e-05,2017-11-07T15:10:05.853,1146857.80839883
143,0.0001425,8.43167253,0.00014105,2016-10-11T19:48:35.573,0.00015095,0.00014105,0.000135,BTC-SHIFT,146,2385,0.00014569,2017-11-07T15:05:58,59049.95104789
144,0.00015347,4.12316167,0.00015013,2017-02-18T22:34:49.373,0.000155,0.00015013,0.00014415,BTC-SIB,123,2411,0.00014695,2017-11-07T15:10:14.93,27361.2392195
145,4.926e-05,34.40628724,4.918e-05,2014-03-23T06:00:00,5.274e-05,4.926e-05,3.88e-05,BTC-SLR,281,1974,3.9e-05,2017-11-07T15:09:45.54,751243.88915633
146,0.00198412,10.89710894,0.00191349,2016-01-20T22:24:04.65,0.00204572,0.00191271,0.00171,BTC-SLS,201,1746,0.0017849,2017-11-07T15:10:08.243,5762.89046354
147,2.615e-05,453.97429752,2.607e-05,2016-10-02T22:16:04.773,3.653e-05,2.618e-05,2.113e-05,BTC-SNGLS,378,1974,2.15e-05,2017-11-07T15:10:06.62,15489842.16056256
148,0.00021932,16.59968391,0.00021072,2015-06-03T06:27:04.623,0.000237,0.00021998,0.000185,BTC-SNRG,272,1663,0.0001943,2017-11-07T15:10:13.04,81955.03745952
149,4.24e-06,95.59681235,4.19e-06,2017-06-28T18:26:15.73,4.33e-06,4.25e-06,4.08e-06,BTC-SNT,363,10241,4.16e-06,2017-11-07T15:10:09.79,22738243.79593963
150,0.00039721,6.61611635,0.0003922,2015-05-18T22:45:47.093,0.00040013,0.00039002,0.00037988,BTC-SPHR,138,1302,0.000385,2017-11-07T15:09:58.947,16994.58484077
151,4.331e-05,14.36089846,4.3e-05,2014-12-19T02:33:07.747,4.595e-05,4.331e-05,4.101e-05,BTC-SPR,253,3401,4.315e-05,2017-11-07T15:05:02.11,331436.19755828
152,6.28e-06,14.10886501,6.27e-06,2014-06-14T07:09:15.327,7.21e-06,6.27e-06,6.1e-06,BTC-START,346,5895,6.75e-06,2017-11-07T15:09:19.51,2148906.22188772
153,0.00012298,74.47854432,0.00012201,2016-04-17T01:22:13.35,0.00013,0.00012298,0.00011906,BTC-STEEM,483,7646,0.00012124,2017-11-07T15:09:19.913,600765.52915116
154,7.156e-05,152.05289178,7.12e-05,2017-07-11T21:14:32.643,7.41e-05,7.156e-05,6.464e-05,BTC-STORJ,608,6692,6.654e-05,2017-11-07T15:10:15.557,2171554.83806838
155,0.00042479,335.74783214,0.00042241,2016-08-10T23:26:39.657,0.00044732,0.0004224,0.00041003,BTC-STRAT,1695,22223,0.00042266,2017-11-07T15:09:50.133,784013.45602439
156,0.00015548,51.19201971,0.00015515,2014-10-03T19:16:23.143,0.0001885,0.0001556,0.00014304,BTC-SWIFT,192,1999,0.00014404,2017-11-07T15:05:17.563,300548.39445424
157,0.00017446,6.66081681,0.00017415,2017-03-08T22:32:26.03,0.000179,0.00017415,0.00015394,BTC-SWT,117,1738,0.00017511,2017-11-07T15:09:44.337,39589.09472793
158,3.399e-05,38.11433387,3.355e-05,2016-08-25T21:23:15.27,3.709e-05,3.399e-05,3.253e-05,BTC-SYNX,185,2412,3.228e-05,2017-11-07T15:10:00.65,1109765.74908595
159,2.836e-05,158.77617349,2.828e-05,2014-08-16T19:57:48.823,2.892e-05,2.828e-05,2.732e-05,BTC-SYS,929,8208,2.74e-05,2017-11-07T15:08:47.633,5604002.95777677
160,2.33e-06,310.78117194,2.28e-06,2014-04-29T21:00:00,3.89e-06,2.3e-06,2.22e-06,BTC-THC,481,3988,2.85e-06,2017-11-07T15:10:15.43,104252934.99275155
161,0.00334542,2.88578213,0.00329715,2017-03-09T00:44:08.673,0.00336982,0.00334542,0.0032935,BTC-TIME,129,1582,0.00330242,2017-11-07T15:09:58.93,872.15357799
162,2.494e-05,26.86449908,2.421e-05,2017-10-25T21:01:08.287,2.739e-05,2.493e-05,2.413e-05,BTC-TIX,126,2277,2.48e-05,2017-11-07T15:10:07.34,1052232.81828472
163,0.00015065,24.30061578,0.0001472,2017-05-08T17:09:34.91,0.00016,0.00014831,0.00014546,BTC-TKN,173,3436,0.00015041,2017-11-07T15:10:14.447,160762.62963719
164,0.00025949,28.06798046,0.00024962,2017-03-23T00:48:15.94,0.000285,0.00025957,0.00022098,BTC-TKS,165,1465,0.00022162,2017-11-07T15:10:12.947,110027.69335618
165,8.328e-05,129.86040946,8.288e-05,2016-09-08T05:59:08.183,8.909e-05,8.328e-05,7.803e-05,BTC-TRIG,461,8792,8.03e-05,2017-11-07T15:02:17.53,1544663.19598378
166,3.44e-05,18.59693141,3.428e-05,2017-04-19T04:53:43.893,3.68e-05,3.428e-05,3.328e-05,BTC-TRST,250,3746,3.375e-05,2017-11-07T15:10:14.93,529944.26867018
167,1.697e-05,33.60868839,1.662e-05,2014-07-07T05:46:18.71,1.986e-05,1.7e-05,1.471e-05,BTC-TRUST,289,2086,1.582e-05,2017-11-07T15:10:04.98,1917771.75795228
168,0.00029277,30.82086156,0.0002886,2015-09-02T08:02:54.3,0.00030598,0.00029312,0.0002851,BTC-TX,388,803,0.00029479,2017-11-07T15:10:13.383,104523.25174718
169,0.00016023,34.80580039,0.00016022,2017-02-08T17:00:59.02,0.000165,0.00016023,0.00014731,BTC-UBQ,621,7579,0.00014994,2017-11-07T15:09:19.727,222303.02322726
170,3.878e-05,4.24695008,3.822e-05,2016-08-24T21:39:28.357,3.949e-05,3.878e-05,3.581e-05,BTC-UNB,146,1624,3.8e-05,2017-11-07T15:09:35.01,113034.33744877
171,0.00021115,58.98161456,0.00020917,2014-07-18T00:20:00.393,0.00022,0.00020917,0.0002056,BTC-VIA,474,3261,0.00021084,2017-11-07T15:08:52.447,278975.01098113
172,5.74e-06,45.2752674,5.65e-06,2015-12-30T04:21:47.31,6.49e-06,5.65e-06,5.26e-06,BTC-VOX,264,5940,5.94e-06,2017-11-07T15:10:11.713,7744730.96630762
173,7.577e-05,110.34092164,7.535e-05,2014-05-13T07:00:00,8.7e-05,7.537e-05,7.044e-05,BTC-VRC,493,2560,8.036e-05,2017-11-07T15:09:57.273,1392802.62850891
174,0.0004341,7.82389905,0.0004254,2016-09-16T04:52:17.637,0.00044711,0.0004341,0.00040502,BTC-VRM,214,1508,0.00041502,2017-11-07T15:10:07.76,18289.5936927
175,0.0005085,967.21888622,0.00050841,2014-02-13T00:00:00,0.00054695,0.00050841,0.00047569,BTC-VTC,2888,8318,0.00050967,2017-11-07T15:10:12.463,1882318.84923134
176,2.989e-05,55.69443444,2.985e-05,2014-12-19T02:33:10.943,3.304e-05,2.985e-05,2.441e-05,BTC-VTR,247,1974,2.513e-05,2017-11-07T15:09:52.523,1928727.30417663
177,0.00051651,365.60289441,0.00051201,2016-06-19T15:46:31.167,0.0005321,0.00051652,0.00046,BTC-WAVES,1263,11421,0.0004987,2017-11-07T15:10:13.54,723563.66403659
178,5.238e-05,12.96799515,5.2e-05,2017-04-26T22:34:24.49,5.544e-05,5.2e-05,5.09e-05,BTC-WINGS,134,5064,5.207e-05,2017-11-07T15:02:26.06,243028.90949113
179,2.547e-05,4.56053736,2.501e-05,2016-09-25T00:15:16.103,2.54e-05,2.54e-05,2.426e-05,BTC-XAUR,81,1437,2.475e-05,2017-11-07T15:09:25.117,183423.18496247
180,0.00173106,34.90575376,0.00171252,2015-02-14T04:20:41,0.00185,0.00171101,0.00155331,BTC-XCP,373,3391,0.00156002,2017-11-07T15:10:10.93,19997.64690529
181,3.2e-07,12.57159609,3.1e-07,2014-06-21T18:37:57.64,3.3e-07,3.1e-07,3e-07,BTC-XDN,620,6592,3.2e-07,2017-11-07T15:06:12.5,39856480.55148872
182,3.9e-05,184.58739305,3.875e-05,2017-07-01T17:38:44.883,4.921e-05,3.875e-05,3.746e-05,BTC-XEL,342,7251,3.782e-05,2017-11-07T15:09:19.71,4324247.10552359
183,2.565e-05,241.53897523,2.552e-05,2015-04-10T21:06:00.043,2.689e-05,2.565e-05,2.393e-05,BTC-XEM,1156,12013,2.535e-05,2017-11-07T15:10:06.463,9490676.5141675
184,4.38e-06,1121.47015309,4.37e-06,2015-11-17T20:06:44.92,4.8e-06,4.37e-06,3.75e-06,BTC-XLM,1706,15686,3.79e-06,2017-11-07T15:10:11.743,259754601.1987218
185,3.259e-05,8.95301777,3.226e-05,2014-11-10T06:25:07.533,3.65e-05,3.26e-05,3.205e-05,BTC-XMG,304,2274,3.504e-05,2017-11-07T15:10:15.29,258479.06190612
186,0.01371901,1042.69237667,0.01368272,2014-06-04T07:38:39.24,0.014997,0.01371215,0.01250879,BTC-XMR,1545,7152,0.01250879,2017-11-07T15:10:11.447,75199.07933057
187,4.1e-07,22.76950552,4e-07,2014-03-15T08:00:00,4.5e-07,4.1e-07,3.7e-07,BTC-XMY,444,4811,3.7e-07,2017-11-07T15:09:19.353,55532010.24426604
188,2.894e-05,969.74882723,2.891e-05,2014-12-22T19:30:27.45,2.931e-05,2.894e-05,2.773e-05,BTC-XRP,2349,26361,2.792e-05,2017-11-07T15:10:05.993,33993723.16282008
189,2.346e-05,17.11356232,2.287e-05,2014-07-09T20:33:00.59,2.535e-05,2.342e-05,2.171e-05,BTC-XST,213,1343,2.247e-05,2017-11-07T15:10:15.04,723772.66394946
190,0.00012768,436.11403982,0.00012702,2016-03-12T19:37:38.863,0.00018694,0.00012702,0.00012693,BTC-XVC,709,3016,0.0001785,2017-11-07T15:10:12.76,2783759.61439928
191,1.05e-06,2200.30768805,1.04e-06,2016-02-17T22:42:03.61,1.31e-06,1.04e-06,9.5e-07,BTC-XVG,3263,16314,1.31e-06,2017-11-07T15:10:13.993,1971279556.6180797
192,7.22e-06,33.48151731,7.03e-06,2014-04-14T00:00:00,8e-06,6.71e-06,6.71e-06,BTC-XWC,466,1431,7.78e-06,2017-11-07T15:10:14.43,4407982.88441653
193,0.00210788,119.09719942,0.00208545,2016-10-20T04:48:30.387,0.00228,0.00210788,0.002054,BTC-XZC,878,3648,0.00213723,2017-11-07T15:10:15.573,55030.89817648
194,0.00025179,18.37383085,0.00025,2016-11-15T20:29:59.73,0.000255,0.00025178,0.00023303,BTC-ZCL,212,5202,0.00023798,2017-11-07T15:10:15.557,75508.37211267
195,0.03300496,321.26469197,0.03300495,2016-10-28T17:13:10.833,0.03382818,0.03300495,0.03127082,BTC-ZEC,948,11376,0.03127082,2017-11-07T15:10:05.603,9865.9587717
196,0.00291,155.6265827,0.00290001,2017-06-05T16:39:49.07,0.0031,0.00290001,0.002819,BTC-ZEN,1665,4450,0.0029241,2017-11-07T15:10:11.37,53079.51829697
197,0.00124576,468.05204017,0.00119995,2017-06-11T17:33:06.127,0.00172,0.00119995,0.00103153,ETH-1ST,109,333,0.00108,2017-11-07T15:10:15.573,343009.12724127
198,6.656e-05,78.02365392,6.526e-05,2017-07-03T21:08:06.22,7.34e-05,6.501e-05,6.31e-05,ETH-ADT,72,536,6.447e-05,2017-11-07T15:10:04.103,1166928.05880582
199,0.00305216,620.3632826,0.00304802,2017-07-11T22:42:17.78,0.0033389,0.00305345,0.00289343,ETH-ADX,185,576,0.00293685,2017-11-07T15:09:42.117,198408.29566883
200,0.003773,240.88255217,0.00375999,2017-05-19T15:55:11.293,0.00399598,0.00376,0.00330006,ETH-ANT,84,411,0.00399666,2017-11-07T15:10:14.947,66634.65577182
201,0.00048698,157.51757468,0.00048188,2017-06-03T22:04:52.38,0.000487,0.00048698,0.00046003,ETH-BAT,183,1081,0.0004655,2017-11-07T15:09:51.977,332561.48591177
202,2.06959865,2905.19041988,2.0498517,2017-08-01T18:34:04.763,2.1878999,2.06999781,1.96000003,ETH-BCC,435,455,2.129,2017-11-07T15:10:15.43,1427.96591021
203,0.00640467,105.96590951,0.00628927,2017-06-22T21:36:30.867,0.00640899,0.00640763,0.00621213,ETH-BNT,67,411,0.00621003,2017-11-07T15:10:14.98,16917.84150782
204,0.0,26.34440146,0.0,2017-08-04T18:01:27.853,0.00017062,0.00015172,0.00013,ETH-BTS,74,212,0.00014932,2017-11-05T04:03:45.967,175120.1443082
205,0.00031239,165.05902264,0.00030589,2017-06-19T19:59:14.89,0.00037576,0.00030588,0.00029,ETH-CFI,103,434,0.00030476,2017-11-07T15:08:08.99,503569.08461426
206,0.00129035,172.90252109,0.00119126,2017-06-13T19:40:35.217,0.00164498,0.0013,0.0010229,ETH-CRB,57,175,0.00104351,2017-11-07T15:10:15.48,128246.23107182
207,0.00099188,390.81322414,0.00098051,2017-07-16T23:04:18.99,0.00099398,0.00098342,0.00092,ETH-CVC,186,1018,0.000951,2017-11-07T15:10:14.59,404994.31342315
208,0.98926699,395.34251521,0.974,2017-07-14T17:10:05.143,0.99999999,0.97958872,0.909009,ETH-DASH,134,222,0.91999959,2017-11-07T15:10:14.963,412.02752077
209,2.937e-05,131.65557335,2.885e-05,2017-08-04T18:01:27.777,2.952e-05,2.872e-05,2.754e-05,ETH-DGB,79,600,2.83e-05,2017-11-07T15:10:15.573,4545802.33433863
210,0.22699596,11.04515306,0.21351368,2016-06-17T18:51:39.087,0.22699978,0.22699928,0.20593881,ETH-DGD,67,191,0.20925303,2017-11-07T15:10:14.823,52.10772773
211,0.00013503,89.32676435,0.00013006,2017-08-04T02:09:02.887,0.0001463,0.000131,0.00012835,ETH-DNT,61,379,0.00013647,2017-11-07T15:10:06.73,658276.37350172
212,0.04773714,897.33389157,0.04680023,2016-07-28T21:45:59.05,0.04903002,0.04680022,0.04615162,ETH-ETC,202,1025,0.0490091,2017-11-07T15:10:15.557,18877.4790755
213,0.05687781,168.68716262,0.05535912,2017-08-04T18:01:27.853,0.05976,0.05535739,0.04755237,ETH-FCT,74,174,0.04781535,2017-11-07T15:10:14.54,3174.57983461
214,5.313e-05,127.18436958,5.277e-05,2017-07-04T18:45:47.143,5.443e-05,5.313e-05,4.7e-05,ETH-FUN,105,835,5.103e-05,2017-11-07T15:10:09.87,2459384.2273126
215,0.20844448,4.88571367,0.20491111,2017-04-30T18:42:52.17,0.2112,0.20846403,0.19999938,ETH-GNO,49,265,0.21086854,2017-11-07T15:09:37.103,23.95994987
216,0.00065918,591.32952447,0.00064929,2017-04-20T06:38:51.877,0.00066075,0.00064864,0.00061599,ETH-GNT,205,1430,0.000642,2017-11-07T15:10:14.493,929275.13644412
217,0.00055322,256.85971879,0.00053172,2017-04-30T18:40:42.213,0.000634,0.00053651,0.0004512,ETH-GUP,68,219,0.00046826,2017-11-07T15:10:15.447,509485.04179338
218,0.00030956,76.90310391,0.00029686,2017-05-10T07:27:27.597,0.00033111,0.00031106,0.00028302,ETH-HMQ,64,296,0.00029449,2017-11-07T15:10:14.197,254437.84281913
219,0.0030973,187.79931529,0.00300561,2017-06-17T15:02:02.783,0.00356244,0.0030973,0.00276021,ETH-LGD,78,327,0.00334832,2017-11-07T15:10:15.43,61553.73257947
220,0.19859996,1017.01977045,0.19696237,2017-06-25T03:06:46.83,0.19998348,0.19696227,0.18100002,ETH-LTC,304,529,0.18519999,2017-11-07T15:10:13.633,5356.54596955
221,0.01715166,55.69112266,0.01681043,2017-04-30T18:41:22.84,0.01715166,0.01715166,0.01580807,ETH-LUN,60,282,0.01591477,2017-11-07T15:09:55.523,3413.27551718
222,4.397e-05,40.50933897,4.3e-05,2017-10-13T23:32:03.027,4.525e-05,4.3e-05,3.867e-05,ETH-MANA,70,224,3.803e-05,2017-11-07T14:58:21.213,973660.73303155
223,0.01989039,363.08162035,0.01968506,2017-07-02T00:37:17.05,0.02049996,0.01989039,0.019,ETH-MCO,185,1031,0.01932435,2017-11-07T15:08:27.9,18537.89435245
224,0.01714241,141.44438588,0.01681993,2017-07-08T14:59:57.37,0.01799422,0.01713404,0.0160001,ETH-MTL,120,529,0.01632,2017-11-07T15:10:14.54,8382.23701694
225,0.00208112,3.35049134,0.00206051,2017-06-19T19:13:43.743,0.0021976,0.00206051,0.0020101,ETH-MYST,45,375,0.00219137,2017-11-07T15:10:14.993,1627.20707905
226,0.09018519,1616.31051385,0.09000596,2017-07-21T01:08:49.397,0.09,0.09,0.0862,ETH-NEO,919,1733,0.088,2017-11-07T15:10:15.073,18361.13132035
227,0.03731947,16.16403766,0.03728574,2017-06-22T21:58:57.657,0.03728574,0.03728574,0.03435706,ETH-NMR,99,428,0.03655436,2017-11-07T15:09:03.163,445.66531726
228,0.02175693,1809.50906793,0.02175547,2017-07-16T17:07:42.41,0.0225,0.02175547,0.02085,ETH-OMG,565,2132,0.02126162,2017-11-07T15:08:45.883,83323.2538873
229,0.00559993,708.17053889,0.00552318,2017-07-07T07:14:00.873,0.00575931,0.00559996,0.00520201,ETH-PAY,305,1679,0.00528,2017-11-07T15:10:15.103,130404.51826568
230,0.00053922,194.22043484,0.00052276,2017-06-18T17:04:24.147,0.00061394,0.00053001,0.00048652,ETH-PTOY,78,532,0.00052192,2017-11-07T15:10:15.54,355850.77772362
231,0.00205984,9.96053414,0.00198775,2017-06-11T17:33:06.14,0.00201927,0.002,0.00190001,ETH-QRL,89,196,0.00204259,2017-11-07T15:10:11.777,5026.68231775
232,0.03649184,1303.13120409,0.03585315,2017-07-20T19:08:43.473,0.03736976,0.035853,0.034,ETH-QTUM,358,1016,0.0356,2017-11-07T15:10:15.04,36276.53328732
233,0.06093485,153.57590953,0.05874998,2017-04-20T06:43:49.19,0.06869237,0.0609572,0.05519379,ETH-REP,99,177,0.05662639,2017-11-07T15:10:14.51,2622.79959357
234,0.00182778,29.574392,0.00177501,2017-04-30T18:41:22.823,0.00186341,0.00177126,0.00175,ETH-RLC,64,283,0.0018589,2017-11-07T15:10:15.26,16228.24989297
235,0.01003672,966.85133859,0.00999129,2017-10-16T17:32:48.84,0.01042752,0.00999129,0.00900744,ETH-SALT,99,197,0.00933415,2017-11-07T15:10:06.04,100179.88429248
236,1.271e-05,146.39963109,1.26e-05,2017-07-14T17:10:07.74,1.285e-05,1.26e-05,1.149e-05,ETH-SC,142,1170,1.174e-05,2017-11-07T15:00:47.34,12007826.18041916
237,0.000638,1318.64635311,0.00062687,2017-04-30T18:41:22.853,0.00086196,0.00062903,0.000504,ETH-SNGLS,179,203,0.00053789,2017-11-07T15:10:10.76,1947954.15594826
238,0.00010298,267.6226903,0.00010122,2017-06-28T18:26:15.747,0.00010317,0.00010299,9.702e-05,ETH-SNT,173,1043,0.00010159,2017-11-07T15:10:12.37,2664183.39654407
239,0.0017678,124.88732405,0.00170911,2017-07-11T21:14:32.643,0.00178,0.00174606,0.00155,ETH-STORJ,124,445,0.00162,2017-11-07T15:10:15.23,76484.69882731
240,0.01035602,245.24052843,0.01012176,2017-08-04T18:01:27.713,0.01047204,0.01035644,0.00985906,ETH-STRAT,233,1177,0.01032496,2017-11-07T15:10:15.43,24226.59502484
241,0.08213298,6.09313182,0.07877318,2017-06-23T18:01:03.323,0.07838918,0.07838918,0.0766623,ETH-TIME,70,135,0.07834608,2017-11-07T15:10:11.697,77.88982641
242,0.00060486,51.05298749,0.00058957,2017-10-25T21:01:08.287,0.000635,0.000605,0.00058002,ETH-TIX,38,311,0.00061193,2017-11-07T15:07:37.68,83583.53388777
243,0.00364992,41.23212692,0.00353713,2017-05-09T04:43:46.723,0.0038783,0.00364992,0.00335111,ETH-TKN,63,492,0.00364099,2017-11-07T15:10:09.557,11397.20937904
244,0.00083715,67.60890636,0.00081263,2017-05-19T15:55:11.28,0.000882,0.000815,0.000802,ETH-TRST,77,209,0.00083,2017-11-07T15:10:11.87,81173.62610005
245,0.0127999,274.08404766,0.01247295,2017-08-04T18:00:50.15,0.01280005,0.01240318,0.0111,ETH-WAVES,184,451,0.01215432,2017-11-07T15:10:15.307,22896.31617567
246,0.00126516,68.96869966,0.001252,2017-04-26T22:16:06.627,0.00129513,0.00126516,0.00123944,ETH-WINGS,47,319,0.00129125,2017-11-07T15:08:45.79,54656.99568928
247,0.00062099,576.81503701,0.00061344,2017-07-21T01:08:49.38,0.00063419,0.000619,0.00057261,ETH-XEM,142,551,0.00061745,2017-11-07T15:10:13.743,943136.07269128
248,0.00010751,723.53452121,0.00010616,2017-07-21T01:08:49.38,0.00011195,0.00010616,9e-05,ETH-XLM,234,426,9.212e-05,2017-11-07T15:09:58.947,6938041.349078
249,0.33387613,910.65154495,0.332,2017-07-21T01:08:49.367,0.34985,0.332,0.30332728,ETH-XMR,145,268,0.30260647,2017-11-07T15:08:37.507,2752.50387868
250,0.00070135,738.54709971,0.0007,2017-06-25T03:07:09.677,0.00070135,0.0007,0.000666,ETH-XRP,449,843,0.00068076,2017-11-07T15:10:14.51,1082766.11471301
251,0.805,488.92474608,0.7993,2017-07-14T17:10:07.8,0.807,0.805,0.75149496,ETH-ZEC,264,525,0.75939371,2017-11-07T15:07:54.507,628.13325691
252,590.5,5104152.76538355,590.0,2017-08-01T18:34:04.873,648.99999805,590.897,585.012,USDT-BCC,1268,2118,637.0,2017-11-07T15:10:07.713,8413.0788218
253,6989.0,42082767.04427754,6985.0,2015-12-11T06:31:40.633,7285.89999999,6985.0,6923.0,USDT-BTC,9566,4012,7280.001,2017-11-07T15:10:11.98,5954.93581378
254,281.55555,1031645.82808026,280.1,2017-07-21T01:08:49.413,301.61904399,281.55555,272.1632695,USDT-DASH,418,1046,274.99999999,2017-11-07T15:10:13.057,3592.27889818
255,13.51900001,2633513.33329082,13.519,2017-07-14T17:10:10.72,14.72,13.51900001,13.51900001,USDT-ETC,603,2167,14.6,2017-11-07T15:10:02.963,186888.49120611
256,288.0,4510012.67067123,287.80185,2017-04-20T17:26:37.647,304.04122641,288.0,285.00000001,USDT-ETH,1689,4280,300.4554515,2017-11-07T15:10:03.65,15250.07136393
257,57.0999996,1751446.52820686,56.8,2017-07-14T17:10:10.72,58.68,56.8,54.28713508,USDT-LTC,929,2486,55.42,2017-11-07T15:10:14.947,31045.51508364
258,26.11577699,1396735.61677436,25.93702496,2017-08-04T16:58:43.087,26.5799999,25.93702496,25.5,USDT-NEO,1316,5028,26.31097101,2017-11-07T15:10:12.197,53502.60359338
259,6.28476308,974235.6498905,6.24,2017-09-15T23:49:44.83,6.6999,6.29734895,6.2,USDT-OMG,917,4774,6.3727765,2017-11-07T15:10:13.743,149947.55520017
260,96.40577297,2238460.3517602,95.3,2017-07-21T01:08:49.397,104.5,96.21427531,90.5,USDT-XMR,494,898,90.5,2017-11-07T15:10:14.197,22761.45322045
261,0.202,628427.03395061,0.20100001,2017-07-14T17:10:10.737,0.206,0.202,0.19934411,USDT-XRP,1144,4268,0.20369558,2017-11-07T15:09:28.46,3102291.34206739
262,230.70000002,457061.47907829,230.7,2017-07-14T17:10:10.673,235.99999955,230.70000002,226.0,USDT-ZEC,732,2852,227.0,2017-11-07T15:10:13.383,1977.82831048
263,2.163e-05,1662.3838719,2.161e-05,2017-11-07T07:59:10.913,0.0002001,2.161e-05,1.7e-05,BTC-RCN,624,2093,0.0002,2017-11-07T15:10:15.307,75406332.79788938
264,0.000519,2860.60293879,0.00051179,2017-11-07T07:59:10.93,0.00089,0.000519,0.00025124,ETH-RCN,125,232,0.00089,2017-11-07T15:10:14.383,5445424.37021051
