,Ask,BaseVolume,Bid,Created,High,Last,Low,MarketName,OpenBuyOrders,OpenSellOrders,PrevDay,TimeStamp,Volume
0,4.927e-05,573.80060741,4.925e-05,2017-06-06T01:22:35.727,7.245e-05,4.935e-05,4.451e-05,BTC-1ST,283,5812,4.451e-05,2017-11-07T15:20:11.227,9905967.16613268
1,8.7e-07,26.23986338,8.6e-07,2016-05-16T06:44:15.287,9.9e-07,8.6e-07,7.9e-07,BTC-2GIVE,330,2260,8.6e-07,2017-11-07T15:20:02.443,29844515.77470641
2,8.3e-07,17.66823956,8.2e-07,2014-10-31T01:43:25.743,9.9e-07,8.2e-07,8e-07,BTC-ABY,265,4898,8.4e-07,2017-11-07T15:20:13.227,20088005.67071552
3,3.1e-06,584.62371091,3.09e-06,2017-09-29T07:01:58.873,3.35e-06,3.1e-06,2.94e-06,BTC-ADA,1538,9335,2.98e-06,2017-11-07T15:19:48.257,185761692.9666499
4,2.68e-06,22.91115025,2.67e-06,2017-07-03T21:08:06.11,2.99e-06,2.72e-06,2.61e-06,BTC-ADT,159,3151,2.65e-06,2017-11-07T15:19:26.38,8179966.45513595
5,0.000125,534.23344131,0.00012459,2017-07-11T22:42:17.78,0.0001429,0.000125,0.0001205,BTC-ADX,703,8812,0.0001228,2017-11-07T15:20:17.88,4058514.62439824
6,0.000215,16.00516809,0.00021322,2015-07-31T00:50:47.11,0.00021999,0.00021322,0.00019103,BTC-AEON,254,2144,0.00020235,2017-11-07T15:07:44.35,76555.60604336
7,5.031e-05,2.77268135,4.955e-05,2015-11-10T00:53:59.643,5.117e-05,4.953e-05,4.74e-05,BTC-AGRS,199,2515,4.907e-05,2017-11-07T15:20:15.82,56186.78295932
8,2.126e-05,21.62600477,2.055e-05,2015-11-03T19:13:55.18,2.176e-05,2.126e-05,1.951e-05,BTC-AMP,157,5687,2.112e-05,2017-11-07T15:20:18.71,1041450.17211295
9,0.00015726,49.34302449,0.000155,2017-05-17T19:54:30.143,0.00016761,0.00015724,0.00014116,BTC-ANT,197,4285,0.00016259,2017-11-07T15:20:18.693,324929.91403186
10,0.00076764,3.13416249,0.00074632,2017-05-02T06:26:32.897,0.00076874,0.00074633,0.000725,BTC-APX,188,1876,0.00075148,2017-11-07T15:20:16.053,4186.33274392
11,2.803e-05,43.83755054,2.792e-05,2016-10-13T18:59:37.407,2.905e-05,2.803e-05,2.687e-05,BTC-ARDR,466,4269,2.717e-05,2017-11-07T15:20:18.443,1553139.21888309
12,0.00036669,289.52867095,0.00036352,2017-03-21T18:11:29.347,0.000378,0.00036875,0.00033723,BTC-ARK,2129,9666,0.00034447,2017-11-07T15:20:17.303,802683.5085191
13,8.659e-05,2.00667156,8.51e-05,2014-03-16T22:00:00,8.777e-05,8.51e-05,8.5e-05,BTC-AUR,106,1584,8.711e-05,2017-11-07T15:20:14.24,23361.51452382
14,1.971e-05,99.78473628,1.97e-05,2017-06-03T22:04:53.82,2.05e-05,1.971e-05,1.91e-05,BTC-BAT,661,12941,1.91e-05,2017-11-07T15:19:47.74,5003814.1161076
15,3.87e-06,119.4096414,3.86e-06,2014-11-18T17:34:21.083,4.89e-06,3.86e-06,3.11e-06,BTC-BAY,283,3924,3.28e-06,2017-11-07T15:19:23.223,28936725.53988559
16,0.084798,1964.94520126,0.08457002,2017-08-01T18:34:04.967,0.08989997,0.084798,0.083959,BTC-BCC,3265,12063,0.0892,2017-11-07T15:20:09.35,22920.77391426
17,4.713e-05,11.75344254,4.564e-05,2015-09-10T05:28:20.787,4.799e-05,4.56e-05,4.145e-05,BTC-BCY,129,2896,4.268e-05,2017-11-07T15:20:18.803,265128.88361639
18,3.9e-07,8.79830072,3.8e-07,2015-02-15T23:07:32.777,3.9e-07,3.8e-07,3.6e-07,BTC-BITB,517,5117,3.7e-07,2017-11-07T15:19:10.007,23269692.84258241
19,0.00012248,5.7728954,0.00012057,2014-11-13T20:20:21.443,0.00012586,0.00012001,0.00011603,BTC-BLITZ,143,2610,0.00011955,2017-11-07T15:20:12.897,47842.76875828
20,3.076e-05,20.9872267,3.072e-05,2014-03-14T09:00:00,3.285e-05,3.072e-05,2.916e-05,BTC-BLK,198,4608,3.015e-05,2017-11-07T15:20:01.74,674790.49768535
21,0.0029338,28.02811523,0.00292902,2014-10-29T06:45:03.97,0.00299999,0.00292902,0.00246868,BTC-BLOCK,266,1525,0.0024747,2017-11-07T15:20:15.507,10027.97866116
22,0.00026171,10.55586169,0.00026083,2017-06-22T21:36:30.85,0.00027499,0.00026171,0.00025519,BTC-BNT,136,3314,0.00025525,2017-11-07T15:19:07.943,39981.01471113
23,2.095e-05,4.16439294,2.069e-05,2016-06-13T02:27:33.34,2.252e-05,2.095e-05,2.026e-05,BTC-BRK,128,2211,2.055e-05,2017-11-07T15:19:37.257,194299.64893162
24,6.962e-05,17.22351327,6.874e-05,2016-07-10T21:25:05.127,7.207e-05,6.874e-05,6.251e-05,BTC-BRX,142,2034,6.706e-05,2017-11-07T15:19:19.46,255933.25646867
25,8.214e-05,7.64701756,8.148e-05,2016-02-17T00:54:23.677,8.6e-05,8.214e-05,8.078e-05,BTC-BSD,188,2037,8.49e-05,2017-11-07T15:18:17.85,91431.98719023
26,0.01761969,8.25750217,0.01751,2014-07-14T06:05:04.567,0.01790817,0.01761969,0.01593002,BTC-BTCD,167,711,0.01784949,2017-11-07T15:16:02.753,480.7676977
27,0.0,63.85828478,0.0,2014-11-24T08:18:16.53,9.98e-06,8.86e-06,8.44e-06,BTC-BTS,229,4558,8.63e-06,2017-11-05T04:00:22.963,6871090.19001538
28,8.3e-07,13.51321944,8.1e-07,2014-09-16T07:41:56.047,8.8e-07,8.3e-07,7.5e-07,BTC-BURST,314,6357,8.2e-07,2017-11-07T15:17:25.287,16659491.88103283
29,0.000155,136.70854716,0.000154,2014-11-03T19:02:45.96,0.00016843,0.000154,7.455e-05,BTC-BYC,287,1057,7.54e-05,2017-11-07T15:20:18.803,1054704.16448024
30,3.7e-06,24.47371156,3.68e-06,2014-08-10T06:48:44.83,4.49e-06,3.68e-06,3.58e-06,BTC-CANN,258,6248,3.94e-06,2017-11-07T15:15:26.063,6083659.52667576
31,1.278e-05,102.42068224,1.264e-05,2017-06-19T19:59:14.78,1.589e-05,1.278e-05,1.204e-05,BTC-CFI,241,5373,1.26e-05,2017-11-07T15:20:19.227,7293008.93890362
32,0.00068968,7.44449712,0.00068129,2015-04-18T22:04:25.183,0.00072071,0.00068125,0.00064184,BTC-CLAM,235,1467,0.00066003,2017-11-07T15:20:18.397,10802.3876196
33,0.00069372,19.52912154,0.00069147,2014-06-04T08:53:18.563,0.0007666,0.00068299,0.00060111,BTC-CLOAK,316,2869,0.00066596,2017-11-07T15:20:11.913,28737.47988272
34,0.00021451,63.44363061,0.0002145,2015-12-18T00:30:10.31,0.00021878,0.00021451,0.0001996,BTC-CLUB,402,1818,0.00020366,2017-11-07T15:19:46.257,303001.69091221
35,6.9e-07,9.74663184,6.8e-07,2015-01-22T19:11:45.903,7.1e-07,6.9e-07,6.4e-07,BTC-COVAL,302,4726,7e-07,2017-11-07T15:19:42.553,14275160.28142558
36,5.113e-05,19.48171656,5.024e-05,2015-07-25T06:30:32.53,6.187e-05,5.11e-05,5.004e-05,BTC-CPC,110,2775,5.926e-05,2017-11-07T15:20:09.867,347763.57581127
37,5.199e-05,235.28295913,5.134e-05,2017-06-13T19:40:35.203,6.999e-05,5.199e-05,4.328e-05,BTC-CRB,137,2978,4.252e-05,2017-11-07T15:20:18.63,3900780.26757659
38,0.00021049,14.33330787,0.00021003,2017-03-06T21:10:15.663,0.00021049,0.00021049,0.0001883,BTC-CRW,193,1646,0.00019789,2017-11-07T15:20:15.477,73011.50054412
39,4.48e-05,87.12393799,4.397e-05,2014-05-13T09:00:00,6.146e-05,4.48e-05,4.23e-05,BTC-CURE,322,2204,5.714e-05,2017-11-07T15:20:14.553,1649694.45305735
40,4.071e-05,141.31378287,4.046e-05,2017-07-16T23:04:18.867,4.18e-05,4.071e-05,3.913e-05,BTC-CVC,834,12005,3.92e-05,2017-11-07T15:19:42.647,3488941.86346059
41,0.03993902,506.35348727,0.03991367,2014-03-11T08:00:00,0.0421155,0.03993902,0.03793357,BTC-DASH,1207,6066,0.03791783,2017-11-07T15:20:18.57,12599.98196589
42,0.00404706,49.87722744,0.00401328,2016-02-09T21:06:51.577,0.0042,0.00404747,0.00379999,BTC-DCR,525,4639,0.00384014,2017-11-07T15:20:18.04,12345.25099594
43,6.015e-05,12.40959206,5.922e-05,2017-06-30T16:35:24.643,6.298e-05,5.92e-05,5.7e-05,BTC-DCT,158,4818,5.999e-05,2017-11-07T15:19:53.93,207858.57925499
44,1.2e-06,237.60489651,1.19e-06,2014-08-20T07:09:57.207,1.27e-06,1.19e-06,1.15e-06,BTC-DGB,958,25420,1.17e-06,2017-11-07T15:19:48.24,196554086.49390638
45,0.0090742,6.15017528,0.00904826,2016-06-14T16:25:12.063,0.00916,0.0090742,0.00856101,BTC-DGD,153,1089,0.00879497,2017-11-07T15:18:09.833,688.61171304
46,0.0012,41.13171612,0.00119001,2015-05-01T17:31:24.97,0.00144435,0.00119001,0.00089003,BTC-DMD,331,1702,0.00092,2017-11-07T15:20:13.24,35938.21118771
47,5.52e-06,28.25673815,5.42e-06,2017-08-04T02:09:02.873,5.95e-06,5.52e-06,5.28e-06,BTC-DNT,149,1965,5.64e-06,2017-11-07T15:20:13.227,4978577.7621249
48,1.7e-07,30.30600191,1.6e-07,2014-02-13T00:00:00,1.7e-07,1.6e-07,1.5e-07,BTC-DOGE,1646,18021,1.6e-07,2017-11-07T15:19:30.74,184772857.34098116
49,3.01e-06,33.2532218,2.94e-06,2014-10-17T19:09:32.6,3.88e-06,2.9e-06,2.83e-06,BTC-DOPE,286,3390,3.31e-06,2017-11-07T15:20:06.29,10337843.29432038
50,6.079e-05,6.42132842,5.885e-05,2017-04-01T04:06:13.887,6.366e-05,5.916e-05,5.38e-05,BTC-DTB,141,3069,5.43e-05,2017-11-07T15:19:21.223,110784.40374049
51,0.000433,1.65457406,0.00042526,2017-03-23T00:10:19.403,0.0004499,0.00042526,0.000418,BTC-DYN,155,922,0.00041897,2017-11-07T15:01:00.967,3835.54170511
52,1.5e-05,7.54109596,1.48e-05,2016-09-15T15:47:38.92,1.541e-05,1.5e-05,1.425e-05,BTC-EBST,149,4422,1.462e-05,2017-11-07T15:20:01.163,506995.54249638
53,7.8e-05,39.57739236,7.794e-05,2017-04-18T00:56:59.243,7.799e-05,7.794e-05,7.153e-05,BTC-EDG,324,6204,7.396e-05,2017-11-07T15:19:03.96,527806.78024456
54,1.725e-05,1.44563448,1.696e-05,2014-03-20T20:00:00,1.75e-05,1.696e-05,1.626e-05,BTC-EFL,126,1582,1.637e-05,2017-11-07T15:15:18.063,86157.66567627
55,3.17e-05,4.13237369,3.169e-05,2016-01-18T21:01:43.837,3.2e-05,3.169e-05,2.991e-05,BTC-EGC,256,2893,3.143e-05,2017-11-07T15:19:13.57,133649.03984506
56,8.792e-05,70.57014893,8.611e-05,2016-01-06T05:28:04.553,0.00010274,8.609e-05,8.31e-05,BTC-EMC,253,3108,8.401e-05,2017-11-07T15:20:18.693,760595.71923081
57,9.15e-06,113.29199193,9.11e-06,2014-12-24T00:00:00,9.83e-06,9.15e-06,8.28e-06,BTC-EMC2,350,7065,8.5e-06,2017-11-07T15:19:47.24,12658744.57614323
58,1.771e-05,29.6885986,1.719e-05,2014-05-04T00:00:00,2.025e-05,1.771e-05,1.477e-05,BTC-ENRG,260,2283,1.516e-05,2017-11-07T15:20:16.727,1676609.37446789
59,7.932e-05,158.61396877,7.92e-05,2014-05-10T17:00:00,0.0001125,7.932e-05,6.077e-05,BTC-ERC,232,1915,6.075e-05,2017-11-07T15:20:11.773,1818417.81183769
60,0.00190904,573.63881607,0.00190811,2016-07-26T18:10:22.82,0.00206832,0.00190904,0.00189387,BTC-ETC,1050,8256,0.00199002,2017-11-07T15:20:17.163,287315.6599624
61,0.041035,2884.98316615,0.04103,2015-08-14T09:02:24.817,0.04340655,0.041035,0.04021202,BTC-ETH,3830,20052,0.04124998,2017-11-07T15:20:17.897,68621.42360495
62,0.0001725,6.45138186,0.00017249,2014-09-28T20:33:27.633,0.00019657,0.00017249,0.00016702,BTC-EXCL,203,1515,0.00019195,2017-11-07T15:14:47.67,36219.80432033
63,0.00025373,45.80233119,0.00025002,2015-09-16T17:10:15.253,0.00029499,0.00025002,0.00024083,BTC-EXP,186,4162,0.00024589,2017-11-07T15:20:19.023,173457.15600476
64,0.00011997,1.65903971,0.00011802,2014-12-12T19:51:07.703,0.000124,0.00011997,0.00011504,BTC-FAIR,241,931,0.0001229,2017-11-07T15:20:01.35,13646.68484375
65,0.00244999,201.36249564,0.00236128,2016-01-09T03:47:07.803,0.00248,0.00236128,0.00200007,BTC-FCT,621,3858,0.00201067,2017-11-07T15:20:17.897,89505.01743365
66,1.48e-06,13.03465276,1.47e-06,2015-02-23T23:01:53.92,1.57e-06,1.47e-06,1.44e-06,BTC-FLDC,289,3723,1.47e-06,2017-11-07T15:13:29.403,8678898.07661867
67,1.214e-05,14.76720512,1.19e-05,2015-03-11T05:43:30.193,1.272e-05,1.206e-05,1.052e-05,BTC-FLO,192,2385,1.068e-05,2017-11-07T15:20:15.24,1278518.72376145
68,1.609e-05,145.94695643,1.6e-05,2014-02-13T00:00:00,1.702e-05,1.6e-05,1.345e-05,BTC-FTC,949,5267,1.664e-05,2017-11-07T15:20:14.477,9318385.64802293
69,2.21e-06,108.91410513,2.19e-06,2017-07-04T18:45:47.13,2.3e-06,2.19e-06,1.96e-06,BTC-FUN,270,6192,2.12e-06,2017-11-07T15:19:52.43,49846731.53486922
70,0.00101879,1.40911816,0.00099504,2015-05-05T22:38:44.963,0.0010189,0.00099489,0.00093348,BTC-GAM,107,829,0.00095202,2017-11-07T15:20:16.413,1426.900277
71,0.000235,67.27470542,0.00023454,2015-04-08T04:09:53.013,0.00024778,0.000235,0.00022714,BTC-GAME,251,5383,0.00022839,2017-11-07T15:18:36.617,285273.9047332
72,1.538e-05,22.08396973,1.52e-05,2017-02-12T00:38:21.023,1.7e-05,1.53e-05,1.44e-05,BTC-GBG,171,2925,1.441e-05,2017-11-07T15:18:57.57,1383639.01000699
73,0.02334162,87.6463458,0.02285624,2017-04-13T20:46:39.83,0.0253,0.0234,0.02070022,BTC-GBYTE,317,3569,0.02135522,2017-11-07T15:19:52.867,3721.82812113
74,6.76e-06,21.8070937,6.63e-06,2015-08-24T00:25:28.933,8.24e-06,6.78e-06,6.46e-06,BTC-GCR,93,3987,6.62e-06,2017-11-07T15:19:26.443,2934179.28842196
75,0.00013852,8.01069404,0.00013841,2015-02-21T03:29:43.267,0.00014905,0.00013854,0.00013503,BTC-GEO,313,2680,0.00013726,2017-11-07T15:20:17.85,56643.19968624
76,2.11e-05,4.75575017,2.052e-05,2014-03-22T16:00:00,2.152e-05,2.09e-05,1.919e-05,BTC-GLD,273,2204,1.973e-05,2017-11-07T15:20:12.54,234985.56092194
77,0.00861894,10.24305528,0.00850134,2017-04-28T02:43:12,0.0087571,0.00861927,0.00837988,BTC-GNO,156,2293,0.00845104,2017-11-07T15:20:19.193,1193.79851404
78,2.7e-05,114.96769844,2.695e-05,2017-04-17T21:35:59.26,2.8e-05,2.695e-05,2.567e-05,BTC-GNT,466,10550,2.654e-05,2017-11-07T15:19:56.49,4272261.87295957
79,1.63e-05,6.49204007,1.612e-05,2017-01-19T23:23:12.41,1.658e-05,1.63e-05,1.54e-05,BTC-GOLOS,190,2137,1.571e-05,2017-11-07T15:15:12.563,406632.76814188
80,5.68e-06,7.93668208,5.61e-06,2015-02-27T19:57:02.82,5.69e-06,5.69e-06,5.08e-06,BTC-GRC,241,3577,5.19e-06,2017-11-07T15:20:06.68,1468482.30615318
81,9.134e-05,1226.94251343,9.045e-05,2014-04-03T05:00:00,0.0001085,9.045e-05,8.7e-05,BTC-GRS,1787,5224,9.412e-05,2017-11-07T15:20:10.35,12552702.30535701
82,2.146e-05,91.63982334,2.139e-05,2017-04-29T18:08:12.39,2.711e-05,2.139e-05,1.868e-05,BTC-GUP,206,3637,1.93e-05,2017-11-07T15:20:17.443,4121102.3325723
83,1.261e-05,41.46302154,1.24e-05,2017-05-10T00:02:47.373,1.395e-05,1.262e-05,1.2e-05,BTC-HMQ,180,4043,1.203e-05,2017-11-07T15:20:19.257,3193537.9476869
84,2.142e-05,3.08929863,2.141e-05,2017-04-04T21:20:51.083,2.209e-05,2.142e-05,2.093e-05,BTC-INCNT,129,2709,2.182e-05,2017-11-07T05:43:44.113,142340.20175623
85,9.411e-05,3.70782613,9.11e-05,2015-10-03T20:41:41.403,9.535e-05,9.11e-05,8.904e-05,BTC-INFX,178,1551,9.016e-05,2017-11-07T15:17:38.287,40060.53659685
86,0.00035277,101.59183732,0.00035,2014-07-29T16:57:43.787,0.0004897,0.00035,0.0003,BTC-IOC,212,1937,0.00031401,2017-11-07T15:20:17.897,254616.40479091
87,0.00015065,6.24718126,0.00015004,2017-02-18T23:41:17.04,0.000152,0.00015126,0.00014226,BTC-ION,191,2177,0.00015157,2017-11-07T15:20:14.587,42176.47904518
88,0.00031775,56.33022604,0.000315,2016-12-22T00:54:23.477,0.00033399,0.00031755,0.00029,BTC-IOP,348,5661,0.00031315,2017-11-07T15:20:15.757,177452.22365397
89,0.00038449,551.73676142,0.00038363,2017-02-11T23:04:01.853,0.00040898,0.00038449,0.00036,BTC-KMD,1579,6585,0.00038117,2017-11-07T15:19:49.803,1438502.5657141
90,0.000495,20.52865152,0.00049316,2014-06-17T05:46:29.303,0.00053644,0.0004991,0.000475,BTC-KORE,264,2434,0.00050101,2017-11-07T15:17:09.393,40450.38820282
91,2.197e-05,30.90122987,2.164e-05,2016-07-05T21:50:07.81,2.219e-05,2.16e-05,1.995e-05,BTC-LBC,385,8895,1.997e-05,2017-11-07T15:20:18.71,1441816.87911363
92,0.00012798,122.37303412,0.00012682,2017-04-18T07:37:41.3,0.00014325,0.00012798,0.00011561,BTC-LGD,413,5384,0.00013606,2017-11-07T15:18:45.507,931638.0436716
93,6.3e-06,19.42461914,6.23e-06,2017-02-18T23:55:53.153,6.44e-06,6.23e-06,6.06e-06,BTC-LMC,205,5450,6.19e-06,2017-11-07T15:20:11.43,3135930.62246709
94,0.000672,350.63803389,0.00067171,2016-05-24T18:49:52.77,0.0007,0.000672,0.00062458,BTC-LSK,1681,8393,0.00062953,2017-11-07T15:20:11.257,531200.31458299
95,0.0081415,1135.81969617,0.0081248,2014-02-13T00:00:00,0.0083,0.00814149,0.0076,BTC-LTC,2412,13199,0.00763,2017-11-07T15:20:01.93,143848.24239957
96,0.00070509,10.95188378,0.0007,2017-04-30T16:57:03.27,0.00072739,0.0007,0.00065,BTC-LUN,164,4096,0.00065,2017-11-07T15:13:42.53,15824.08647219
97,5.306e-05,53.44009801,5.272e-05,2016-01-18T20:38:22.707,5.5e-05,5.318e-05,4.603e-05,BTC-MAID,332,3909,4.717e-05,2017-11-07T15:20:10.477,1053914.54149705
98,1.8e-06,17.14619421,1.78e-06,2017-10-13T23:32:02.993,1.85e-06,1.78e-06,1.61e-06,BTC-MANA,177,2482,1.6e-06,2017-11-07T15:16:29.3,9877722.15668018
99,0.0008166,225.33691996,0.00081536,2017-07-02T00:37:16.957,0.00086821,0.00081536,0.00078754,BTC-MCO,483,10144,0.000804,2017-11-07T15:20:04.18,271074.64336538
100,3.2e-05,384.30035427,3.186e-05,2016-04-01T18:24:07.207,4.34e-05,3.2e-05,2.843e-05,BTC-MEME,327,1801,3.549e-05,2017-11-07T15:19:04.02,10616717.41944714
101,0.008178,13.66728409,0.00800009,2017-03-15T19:30:56.167,0.00864404,0.008178,0.00762766,BTC-MLN,112,1498,0.0085005,2017-11-07T15:20:08.93,1695.78720082
102,0.00037339,57.2589664,0.000373,2014-04-18T22:00:00,0.00038239,0.00037339,0.000362,BTC-MONA,468,3824,0.0003735,2017-11-07T15:20:13.523,154696.00483737
103,0.00070978,194.33586021,0.00070408,2017-07-08T14:59:57.34,0.00077616,0.00070978,0.00067144,BTC-MTL,536,6217,0.00068099,2017-11-07T15:19:48.913,270433.6816726
104,1.488e-05,14.03032097,1.465e-05,2015-04-09T17:31:31.113,1.65e-05,1.464e-05,1.401e-05,BTC-MUE,235,3073,1.447e-05,2017-11-07T15:20:10.333,942704.17375619
105,1.99e-06,36.65855521,1.98e-06,2017-03-27T19:59:13.073,2.52e-06,1.99e-06,1.86e-06,BTC-MUSIC,284,9390,1.88e-06,2017-11-07T15:12:42.497,17480647.2899541
106,8.502e-05,4.09632757,8.5e-05,2017-06-19T19:13:43.73,8.84e-05,8.502e-05,8.5e-05,BTC-MYST,156,3694,8.501e-05,2017-11-07T15:16:15.923,47751.77900405
107,0.000109,77.88773101,0.00010892,2014-07-08T03:37:28.39,0.00011375,0.000109,0.0001059,BTC-NAV,555,5193,0.0001055,2017-11-07T15:18:44.96,709002.58014664
108,0.00014149,24.42894232,0.00014012,2015-04-08T03:57:37.33,0.000144,0.00014149,0.00013634,BTC-NBT,46,1774,0.00013697,2017-11-07T15:18:13.473,174172.31577885
109,0.003729,1141.89886541,0.00372093,2016-10-26T01:28:31.96,0.00382043,0.00372093,0.003604,BTC-NEO,4765,27609,0.00362168,2017-11-07T15:19:32.333,308400.36696151
110,0.000327,7.24341785,0.000326,2014-08-20T00:06:59.63,0.0003435,0.0003275,0.00031456,BTC-NEOS,261,2042,0.0003435,2017-11-07T15:18:47.223,22286.77907113
111,1.358e-05,26.95027345,1.326e-05,2014-04-04T22:00:00,1.419e-05,1.325e-05,1.196e-05,BTC-NLG,267,3304,1.228e-05,2017-11-07T15:20:18.977,2037026.25036697
112,0.00150999,16.07779612,0.0015,2017-06-22T21:58:57.657,0.0016,0.00150999,0.00147258,BTC-NMR,149,4355,0.00149,2017-11-07T15:20:02.13,10551.24727328
113,2.736e-05,19.80715306,2.689e-05,2017-04-17T22:51:08.97,2.929e-05,2.716e-05,2.557e-05,BTC-NXC,102,3819,2.787e-05,2017-11-07T15:19:53.287,717729.68673711
114,0.00013652,24.25809784,0.00013615,2015-01-25T03:00:35.143,0.0001419,0.00013652,0.00012792,BTC-NXS,531,4201,0.000128,2017-11-07T15:19:56.1,178887.49723219
115,8.13e-06,44.12669054,8.1e-06,2014-03-03T09:00:00,8.27e-06,8.13e-06,7.87e-06,BTC-NXT,349,8428,7.93e-06,2017-11-07T15:20:17.693,5442919.0277565
116,3.493e-05,141.92505804,3.472e-05,2015-05-30T19:26:37.523,3.749e-05,3.493e-05,3.451e-05,BTC-OK,969,10305,3.531e-05,2017-11-07T15:20:01.21,3977657.35706957
117,0.00088968,950.05035387,0.00088685,2017-07-16T17:07:42.313,0.00096103,0.00088968,0.00086968,BTC-OMG,2354,17581,0.00086911,2017-11-07T15:20:04.21,1033176.85981999
118,0.00334786,12.71950446,0.00330167,2015-11-03T19:13:33.197,0.00335788,0.00334788,0.00296994,BTC-OMNI,336,2313,0.00297006,2017-11-07T15:19:41.13,3992.00388157
119,0.00121965,28.4047255,0.00119488,2017-07-20T18:19:07.157,0.00124999,0.00119488,0.00111,BTC-PART,267,1899,0.00112254,2017-11-07T15:20:19.227,23976.11573335
120,0.00023131,240.35116521,0.00022914,2017-07-07T07:14:00.793,0.00024348,0.00023135,0.00021661,BTC-PAY,996,14533,0.00021661,2017-11-07T15:20:17.507,1044952.38568956
121,1.75e-05,11.61772579,1.712e-05,2016-06-02T04:39:35.21,1.774e-05,1.708e-05,1.435e-05,BTC-PDC,198,2396,1.459e-05,2017-11-07T15:20:18.54,717410.54477778
122,3.27e-06,34.27946192,3.25e-06,2014-07-29T07:41:09.4,3.53e-06,3.27e-06,3e-06,BTC-PINK,251,2923,3.22e-06,2017-11-07T15:20:15.49,10326664.44185094
123,0.00040577,178.15921044,0.00040202,2016-03-02T20:45:37.987,0.00043595,0.00040202,0.000395,BTC-PIVX,905,6512,0.00043367,2017-11-07T15:20:06.913,435075.87131661
124,6.897e-05,26.76403245,6.724e-05,2015-06-03T06:31:14.35,7.864e-05,6.723e-05,6.65e-05,BTC-PKB,320,2562,7.001e-05,2017-11-07T15:20:17.07,374138.77851604
125,1.733e-05,1016.89453758,1.724e-05,2014-03-11T08:00:00,2.692e-05,1.705e-05,1.7e-05,BTC-POT,709,4163,2.49e-05,2017-11-07T15:20:19.193,46392685.76654781
126,0.0001873,5.32753698,0.00018719,2014-02-13T00:00:00,0.00019217,0.0001873,0.00018262,BTC-PPC,174,2795,0.00018401,2017-11-07T15:17:50.66,28493.85451522
127,4.7e-06,3.39855742,4.63e-06,2014-03-27T18:00:00,4.87e-06,4.63e-06,4.46e-06,BTC-PTC,216,2463,4.78e-06,2017-11-07T15:19:36.96,730207.13486162
128,2.157e-05,84.52822125,2.151e-05,2017-06-18T17:04:24.1,2.59e-05,2.151e-05,2.027e-05,BTC-PTOY,286,6654,2.045e-05,2017-11-07T15:18:26.787,3660744.77919557
129,8.482e-05,7.08682612,8.481e-05,2017-06-10T00:01:39.293,8.613e-05,8.481e-05,8.101e-05,BTC-QRL,339,3518,8.1e-05,2017-11-07T15:20:19.337,84844.49466645
130,0.00149969,745.28478682,0.00149079,2017-07-20T19:08:43.473,0.00155801,0.00149969,0.00142935,BTC-QTUM,894,11887,0.00144554,2017-11-07T15:20:19.21,499185.6729564
131,1.891e-05,37.26343299,1.888e-05,2017-03-05T19:30:16.853,2.135e-05,1.891e-05,1.891e-05,BTC-QWARK,246,5223,2.101e-05,2017-11-07T15:20:13.49,1846946.64849128
132,0.00045469,11.28923077,0.00044102,2016-01-26T23:22:16.193,0.00047099,0.00044098,0.00041861,BTC-RADS,119,2032,0.0004266,2017-11-07T15:20:15.74,25596.70111789
133,9.93e-05,10.72124452,9.818e-05,2014-04-05T08:00:00,0.00010556,9.928e-05,9.529e-05,BTC-RBY,1597,6047,9.614e-05,2017-11-07T15:18:45.507,107271.14517782
134,1.6e-07,60.90456116,1.5e-07,2014-02-25T09:00:00,1.6e-07,1.6e-07,1.4e-07,BTC-RDD,1264,18137,1.5e-07,2017-11-07T15:16:07.893,393829972.11407965
135,0.00245988,53.05353893,0.00243006,2016-10-04T15:45:37.14,0.00278,0.00243006,0.00228094,BTC-REP,177,1852,0.00231834,2017-11-07T15:20:18.79,21181.74849377
136,3.504e-05,102.48571431,3.498e-05,2016-06-24T17:00:00.043,3.65e-05,3.515e-05,3.396e-05,BTC-RISE,532,5694,3.456e-05,2017-11-07T15:20:18.647,2919484.78032335
137,7.398e-05,15.38592761,7.32e-05,2017-04-27T00:20:33.857,7.861e-05,7.314e-05,7.3e-05,BTC-RLC,186,3582,7.586e-05,2017-11-07T15:20:13.6,203865.69790542
138,1.23e-06,138.15345821,1.21e-06,2016-02-13T22:14:21.14,1.43e-06,1.23e-06,1.14e-06,BTC-SAFEX,511,6404,1.17e-06,2017-11-07T15:20:06.88,109044153.81350905
139,0.00041398,379.82456403,0.00041304,2017-10-16T17:32:48.777,0.00044108,0.00041398,0.00037129,BTC-SALT,583,1972,0.00037935,2017-11-07T15:19:16.583,938893.65483555
140,0.00014165,7.90153128,0.0001405,2016-07-09T19:02:08.943,0.000143,0.00014199,0.00013207,BTC-SBD,113,1844,0.00013206,2017-11-07T15:20:07.833,56877.14088959
141,5.3e-07,127.17482681,5.2e-07,2017-05-22T21:30:29.16,5.4e-07,5.3e-07,4.8e-07,BTC-SC,1124,26987,4.8e-07,2017-11-07T15:19:21.6,245010202.62812114
142,1.754e-05,20.97787769,1.726e-05,2016-09-23T07:10:11.78,1.91e-05,1.721e-05,1.651e-05,BTC-SEQ,145,1719,1.69e-05,2017-11-07T15:19:50.273,1146857.80839883
143,0.0001425,8.43167253,0.00014105,2016-10-11T19:48:35.573,0.00015095,0.00014105,0.000135,BTC-SHIFT,146,2385,0.00014569,2017-11-07T15:05:58,59049.95104789
144,0.000153,4.13157839,0.00015013,2017-02-18T22:34:49.373,0.000155,0.00015013,0.00014507,BTC-SIB,124,2419,0.00014695,2017-11-07T15:18:37.083,27415.48920523
145,4.962e-05,34.70107074,4.833e-05,2014-03-23T06:00:00,5.274e-05,4.828e-05,3.88e-05,BTC-SLR,278,1975,3.9e-05,2017-11-07T15:20:18.71,757243.74411389
146,0.00197976,10.88908195,0.00191241,2016-01-20T22:24:04.65,0.00204572,0.00197976,0.00171,BTC-SLS,205,1747,0.0017849,2017-11-07T15:20:18.257,5757.76574433
147,2.692e-05,456.07065567,2.679e-05,2016-10-02T22:16:04.773,3.653e-05,2.699e-05,2.113e-05,BTC-SNGLS,378,1957,2.207e-05,2017-11-07T15:20:12.647,15553148.80338164
148,0.00021996,17.0145093,0.0002194,2015-06-03T06:27:04.623,0.000237,0.00021996,0.000185,BTC-SNRG,291,1679,0.00019431,2017-11-07T15:20:15.6,83860.79160346
149,4.23e-06,96.5020295,4.19e-06,2017-06-28T18:26:15.73,4.33e-06,4.23e-06,4.08e-06,BTC-SNT,372,10249,4.16e-06,2017-11-07T15:19:53.413,22947180.82275479
150,0.0003972,6.62538964,0.00039003,2015-05-18T22:45:47.093,0.00040013,0.00039002,0.00037988,BTC-SPHR,137,1303,0.00038211,2017-11-07T15:20:07.38,17017.86787657
151,4.387e-05,14.64848609,4.307e-05,2014-12-19T02:33:07.747,4.595e-05,4.307e-05,4.101e-05,BTC-SPR,256,3405,4.299e-05,2017-11-07T15:20:16.413,337889.01669267
152,6.27e-06,13.9680504,6.11e-06,2014-06-14T07:09:15.327,7.21e-06,6.11e-06,6.1e-06,BTC-START,345,5896,6.88e-06,2017-11-07T15:20:11.54,2129466.96914045
153,0.00012299,74.64137764,0.00012298,2016-04-17T01:22:13.35,0.00013,0.00012297,0.00011906,BTC-STEEM,483,7653,0.00012008,2017-11-07T15:19:51.397,602063.62829189
154,7.266e-05,151.92144266,7.242e-05,2017-07-11T21:14:32.643,7.41e-05,7.267e-05,6.464e-05,BTC-STORJ,622,6695,6.537e-05,2017-11-07T15:19:53.49,2167266.2469646
155,0.00042246,334.89289189,0.0004224,2016-08-10T23:26:39.657,0.00044732,0.0004224,0.00041003,BTC-STRAT,1699,22226,0.00042402,2017-11-07T15:19:47.43,781996.38610767
156,0.00015358,51.21170843,0.0001535,2014-10-03T19:16:23.143,0.0001885,0.0001535,0.00014304,BTC-SWIFT,186,2004,0.00014457,2017-11-07T15:19:31.583,300675.17309244
157,0.00017446,6.53964152,0.00017415,2017-03-08T22:32:26.03,0.000179,0.00017415,0.00015394,BTC-SWT,117,1739,0.00017511,2017-11-07T15:11:23.713,38901.01591131
158,3.398e-05,37.79110456,3.352e-05,2016-08-25T21:23:15.27,3.709e-05,3.352e-05,3.253e-05,BTC-SYNX,181,2415,3.31e-05,2017-11-07T15:20:15.147,1099969.39793181
159,2.836e-05,158.33457467,2.835e-05,2014-08-16T19:57:48.823,2.892e-05,2.836e-05,2.732e-05,BTC-SYS,920,8207,2.745e-05,2017-11-07T15:19:06.77,5587655.07359378
160,2.33e-06,250.9626319,2.29e-06,2014-04-29T21:00:00,3.66e-06,2.33e-06,2.22e-06,BTC-THC,479,3985,3.4e-06,2017-11-07T15:20:03.96,86797445.15059263
161,0.00334541,2.88578213,0.00329715,2017-03-09T00:44:08.673,0.00336982,0.00334542,0.0032935,BTC-TIME,127,1584,0.00330242,2017-11-07T15:20:18.693,872.15357799
162,2.493e-05,26.74229824,2.433e-05,2017-10-25T21:01:08.287,2.739e-05,2.495e-05,2.413e-05,BTC-TIX,128,2277,2.489e-05,2017-11-07T15:20:15.943,1047332.52405895
163,0.00014897,23.9970161,0.0001465,2017-05-08T17:09:34.91,0.00016,0.00014898,0.00014546,BTC-TKN,174,3433,0.00015292,2017-11-07T15:20:08.82,158763.40043865
164,0.00025862,28.07444551,0.00025085,2017-03-23T00:48:15.94,0.000285,0.00025871,0.00022098,BTC-TKS,161,1464,0.00022526,2017-11-07T15:20:17.6,110034.89944399
165,8.339e-05,128.8417569,8.25e-05,2016-09-08T05:59:08.183,8.909e-05,8.339e-05,7.803e-05,BTC-TRIG,457,8788,8.28e-05,2017-11-07T15:20:01.93,1532092.77561031
166,3.446e-05,18.74081968,3.404e-05,2017-04-19T04:53:43.893,3.68e-05,3.446e-05,3.328e-05,BTC-TRST,250,3723,3.375e-05,2017-11-07T15:17:52.427,534122.9214385
167,1.658e-05,33.58015407,1.657e-05,2014-07-07T05:46:18.71,1.986e-05,1.658e-05,1.471e-05,BTC-TRUST,290,2088,1.556e-05,2017-11-07T15:19:49.943,1915697.68282172
168,0.00029303,30.66565189,0.000289,2015-09-02T08:02:54.3,0.00030598,0.00029,0.0002851,BTC-TX,386,803,0.00029,2017-11-07T15:20:13.023,103988.25174718
169,0.0001602,34.39471813,0.00016,2017-02-08T17:00:59.02,0.000165,0.00016,0.00014746,BTC-UBQ,639,7534,0.00015099,2017-11-07T15:18:42.053,219544.8071835
170,3.88e-05,4.29206222,3.822e-05,2016-08-24T21:39:28.357,3.949e-05,3.879e-05,3.581e-05,BTC-UNB,145,1624,3.727e-05,2017-11-07T15:18:41.91,114194.71228306
171,0.00021115,57.9600767,0.00020904,2014-07-18T00:20:00.393,0.00022,0.00021115,0.0002056,BTC-VIA,474,3266,0.00021173,2017-11-07T15:19:42.897,274151.15270294
172,5.69e-06,45.46707569,5.64e-06,2015-12-30T04:21:47.31,6.49e-06,5.64e-06,5.26e-06,BTC-VOX,266,5944,5.94e-06,2017-11-07T15:18:16.85,7778884.47403491
173,7.61e-05,109.09460523,7.598e-05,2014-05-13T07:00:00,8.7e-05,7.63e-05,7.044e-05,BTC-VRC,501,2561,8.029e-05,2017-11-07T15:20:18.803,1377895.80233199
174,0.0004341,7.82389905,0.00042538,2016-09-16T04:52:17.637,0.00044711,0.0004341,0.00040502,BTC-VRM,214,1508,0.00041502,2017-11-07T15:19:30.35,18289.5936927
175,0.00050866,958.46012842,0.0005043,2014-02-13T00:00:00,0.00054695,0.0005043,0.00047569,BTC-VTC,2937,8422,0.00052306,2017-11-07T15:20:09.257,1865463.87991375
176,2.997e-05,55.68777248,2.996e-05,2014-12-19T02:33:10.943,3.304e-05,2.996e-05,2.441e-05,BTC-VTR,248,1967,2.513e-05,2017-11-07T15:19:26.443,1925834.26474498
177,0.00052069,351.28710008,0.00052035,2016-06-19T15:46:31.167,0.0005321,0.00052035,0.00046,BTC-WAVES,1231,11375,0.00048309,2017-11-07T15:20:00.18,694483.80517178
178,5.237e-05,12.81154188,5.182e-05,2017-04-26T22:34:24.49,5.544e-05,5.236e-05,5.09e-05,BTC-WINGS,137,5105,5.202e-05,2017-11-07T15:14:51.39,240006.64923687
179,2.54e-05,4.56053736,2.499e-05,2016-09-25T00:15:16.103,2.54e-05,2.54e-05,2.426e-05,BTC-XAUR,81,1437,2.475e-05,2017-11-07T15:19:41.63,183423.18496247
180,0.00173419,35.68886025,0.00172971,2015-02-14T04:20:41,0.00185,0.00173522,0.00155331,BTC-XCP,420,3449,0.00157631,2017-11-07T15:19:27.85,20449.45875788
181,3.2e-07,12.25811411,3.1e-07,2014-06-21T18:37:57.64,3.3e-07,3.2e-07,3e-07,BTC-XDN,623,6592,3.2e-07,2017-11-07T15:15:45.237,38856609.66240759
182,3.965e-05,185.64164864,3.888e-05,2017-07-01T17:38:44.883,4.921e-05,3.968e-05,3.746e-05,BTC-XEL,345,7192,3.755e-05,2017-11-07T15:20:06.1,4350929.29196208
183,2.558e-05,240.82036865,2.54e-05,2015-04-10T21:06:00.043,2.689e-05,2.558e-05,2.393e-05,BTC-XEM,1069,11894,2.537e-05,2017-11-07T15:20:10.867,9462208.11413692
184,4.37e-06,1123.88775506,4.33e-06,2015-11-17T20:06:44.92,4.8e-06,4.33e-06,3.75e-06,BTC-XLM,1696,15705,3.78e-06,2017-11-07T15:20:02.07,260273577.02249447
185,3.257e-05,9.02785455,3.228e-05,2014-11-10T06:25:07.533,3.65e-05,3.257e-05,3.205e-05,BTC-XMG,306,2278,3.55e-05,2017-11-07T15:19:51.46,261140.42912222
186,0.01369279,1025.84296055,0.01368272,2014-06-04T07:38:39.24,0.014997,0.01369964,0.0129,BTC-XMR,1504,7149,0.01297119,2017-11-07T15:20:13.74,73864.15111151
187,4.1e-07,22.7802628,4e-07,2014-03-15T08:00:00,4.5e-07,4e-07,3.7e-07,BTC-XMY,440,4811,3.7e-07,2017-11-07T15:15:51.83,55556261.46553636
188,2.893e-05,983.38236501,2.882e-05,2014-12-22T19:30:27.45,2.931e-05,2.894e-05,2.773e-05,BTC-XRP,2234,26546,2.785e-05,2017-11-07T15:20:16.837,34459090.40117856
189,2.346e-05,17.05764711,2.282e-05,2014-07-09T20:33:00.59,2.535e-05,2.342e-05,2.171e-05,BTC-XST,220,1343,2.241e-05,2017-11-07T15:20:11.273,721276.9699218
190,0.00012744,435.03855725,0.00012502,2016-03-12T19:37:38.863,0.00018694,0.00012502,0.00012502,BTC-XVC,713,3033,0.00017743,2017-11-07T15:20:18.773,2784066.13032821
191,1.06e-06,2189.05890529,1.05e-06,2016-02-17T22:42:03.61,1.31e-06,1.05e-06,9.5e-07,BTC-XVG,3291,16335,1.3e-06,2017-11-07T15:20:17.053,1963293383.0052547
192,7.13e-06,33.51031232,7.02e-06,2014-04-14T00:00:00,8e-06,7.11e-06,6.71e-06,BTC-XWC,488,1439,7.75e-06,2017-11-07T15:20:13.367,4412159.99390439
193,0.00211973,118.13383831,0.00211871,2016-10-20T04:48:30.387,0.00228,0.00211871,0.002054,BTC-XZC,893,3674,0.00212886,2017-11-07T15:20:19.087,54576.28238528
194,0.0002546,18.53015102,0.00025183,2016-11-15T20:29:59.73,0.000255,0.0002518,0.00023303,BTC-ZCL,215,5203,0.00023798,2017-11-07T15:20:17.21,76125.27048116
195,0.033,319.83347579,0.03293113,2016-10-28T17:13:10.833,0.03382818,0.03293113,0.0312709,BTC-ZEC,917,11375,0.03137725,2017-11-07T15:19:56.49,9819.29150212
196,0.00291,154.71103799,0.00289359,2017-06-05T16:39:49.07,0.0031,0.00289359,0.002819,BTC-ZEN,1649,4425,0.00294035,2017-11-07T15:18:55.96,52767.77889431
197,0.00123388,476.70150885,0.00119153,2017-06-11T17:33:06.127,0.00172,0.00119995,0.00103153,ETH-1ST,110,335,0.00108472,2017-11-07T15:20:18.523,350215.20852697
198,6.655e-05,78.02365392,6.526e-05,2017-07-03T21:08:06.22,7.34e-05,6.501e-05,6.31e-05,ETH-ADT,72,536,6.447e-05,2017-11-07T15:13:50.373,1166928.05880582
199,0.0030503,618.77554562,0.00303945,2017-07-11T22:42:17.78,0.0033389,0.00303944,0.00289343,ETH-ADX,185,571,0.00295392,2017-11-07T15:19:54.367,197849.50950106
200,0.0038236,246.89164869,0.00376,2017-05-19T15:55:11.293,0.00399598,0.00387865,0.00330006,ETH-ANT,86,411,0.00399666,2017-11-07T15:20:18.43,68201.02243217
201,0.00048696,157.6909009,0.00048188,2017-06-03T22:04:52.38,0.000487,0.00048188,0.00046003,ETH-BAT,181,1085,0.00046553,2017-11-07T15:20:07.227,332915.35202669
202,2.06,2948.000799,2.049494,2017-08-01T18:34:04.763,2.1878999,2.06999871,1.96000003,ETH-BCC,437,447,2.18789988,2017-11-07T15:20:14.6,1449.39274253
203,0.00640899,105.54652462,0.00630151,2017-06-22T21:36:30.867,0.00640899,0.00640763,0.00621213,ETH-BNT,69,411,0.00624048,2017-11-07T15:20:18.57,16850.66253048
204,0.0,26.34440146,0.0,2017-08-04T18:01:27.853,0.00017062,0.00015172,0.00013,ETH-BTS,74,212,0.00014932,2017-11-05T04:03:45.967,175120.1443082
205,0.00031239,165.05902264,0.00030588,2017-06-19T19:59:14.89,0.00037576,0.00030588,0.00029,ETH-CFI,103,434,0.00030476,2017-11-07T15:20:14.303,503569.08461426
206,0.00127413,172.90252109,0.00121185,2017-06-13T19:40:35.217,0.00164498,0.0013,0.0010229,ETH-CRB,60,178,0.00104351,2017-11-07T15:20:18.727,128246.23107182
207,0.0009943,391.09836407,0.0009805,2017-07-16T23:04:18.99,0.00099398,0.0009805,0.00092,ETH-CVC,186,1020,0.000951,2017-11-07T15:17:01.223,405282.43835333
208,0.98928483,395.34251521,0.974,2017-07-14T17:10:05.143,0.99999999,0.97958872,0.909009,ETH-DASH,133,224,0.91999959,2017-11-07T15:20:19.227,412.02752077
209,2.947e-05,130.70812707,2.911e-05,2017-08-04T18:01:27.777,2.952e-05,2.896e-05,2.754e-05,ETH-DGB,77,596,2.831e-05,2017-11-07T15:20:14.647,4512331.04280851
210,0.22698561,11.04515306,0.21702878,2016-06-17T18:51:39.087,0.22699978,0.22699928,0.20593881,ETH-DGD,67,193,0.20925303,2017-11-07T15:20:17.837,52.10772773
211,0.00013694,89.54983608,0.00013203,2017-08-04T02:09:02.887,0.0001463,0.00013503,0.00012835,ETH-DNT,60,374,0.00013647,2017-11-07T15:20:17.68,659931.04622392
212,0.04656329,883.56200099,0.04640255,2016-07-28T21:45:59.05,0.04903002,0.0464998,0.04615162,ETH-ETC,191,1032,0.04832536,2017-11-07T15:19:41.1,18610.20934707
213,0.05913303,168.81312158,0.05687845,2017-08-04T18:01:27.853,0.05976,0.05687787,0.04755237,ETH-FCT,72,172,0.04781535,2017-11-07T15:20:19.053,3176.79438605
214,5.313e-05,140.80024222,5.228e-05,2017-07-04T18:45:47.143,5.443e-05,5.313e-05,4.7e-05,ETH-FUN,104,835,5.103e-05,2017-11-07T15:20:16.24,2715658.88920082
215,0.20844448,4.88571367,0.20491122,2017-04-30T18:42:52.17,0.2112,0.20846403,0.19999938,ETH-GNO,65,263,0.21086854,2017-11-07T15:20:00.163,23.95994987
216,0.00066351,593.78976304,0.00065371,2017-04-20T06:38:51.877,0.00066222,0.00066222,0.00061599,ETH-GNT,213,1419,0.000642,2017-11-07T15:20:18.913,932995.31178734
217,0.00051955,258.64886504,0.00051353,2017-04-30T18:40:42.213,0.000634,0.00051332,0.0004512,ETH-GUP,66,225,0.0004656,2017-11-07T15:20:17.85,512785.71696647
218,0.00031915,77.71055167,0.00030024,2017-05-10T07:27:27.597,0.00033111,0.00030632,0.00028302,ETH-HMQ,69,293,0.00029449,2017-11-07T15:20:18.693,257094.01800698
219,0.0030973,187.79931529,0.00303142,2017-06-17T15:02:02.783,0.00356244,0.0030973,0.00276021,ETH-LGD,78,327,0.00334832,2017-11-07T15:20:17.49,61553.73257947
220,0.19899998,1032.77359655,0.1986003,2017-06-25T03:06:46.83,0.19998348,0.19859998,0.18100002,ETH-LTC,306,532,0.18519999,2017-11-07T15:19:50.43,5435.94886624
221,0.01715151,55.40151541,0.01681132,2017-04-30T18:41:22.84,0.01715166,0.01715166,0.01580807,ETH-LUN,62,283,0.01591477,2017-11-07T15:20:07.553,3395.07812865
222,4.397e-05,40.50933897,4.301e-05,2017-10-13T23:32:03.027,4.525e-05,4.3e-05,3.867e-05,ETH-MANA,72,223,3.803e-05,2017-11-07T15:17:06.02,973660.73303155
223,0.0199,359.12927171,0.01989039,2017-07-02T00:37:17.05,0.02049996,0.01989039,0.019,ETH-MCO,187,1033,0.01932,2017-11-07T15:20:18.46,18331.81762865
224,0.01743102,141.53761847,0.01688647,2017-07-08T14:59:57.37,0.01799422,0.01714241,0.0160001,ETH-MTL,118,528,0.01632,2017-11-07T15:20:18.803,8387.6757902
225,0.00208112,3.35049134,0.00205929,2017-06-19T19:13:43.743,0.0021976,0.00206051,0.0020101,ETH-MYST,45,375,0.00219137,2017-11-07T15:19:48.257,1627.20707905
226,0.09075426,1599.357526,0.09072582,2017-07-21T01:08:49.397,0.09072582,0.09072582,0.0862,ETH-NEO,916,1721,0.088,2017-11-07T15:19:54.913,18163.3706138
227,0.03728566,16.32842132,0.03600255,2017-06-22T21:58:57.657,0.04,0.03728574,0.03435706,ETH-NMR,98,428,0.03655436,2017-11-07T15:20:02.46,449.93351629
228,0.02178848,1784.86821587,0.02176735,2017-07-16T17:07:42.41,0.0225,0.02176737,0.02085,ETH-OMG,560,2137,0.02108388,2017-11-07T15:20:06.71,82158.46905947
229,0.00559997,705.89651315,0.00552041,2017-07-07T07:14:00.873,0.00575931,0.00559986,0.00520201,ETH-PAY,305,1680,0.00526,2017-11-07T15:20:18.773,129974.39719292
230,0.00052969,194.34492766,0.00052271,2017-06-18T17:04:24.147,0.00061394,0.0005299,0.00048652,ETH-PTOY,78,530,0.00052192,2017-11-07T15:20:17.29,356085.71416526
231,0.00205984,9.96053414,0.00199994,2017-06-11T17:33:06.14,0.00201927,0.002,0.00190001,ETH-QRL,90,197,0.00204259,2017-11-07T15:20:17.07,5026.68231775
232,0.03664613,1291.00333942,0.03630032,2017-07-20T19:08:43.473,0.03736976,0.03630001,0.034,ETH-QTUM,364,1017,0.03559836,2017-11-07T15:20:18.93,35923.5716383
233,0.06092952,153.68339747,0.05875447,2017-04-20T06:43:49.19,0.06869237,0.058753,0.05519379,ETH-REP,100,179,0.05662639,2017-11-07T15:20:18.693,2624.62908244
234,0.001826,29.574392,0.001775,2017-04-30T18:41:22.823,0.00186341,0.00177126,0.00175,ETH-RLC,64,283,0.0018589,2017-11-07T15:20:11.913,16228.24989297
235,0.01006199,969.39143242,0.00999181,2017-10-16T17:32:48.84,0.01042752,0.01003677,0.00900744,ETH-SALT,98,195,0.00910456,2017-11-07T15:20:17.943,100413.78387208
236,1.275e-05,145.59322608,1.261e-05,2017-07-14T17:10:07.74,1.285e-05,1.274e-05,1.149e-05,ETH-SC,140,1168,1.184e-05,2017-11-07T15:19:08.63,11937489.72583801
237,0.00066025,1299.38767709,0.00065874,2017-04-30T18:41:22.853,0.00086196,0.00065874,0.000504,ETH-SNGLS,183,198,0.0005317,2017-11-07T15:19:58.897,1910421.6147463
238,0.00010298,267.17826114,0.00010152,2017-06-28T18:26:15.747,0.00010317,0.00010298,9.702e-05,ETH-SNT,175,1041,0.00010192,2017-11-07T15:19:13.037,2659823.39694407
239,0.00177,124.97937937,0.00173453,2017-07-11T21:14:32.643,0.00178,0.00177,0.00155,ETH-STORJ,128,444,0.00162,2017-11-07T15:20:19.1,76536.72712531
240,0.01036422,242.47316874,0.01015263,2017-08-04T18:01:27.713,0.01047204,0.01014914,0.00985906,ETH-STRAT,232,1176,0.01032375,2017-11-07T15:20:18.57,23958.41102621
241,0.08213298,6.09313182,0.07877912,2017-06-23T18:01:03.323,0.07838918,0.07838918,0.0766623,ETH-TIME,70,135,0.07834608,2017-11-07T15:20:09.897,77.88982641
242,0.00060499,51.05298749,0.00058627,2017-10-25T21:01:08.287,0.000635,0.000605,0.00058002,ETH-TIX,36,313,0.00061193,2017-11-07T15:20:19.32,83583.53388777
243,0.00364992,39.23753675,0.00353733,2017-05-09T04:43:46.723,0.00383058,0.00364992,0.00335111,ETH-TKN,66,491,0.0038783,2017-11-07T15:18:49.49,10882.91084872
244,0.00083715,65.38700737,0.00081266,2017-05-19T15:55:11.28,0.000882,0.000815,0.000802,ETH-TRST,78,210,0.00081629,2017-11-07T15:19:23.223,78493.0674014
245,0.01279939,273.59854454,0.01249026,2017-08-04T18:00:50.15,0.01280005,0.01240318,0.0111,ETH-WAVES,192,453,0.012,2017-11-07T15:20:19.227,22855.86755079
246,0.00126516,68.96869966,0.001252,2017-04-26T22:16:06.627,0.00129513,0.00126516,0.00123944,ETH-WINGS,47,319,0.00129125,2017-11-07T15:08:45.79,54656.99568928
247,0.00062499,577.193266,0.00061503,2017-07-21T01:08:49.38,0.00063419,0.000625,0.00057261,ETH-XEM,142,550,0.00061745,2017-11-07T15:20:18.727,943741.81557972
248,0.00010742,731.03716754,0.00010569,2017-07-21T01:08:49.38,0.00011195,0.0001057,9e-05,ETH-XLM,231,425,9.212e-05,2017-11-07T15:18:20.973,7009022.76347064
249,0.33599795,913.41171337,0.32844871,2017-07-21T01:08:49.367,0.34985,0.32843586,0.30697505,ETH-XMR,149,267,0.31137448,2017-11-07T15:20:18.757,2759.91533888
250,0.00070447,736.74452113,0.00069801,2017-06-25T03:07:09.677,0.000705,0.00069835,0.000666,ETH-XRP,459,838,0.000675,2017-11-07T15:20:19.07,1079563.9683345
251,0.7993,489.73949721,0.79800017,2017-07-14T17:10:07.8,0.807,0.7993,0.75149496,ETH-ZEC,266,527,0.76128555,2017-11-07T15:20:07.663,629.1474479
252,594.99999973,4819646.14645726,591.01500139,2017-08-01T18:34:04.873,644.255,591.01500159,585.012,USDT-BCC,1267,2119,644.05264661,2017-11-07T15:20:06.163,7975.40297543
253,7021.377555,41480147.85673075,7021.0,2015-12-11T06:31:40.633,7282.66196574,7020.0,6923.0,USDT-BTC,9586,4020,7201.00000012,2017-11-07T15:20:09.007,5872.17700584
254,282.88888879,1035864.98239596,280.10000058,2017-07-21T01:08:49.413,301.61904399,281.55,272.17444411,USDT-DASH,416,1051,272.1632695,2017-11-07T15:20:19.087,3607.16100366
255,13.4,2643334.90289146,13.30000198,2017-07-14T17:10:10.72,14.72,13.30000174,13.20000001,USDT-ETC,578,2181,14.38,2017-11-07T15:20:19.32,187931.86323446
256,288.5,4721200.59492917,288.0,2017-04-20T17:26:37.647,304.04122641,288.0,285.00000001,USDT-ETH,1716,4288,298.55,2017-11-07T15:20:04.74,15984.5128109
257,57.0,1762298.68502895,56.76544095,2017-07-14T17:10:10.72,58.68,56.76544094,54.28713508,USDT-LTC,927,2488,55.5,2017-11-07T15:20:17.68,31234.28374177
258,26.2,1377659.40163738,26.01,2017-08-04T16:58:43.087,26.5799999,26.207,25.5,USDT-NEO,1317,5019,26.23,2017-11-07T15:20:09.833,52778.04386826
259,6.26279995,984615.88650084,6.26,2017-09-15T23:49:44.83,6.6999,6.26,6.2,USDT-OMG,919,4774,6.3000002,2017-11-07T15:20:13.773,151607.1118731
260,96.21427513,2182903.89785319,95.28952801,2017-07-21T01:08:49.397,104.5,95.3000002,92.93439367,USDT-XMR,495,900,93.63417304,2017-11-07T15:20:18.693,22159.3245403
261,0.2024882,628672.17630599,0.202,2017-07-14T17:10:10.737,0.206,0.202,0.19934411,USDT-XRP,1149,4262,0.20318533,2017-11-07T15:17:09.847,3103615.58146205
262,231.99999898,457924.07914009,230.0,2017-07-14T17:10:10.673,235.99999955,230.7,226.0,USDT-ZEC,730,2852,227.0,2017-11-07T15:20:14.04,1981.56693903
263,2.114e-05,1673.21323287,2.101e-05,2017-11-07T07:59:10.913,0.0002001,2.099e-05,1.7e-05,BTC-RCN,630,2169,0.0002,2017-11-07T15:20:11.93,75919950.84675989
264,0.00051499,2873.21478087,0.0005107,2017-11-07T07:59:10.93,0.00089,0.00051178,0.00025124,ETH-RCN,127,229,0.00089,2017-11-07T15:20:19.337,5469943.39841053
