,Ask,BaseVolume,Bid,Created,High,Last,Low,MarketName,OpenBuyOrders,OpenSellOrders,PrevDay,TimeStamp,Volume
0,4.97e-05,572.0916116,4.938e-05,2017-06-06T01:22:35.727,7.245e-05,4.931e-05,4.451e-05,BTC-1ST,274,5799,4.495e-05,2017-11-07T15:09:12.46,9871665.80293022
1,8.6e-07,26.54768562,8.5e-07,2016-05-16T06:44:15.287,9.9e-07,8.6e-07,7.9e-07,BTC-2GIVE,322,2263,8.5e-07,2017-11-07T15:08:23.46,30212816.9941954
2,8.5e-07,17.3763901,8.4e-07,2014-10-31T01:43:25.743,9.9e-07,8.3e-07,8e-07,BTC-ABY,267,4897,8.4e-07,2017-11-07T15:09:02.303,19732247.75511429
3,3.12e-06,583.52908877,3.11e-06,2017-09-29T07:01:58.873,3.35e-06,3.12e-06,2.94e-06,BTC-ADA,1589,9323,2.99e-06,2017-11-07T15:09:05.57,185469064.41577876
4,2.72e-06,22.91115025,2.67e-06,2017-07-03T21:08:06.11,2.99e-06,2.72e-06,2.61e-06,BTC-ADT,159,3151,2.65e-06,2017-11-07T15:09:12.633,8179966.45513595
5,0.00012609,536.40628203,0.00012558,2017-07-11T22:42:17.78,0.0001429,0.00012558,0.00011994,BTC-ADX,703,8813,0.00012012,2017-11-07T15:08:38.6,4076666.27065739
6,0.000215,16.00516809,0.00021322,2015-07-31T00:50:47.11,0.00021999,0.00021322,0.00019103,BTC-AEON,254,2144,0.00020235,2017-11-07T15:07:44.35,76555.60604336
7,5.031e-05,2.89637357,4.942e-05,2015-11-10T00:53:59.643,5.117e-05,4.953e-05,4.74e-05,BTC-AGRS,201,2517,4.695e-05,2017-11-07T15:08:51.883,58709.78031104
8,2.094e-05,22.75083918,2.05e-05,2015-11-03T19:13:55.18,2.176e-05,2.07e-05,1.951e-05,BTC-AMP,156,5690,2.055e-05,2017-11-07T15:09:15.01,1095200.6825721
9,0.00015619,49.14059439,0.00015406,2017-05-17T19:54:30.143,0.00016761,0.00015644,0.00014116,BTC-ANT,196,4288,0.00016259,2017-11-07T15:08:51.6,323636.59728304
10,0.00076765,2.95461388,0.00074634,2017-05-02T06:26:32.897,0.00076874,0.00074634,0.000725,BTC-APX,189,1878,0.00075148,2017-11-07T15:08:50.117,3945.7983662
11,2.826e-05,43.48496107,2.815e-05,2016-10-13T18:59:37.407,2.905e-05,2.826e-05,2.68e-05,BTC-ARDR,467,4268,2.679e-05,2017-11-07T15:08:25.867,1540870.81483418
12,0.00036102,288.04084861,0.000361,2017-03-21T18:11:29.347,0.000378,0.00036102,0.00033723,BTC-ARK,2026,9713,0.00034127,2017-11-07T15:08:56.85,798821.78055642
13,8.679e-05,2.00184048,8.51e-05,2014-03-16T22:00:00,8.777e-05,8.51e-05,8.5e-05,BTC-AUR,108,1586,8.711e-05,2017-11-07T15:09:15.087,23303.91821529
14,1.99e-05,99.77686777,1.986e-05,2017-06-03T22:04:53.82,2.05e-05,1.98e-05,1.91e-05,BTC-BAT,657,12933,1.922e-05,2017-11-07T15:08:56.977,5004139.95328908
15,3.86e-06,119.079917,3.82e-06,2014-11-18T17:34:21.083,4.89e-06,3.86e-06,3.11e-06,BTC-BAY,279,3920,3.28e-06,2017-11-07T15:09:11.71,28858324.77144844
16,0.08499969,2087.326757,0.08465001,2017-08-01T18:34:04.967,0.08999999,0.0849997,0.083959,BTC-BCC,3109,12004,0.08757862,2017-11-07T15:09:14.337,24288.64809205
17,4.602e-05,11.39108416,4.542e-05,2015-09-10T05:28:20.787,4.799e-05,4.622e-05,4.145e-05,BTC-BCY,127,2899,4.2e-05,2017-11-07T15:09:13.57,257335.44399572
18,3.9e-07,8.86980642,3.8e-07,2015-02-15T23:07:32.777,3.9e-07,3.9e-07,3.6e-07,BTC-BITB,516,5118,3.6e-07,2017-11-07T15:07:54.007,23463871.11886619
19,0.00012127,5.75698631,0.00012,2014-11-13T20:20:21.443,0.00012586,0.00012127,0.00011603,BTC-BLITZ,139,2612,0.00011559,2017-11-07T15:02:31.92,47712.20568292
20,3.001e-05,20.91960917,2.999e-05,2014-03-14T09:00:00,3.285e-05,3.001e-05,2.916e-05,BTC-BLK,189,4612,3.021e-05,2017-11-07T15:08:59.977,672571.19345061
21,0.00293444,27.56903556,0.00287002,2014-10-29T06:45:03.97,0.00299999,0.00293504,0.00246868,BTC-BLOCK,264,1526,0.00247433,2017-11-07T15:09:04.663,9870.99949726
22,0.00026171,10.66383365,0.00026083,2017-06-22T21:36:30.85,0.00027499,0.00026083,0.00025388,BTC-BNT,138,3314,0.000259,2017-11-07T14:59:23.62,40401.9697731
23,2.095e-05,4.16439294,2.058e-05,2016-06-13T02:27:33.34,2.252e-05,2.095e-05,2.026e-05,BTC-BRK,126,2200,2.055e-05,2017-11-07T15:02:52.22,194299.64893162
24,6.962e-05,17.11542008,6.871e-05,2016-07-10T21:25:05.127,7.207e-05,6.853e-05,6.251e-05,BTC-BRX,142,2034,6.666e-05,2017-11-07T15:08:49.227,254382.06616979
25,8.214e-05,7.66280205,8.146e-05,2016-02-17T00:54:23.677,8.6e-05,8.214e-05,8.078e-05,BTC-BSD,186,2036,8.291e-05,2017-11-07T15:07:19.35,91618.90526874
26,0.01761969,8.25750217,0.0175,2014-07-14T06:05:04.567,0.01790817,0.01761969,0.01593002,BTC-BTCD,167,711,0.01784949,2017-11-07T15:08:30.15,480.7676977
27,0.0,63.85828478,0.0,2014-11-24T08:18:16.53,9.98e-06,8.86e-06,8.44e-06,BTC-BTS,229,4558,8.63e-06,2017-11-05T03:45:21.24,6871090.19001538
28,8.3e-07,13.93628782,8.2e-07,2014-09-16T07:41:56.047,8.8e-07,8.3e-07,7.5e-07,BTC-BURST,312,6355,8.1e-07,2017-11-07T15:09:01.663,17181640.57656101
29,0.00016,102.27974937,0.00015405,2014-11-03T19:02:45.96,0.00016843,0.00016,7.455e-05,BTC-BYC,311,940,7.6e-05,2017-11-07T15:09:15.01,840197.89158817
30,3.7e-06,24.65560966,3.68e-06,2014-08-10T06:48:44.83,4.49e-06,3.68e-06,3.58e-06,BTC-CANN,254,6245,3.9e-06,2017-11-07T15:05:05.877,6129037.0112006
31,1.279e-05,103.3111557,1.264e-05,2017-06-19T19:59:14.78,1.589e-05,1.278e-05,1.204e-05,BTC-CFI,244,5375,1.278e-05,2017-11-07T15:07:46.93,7363081.99698353
32,0.00068974,7.3175222,0.00068032,2015-04-18T22:04:25.183,0.00072071,0.00068026,0.00064184,BTC-CLAM,238,1468,0.00066841,2017-11-07T15:09:15.557,10616.6673005
33,0.00069511,19.52912154,0.00068306,2014-06-04T08:53:18.563,0.0007666,0.00068299,0.00060111,BTC-CLOAK,316,2869,0.00066596,2017-11-07T15:09:10.6,28737.47988272
34,0.00021621,63.43113424,0.00021401,2015-12-18T00:30:10.31,0.00021878,0.000217,0.0001996,BTC-CLUB,403,1825,0.00020459,2017-11-07T15:04:31.313,302963.81986991
35,6.9e-07,11.17278711,6.8e-07,2015-01-22T19:11:45.903,7.1e-07,6.9e-07,6.4e-07,BTC-COVAL,301,4722,6.7e-07,2017-11-07T15:02:35.657,16365683.16323584
36,5.101e-05,19.21995722,5.005e-05,2015-07-25T06:30:32.53,6.187e-05,5.101e-05,5.004e-05,BTC-CPC,100,2762,5.71e-05,2017-11-07T15:09:14.57,342401.80134447
37,5.052e-05,231.35426974,5.041e-05,2017-06-13T19:40:35.203,6.999e-05,5.038e-05,4.328e-05,BTC-CRB,116,2980,4.252e-05,2017-11-07T15:08:53.227,3824409.11506112
38,0.00019437,13.57153736,0.00019198,2017-03-06T21:10:15.663,0.00020631,0.00019552,0.0001883,BTC-CRW,183,1709,0.0001985,2017-11-07T15:08:12.757,69267.84451759
39,4.5e-05,87.84560294,4.394e-05,2014-05-13T09:00:00,6.146e-05,4.499e-05,4.23e-05,BTC-CURE,323,2201,5.62e-05,2017-11-07T15:09:06.96,1660285.19909868
40,4.046e-05,139.90526203,4.034e-05,2017-07-16T23:04:18.867,4.18e-05,4.03e-05,3.913e-05,BTC-CVC,858,12013,3.921e-05,2017-11-07T15:09:09.867,3454389.98504913
41,0.04029999,505.40564844,0.0402501,2014-03-11T08:00:00,0.0421155,0.04029999,0.03784752,BTC-DASH,1080,5810,0.03784752,2017-11-07T15:08:32.993,12582.95576957
42,0.00400999,49.35830384,0.00400594,2016-02-09T21:06:51.577,0.0042,0.00400594,0.00379999,BTC-DCR,487,4610,0.00384515,2017-11-07T15:08:06.46,12217.35230569
43,6.015e-05,12.27988601,5.97e-05,2017-06-30T16:35:24.643,6.298e-05,6.015e-05,5.694e-05,BTC-DCT,153,4810,5.849e-05,2017-11-07T15:08:36.553,205979.7189594
44,1.2e-06,238.19757516,1.19e-06,2014-08-20T07:09:57.207,1.27e-06,1.2e-06,1.15e-06,BTC-DGB,971,25420,1.16e-06,2017-11-07T15:08:48.587,197077027.95538282
45,0.0089802,5.59495803,0.00859032,2016-06-14T16:25:12.063,0.00916,0.0089802,0.00856101,BTC-DGD,114,1019,0.00879497,2017-11-07T15:09:14.32,627.06861388
46,0.00128278,40.05841279,0.00128276,2015-05-01T17:31:24.97,0.00144435,0.00128278,0.00089003,BTC-DMD,350,1691,0.00092,2017-11-07T15:09:07.697,35125.12718995
47,5.53e-06,29.04151934,5.39e-06,2017-08-04T02:09:02.873,5.95e-06,5.49e-06,5.28e-06,BTC-DNT,148,1961,5.53e-06,2017-11-07T15:09:14.023,5119350.82351875
48,1.7e-07,30.14475863,1.6e-07,2014-02-13T00:00:00,1.7e-07,1.7e-07,1.5e-07,BTC-DOGE,1640,18030,1.6e-07,2017-11-07T15:08:50.993,183759621.76639414
49,2.94e-06,33.46722226,2.93e-06,2014-10-17T19:09:32.6,3.88e-06,2.94e-06,2.83e-06,BTC-DOPE,283,3390,3.38e-06,2017-11-07T15:07:12.707,10383639.06187602
50,6.08e-05,7.04675075,5.926e-05,2017-04-01T04:06:13.887,6.366e-05,5.921e-05,5.302e-05,BTC-DTB,150,3067,5.712e-05,2017-11-07T15:07:15.317,122588.18236839
51,0.000433,1.65457406,0.00042526,2017-03-23T00:10:19.403,0.0004499,0.00042526,0.000418,BTC-DYN,155,922,0.00041897,2017-11-07T15:01:00.967,3835.54170511
52,1.491e-05,7.3671907,1.467e-05,2016-09-15T15:47:38.92,1.541e-05,1.468e-05,1.425e-05,BTC-EBST,152,4421,1.47e-05,2017-11-07T15:08:47.367,495441.12227417
53,7.799e-05,39.5604449,7.7e-05,2017-04-18T00:56:59.243,7.799e-05,7.7e-05,7.153e-05,BTC-EDG,322,6208,7.355e-05,2017-11-07T15:05:07.14,527844.11668247
54,1.725e-05,1.54838144,1.704e-05,2014-03-20T20:00:00,1.75e-05,1.723e-05,1.621e-05,BTC-EFL,129,1581,1.621e-05,2017-11-07T15:03:46.483,92532.7969353
55,3.169e-05,4.13220253,3.16e-05,2016-01-18T21:01:43.837,3.2e-05,3.17e-05,2.991e-05,BTC-EGC,258,2896,3.138e-05,2017-11-07T15:08:48.21,133661.23834447
56,8.772e-05,73.01915295,8.61e-05,2016-01-06T05:28:04.553,0.00010274,8.61e-05,8.307e-05,BTC-EMC,250,3103,8.725e-05,2017-11-07T15:09:13.57,789158.06075513
57,9.04e-06,113.79124707,8.98e-06,2014-12-24T00:00:00,9.83e-06,8.98e-06,8.28e-06,BTC-EMC2,341,7069,8.52e-06,2017-11-07T15:09:00.93,12722541.1433106
58,1.772e-05,29.64233146,1.742e-05,2014-05-04T00:00:00,2.025e-05,1.742e-05,1.477e-05,BTC-ENRG,199,2282,1.516e-05,2017-11-07T15:08:12.65,1673994.41315599
59,7.47e-05,156.03523615,7.4e-05,2014-05-10T17:00:00,0.0001125,7.4e-05,6.074e-05,BTC-ERC,199,1942,5.965e-05,2017-11-07T15:08:57.93,1784889.81938475
60,0.00193253,572.24258638,0.00193051,2016-07-26T18:10:22.82,0.00206832,0.00193051,0.0019201,BTC-ETC,1065,8240,0.002015,2017-11-07T15:09:11.383,286327.98012239
61,0.0413,2884.73955449,0.04122598,2015-08-14T09:02:24.817,0.04340655,0.0413,0.04021202,BTC-ETH,3895,20078,0.04119,2017-11-07T15:09:03.96,68614.11671244
62,0.00017249,7.38692354,0.00017025,2014-09-28T20:33:27.633,0.00019988,0.00017025,0.00016702,BTC-EXCL,204,1515,0.00019246,2017-11-07T15:08:45.367,40975.50845041
63,0.0002544,45.90605703,0.00025439,2015-09-16T17:10:15.253,0.00029499,0.00025439,0.00024083,BTC-EXP,184,4161,0.00024603,2017-11-07T15:07:32.413,173888.23439746
64,0.00011999,1.65802989,0.00011802,2014-12-12T19:51:07.703,0.000124,0.000118,0.00011504,BTC-FAIR,241,929,0.0001229,2017-11-07T15:06:55.27,13638.26753617
65,0.0023211,195.58928838,0.00232109,2016-01-09T03:47:07.803,0.00246935,0.00232109,0.002,BTC-FCT,531,3916,0.00200163,2017-11-07T15:09:05.977,87181.91632195
66,1.48e-06,13.01681079,1.47e-06,2015-02-23T23:01:53.92,1.57e-06,1.48e-06,1.44e-06,BTC-FLDC,291,3725,1.48e-06,2017-11-07T15:06:08.83,8666796.32197255
67,1.234e-05,13.80251753,1.221e-05,2015-03-11T05:43:30.193,1.272e-05,1.22e-05,1.052e-05,BTC-FLO,189,2388,1.056e-05,2017-11-07T15:09:12.977,1201094.56824269
68,1.665e-05,142.17394225,1.651e-05,2014-02-13T00:00:00,1.702e-05,1.665e-05,1.345e-05,BTC-FTC,958,5258,1.664e-05,2017-11-07T15:09:13.367,9086185.77567468
69,2.24e-06,108.46012733,2.2e-06,2017-07-04T18:45:47.13,2.3e-06,2.2e-06,1.96e-06,BTC-FUN,281,6197,2.13e-06,2017-11-07T15:07:20.317,49642897.10589615
70,0.00101889,1.40669728,0.00099611,2015-05-05T22:38:44.963,0.0010189,0.00101889,0.00093348,BTC-GAM,109,829,0.00095202,2017-11-07T15:09:15.353,1424.49595034
71,0.000235,67.51533203,0.00023454,2015-04-08T04:09:53.013,0.00024778,0.000235,0.00022714,BTC-GAME,253,5380,0.00023067,2017-11-07T15:07:33.257,286318.2717665
72,1.539e-05,22.08807514,1.52e-05,2017-02-12T00:38:21.023,1.7e-05,1.52e-05,1.44e-05,BTC-GBG,167,2926,1.442e-05,2017-11-07T15:08:52.21,1383967.62446274
73,0.02334214,87.79882341,0.02293834,2017-04-13T20:46:39.83,0.0253,0.02293832,0.02070022,BTC-GBYTE,353,3569,0.02112034,2017-11-07T15:09:15.523,3730.39268412
74,6.78e-06,21.81504186,6.63e-06,2015-08-24T00:25:28.933,8.24e-06,6.78e-06,6.46e-06,BTC-GCR,85,3987,6.6e-06,2017-11-07T15:08:50.65,2935391.1007543
75,0.00014103,8.02855195,0.00013906,2015-02-21T03:29:43.267,0.00014905,0.00013904,0.00013503,BTC-GEO,312,2674,0.00013943,2017-11-07T15:09:07.85,56764.8474296
76,2.11e-05,4.75088266,2.075e-05,2014-03-22T16:00:00,2.152e-05,2.11e-05,1.919e-05,BTC-GLD,277,2202,1.973e-05,2017-11-07T15:08:54.51,234751.10238171
77,0.00862038,10.18661171,0.00850022,2017-04-28T02:43:12,0.0087571,0.0086206,0.00837988,BTC-GNO,137,2258,0.00845104,2017-11-07T15:09:13.697,1187.24165786
78,2.737e-05,113.8530186,2.697e-05,2017-04-17T21:35:59.26,2.8e-05,2.686e-05,2.567e-05,BTC-GNT,489,10541,2.636e-05,2017-11-07T15:09:13.837,4232488.31480157
79,1.63e-05,6.48531996,1.612e-05,2017-01-19T23:23:12.41,1.658e-05,1.63e-05,1.54e-05,BTC-GOLOS,192,2136,1.571e-05,2017-11-07T15:08:04.29,406220.4940038
80,5.65e-06,7.99302286,5.63e-06,2015-02-27T19:57:02.82,5.66e-06,5.63e-06,5.08e-06,BTC-GRC,210,3581,5.19e-06,2017-11-07T15:09:11.4,1480061.76513808
81,9.1e-05,1223.64495516,9.091e-05,2014-04-03T05:00:00,0.0001085,9.1e-05,8.7e-05,BTC-GRS,1769,5226,9.48e-05,2017-11-07T15:08:53.757,12514517.32239562
82,2.203e-05,90.45197142,2.197e-05,2017-04-29T18:08:12.39,2.711e-05,2.203e-05,1.868e-05,BTC-GUP,216,3618,1.916e-05,2017-11-07T15:09:12.26,4066563.97279709
83,1.263e-05,40.05758242,1.242e-05,2017-05-10T00:02:47.373,1.395e-05,1.263e-05,1.2e-05,BTC-HMQ,192,4008,1.218e-05,2017-11-07T15:09:09.79,3077871.99669133
84,2.142e-05,3.08929863,2.141e-05,2017-04-04T21:20:51.083,2.209e-05,2.142e-05,2.093e-05,BTC-INCNT,129,2709,2.182e-05,2017-11-07T05:43:44.113,142340.20175623
85,9.309e-05,3.70141689,9.11e-05,2015-10-03T20:41:41.403,9.535e-05,9.309e-05,8.904e-05,BTC-INFX,177,1547,8.904e-05,2017-11-07T15:08:04.68,39990.38060402
86,0.00035527,101.39684211,0.00035118,2014-07-29T16:57:43.787,0.0004897,0.00035179,0.0003,BTC-IOC,218,1942,0.00031176,2017-11-07T15:09:12.71,254067.96705183
87,0.00015029,6.2443769,0.00015004,2017-02-18T23:41:17.04,0.000152,0.00015,0.00014226,BTC-ION,193,2177,0.00015157,2017-11-07T15:08:54.053,42157.84532311
88,0.00031728,56.67653146,0.00031343,2016-12-22T00:54:23.477,0.00033399,0.00031674,0.00029,BTC-IOP,348,5662,0.00030967,2017-11-07T15:02:23.39,178564.42678155
89,0.00038291,560.78939389,0.00038157,2017-02-11T23:04:01.853,0.00040898,0.0003815,0.00036,BTC-KMD,1553,6574,0.000372,2017-11-07T15:09:13.35,1462688.64925696
90,0.00050122,20.58150517,0.00049903,2014-06-17T05:46:29.303,0.00053644,0.00050122,0.000475,BTC-KORE,272,2429,0.00050101,2017-11-07T15:09:14.853,40554.15826991
91,2.182e-05,31.16338276,2.155e-05,2016-07-05T21:50:07.81,2.219e-05,2.154e-05,1.96e-05,BTC-LBC,350,8860,1.97e-05,2017-11-07T15:09:01.273,1456406.97403384
92,0.000128,122.29478823,0.0001268,2017-04-18T07:37:41.3,0.00014325,0.0001268,0.00011561,BTC-LGD,384,5386,0.00013808,2017-11-07T15:08:05.193,930934.4754691
93,6.24e-06,19.01673531,6.23e-06,2017-02-18T23:55:53.153,6.44e-06,6.24e-06,6.06e-06,BTC-LMC,203,5455,6.19e-06,2017-11-07T15:09:08.227,3070652.38619382
94,0.00067693,353.69907775,0.000675,2016-05-24T18:49:52.77,0.0007,0.000675,0.00062458,BTC-LSK,1711,8345,0.0006265,2017-11-07T15:09:06.617,536114.44423367
95,0.00814999,1134.43740221,0.00812479,2014-02-13T00:00:00,0.0083,0.00814999,0.0076,BTC-LTC,2398,13051,0.0076355,2017-11-07T15:09:06.493,143715.99250368
96,0.00070463,10.88881095,0.0007,2017-04-30T16:57:03.27,0.00072739,0.00070495,0.00065,BTC-LUN,164,4099,0.00065,2017-11-07T15:08:58.523,15734.09480362
97,5.397e-05,52.97896382,5.316e-05,2016-01-18T20:38:22.707,5.5e-05,5.317e-05,4.603e-05,BTC-MAID,334,3902,4.72e-05,2017-11-07T15:09:15.07,1045256.08052148
98,1.81e-06,17.22441862,1.78e-06,2017-10-13T23:32:02.993,1.85e-06,1.78e-06,1.59e-06,BTC-MANA,172,2482,1.63e-06,2017-11-07T15:07:04.457,9925783.36897099
99,0.00082364,226.66187655,0.00081716,2017-07-02T00:37:16.957,0.00086821,0.0008237,0.00078754,BTC-MCO,493,10139,0.000803,2017-11-07T15:09:04.76,272755.92311162
100,3.227e-05,387.06449889,3.189e-05,2016-04-01T18:24:07.207,4.34e-05,3.189e-05,2.843e-05,BTC-MEME,326,1794,3.672e-05,2017-11-07T15:07:32.837,10691280.40896541
101,0.00818046,13.85555509,0.00793023,2017-03-15T19:30:56.167,0.00864404,0.00792701,0.00762766,BTC-MLN,106,1496,0.00865097,2017-11-07T15:09:14.867,1717.51692216
102,0.000373,58.76760073,0.00037284,2014-04-18T22:00:00,0.00038239,0.00037284,0.000362,BTC-MONA,461,3828,0.00037722,2017-11-07T15:09:13.9,158732.6333441
103,0.0007098,195.11695473,0.00070405,2017-07-08T14:59:57.34,0.00077616,0.00070401,0.00067144,BTC-MTL,528,6209,0.00067999,2017-11-07T15:07:47.18,271605.85782846
104,1.482e-05,14.11564783,1.48e-05,2015-04-09T17:31:31.113,1.65e-05,1.482e-05,1.401e-05,BTC-MUE,234,3073,1.422e-05,2017-11-07T15:08:56.68,948639.64166472
105,2e-06,36.65675328,1.99e-06,2017-03-27T19:59:13.073,2.52e-06,2e-06,1.86e-06,BTC-MUSIC,285,9387,1.88e-06,2017-11-07T15:06:55.58,17479745.02833718
106,8.502e-05,4.16527362,8.5e-05,2017-06-19T19:13:43.73,8.84e-05,8.502e-05,8.5e-05,BTC-MYST,162,3693,8.628e-05,2017-11-07T15:00:24.823,48562.63185368
107,0.000109,77.95266282,0.00010892,2014-07-08T03:37:28.39,0.00011375,0.000109,0.00010544,BTC-NAV,554,5192,0.00010677,2017-11-07T15:08:26.837,709634.01866911
108,0.00014149,24.38972683,0.00014011,2015-04-08T03:57:37.33,0.000144,0.00014011,0.00013634,BTC-NBT,44,1774,0.00013719,2017-11-07T15:06:06.5,173899.82460258
109,0.00372142,1138.76656069,0.00372095,2016-10-26T01:28:31.96,0.00382043,0.00372142,0.0036003,BTC-NEO,4600,26985,0.00360921,2017-11-07T15:09:08.93,307614.48567843
110,0.00032959,7.1260442,0.000328,2014-08-20T00:06:59.63,0.00034401,0.00032853,0.00031456,BTC-NEOS,266,2038,0.00034323,2017-11-07T15:08:06.96,21918.15917448
111,1.36e-05,26.98271702,1.343e-05,2014-04-04T22:00:00,1.419e-05,1.343e-05,1.196e-05,BTC-NLG,254,3298,1.223e-05,2017-11-07T15:08:57.82,2041100.46694604
112,0.00153998,15.68692958,0.00150989,2017-06-22T21:58:57.657,0.0016,0.00154091,0.00147258,BTC-NMR,148,4353,0.00149,2017-11-07T15:09:15.307,10292.8333669
113,2.716e-05,20.01477705,2.698e-05,2017-04-17T22:51:08.97,2.929e-05,2.716e-05,2.557e-05,BTC-NXC,100,3818,2.72e-05,2017-11-07T15:08:52.43,725329.3834934
114,0.00013652,24.23649106,0.00013617,2015-01-25T03:00:35.143,0.0001419,0.00013652,0.00012792,BTC-NXS,531,4191,0.00012577,2017-11-07T15:09:13.71,178738.42980419
115,8.2e-06,44.58441031,8.13e-06,2014-03-03T09:00:00,8.27e-06,8.13e-06,7.87e-06,BTC-NXT,351,8430,7.85e-06,2017-11-07T15:08:58.117,5501707.50376285
116,3.493e-05,143.59427187,3.47e-05,2015-05-30T19:26:37.523,3.749e-05,3.47e-05,3.451e-05,BTC-OK,963,10323,3.474e-05,2017-11-07T15:09:13.727,4024878.71949356
117,0.00089395,950.90196926,0.0008937,2017-07-16T17:07:42.313,0.00096103,0.0008937,0.00086706,BTC-OMG,2321,17463,0.0008744,2017-11-07T15:09:14.04,1034288.52400983
118,0.00334788,12.50450745,0.00330167,2015-11-03T19:13:33.197,0.00335788,0.00330167,0.00296994,BTC-OMNI,336,2313,0.00297005,2017-11-07T15:06:48.707,3928.01246394
119,0.00119988,28.29621197,0.001195,2017-07-20T18:19:07.157,0.00124999,0.00119988,0.00111,BTC-PART,235,1870,0.00112253,2017-11-07T15:08:42.65,23907.24178111
120,0.0002317,238.31996728,0.00023031,2017-07-07T07:14:00.793,0.00024348,0.00023084,0.0002166,BTC-PAY,987,14456,0.000217,2017-11-07T15:09:13.01,1036360.93684457
121,1.715e-05,10.6360465,1.691e-05,2016-06-02T04:39:35.21,1.72e-05,1.716e-05,1.435e-05,BTC-PDC,190,2437,1.466e-05,2017-11-07T15:09:00.51,661540.14700294
122,3.27e-06,34.76664624,3.25e-06,2014-07-29T07:41:09.4,3.53e-06,3.25e-06,3e-06,BTC-PINK,255,2926,3.38e-06,2017-11-07T15:08:23.117,10473175.64890744
123,0.00040575,177.77043888,0.00040201,2016-03-02T20:45:37.987,0.00043595,0.00040201,0.000395,BTC-PIVX,865,6395,0.00043351,2017-11-07T15:09:02.837,434070.00389316
124,6.896e-05,26.76892763,6.824e-05,2015-06-03T06:31:14.35,7.864e-05,6.897e-05,6.65e-05,BTC-PKB,316,2561,7.059e-05,2017-11-07T15:08:26.71,374178.16937261
125,1.765e-05,1030.14716943,1.76e-05,2014-03-11T08:00:00,2.692e-05,1.755e-05,1.704e-05,BTC-POT,722,4151,2.48e-05,2017-11-07T15:09:13.743,46784119.02873653
126,0.00018986,5.29620945,0.00018744,2014-02-13T00:00:00,0.00019217,0.0001873,0.00018262,BTC-PPC,176,2793,0.00018401,2017-11-07T15:09:11.85,28326.7061888
127,4.7e-06,3.39673032,4.66e-06,2014-03-27T18:00:00,4.87e-06,4.66e-06,4.46e-06,BTC-PTC,215,2457,4.69e-06,2017-11-07T15:09:13.587,729796.09642539
128,2.18e-05,84.25740463,2.178e-05,2017-06-18T17:04:24.1,2.59e-05,2.18e-05,2.027e-05,BTC-PTOY,268,6653,2.06e-05,2017-11-07T15:08:55.21,3648688.9206929
129,8.389e-05,7.26565494,8.364e-05,2017-06-10T00:01:39.293,8.613e-05,8.389e-05,8.1e-05,BTC-QRL,332,3513,8.101e-05,2017-11-07T15:09:08.46,87132.8318894
130,0.00149,753.49030404,0.001486,2017-07-20T19:08:43.473,0.00155801,0.00149,0.00142935,BTC-QTUM,872,11888,0.00145078,2017-11-07T15:09:09.85,504897.17745211
131,1.939e-05,37.80989645,1.927e-05,2017-03-05T19:30:16.853,2.135e-05,1.939e-05,1.91e-05,BTC-QWARK,275,5215,2.12e-05,2017-11-07T15:08:20.1,1869789.31742569
132,0.00046477,9.91478235,0.00045487,2016-01-26T23:22:16.193,0.00047099,0.00045483,0.00041861,BTC-RADS,126,2032,0.00042751,2017-11-07T15:09:05.447,22508.29097722
133,9.928e-05,10.75847321,9.821e-05,2014-04-05T08:00:00,0.00010556,9.928e-05,9.529e-05,BTC-RBY,1485,5823,9.608e-05,2017-11-07T15:03:34,107668.4966594
134,1.6e-07,61.69796712,1.5e-07,2014-02-25T09:00:00,1.6e-07,1.6e-07,1.4e-07,BTC-RDD,1260,18129,1.5e-07,2017-11-07T15:07:14.877,399155569.862363
135,0.00246297,53.05817566,0.00243006,2016-10-04T15:45:37.14,0.00278,0.00246,0.00228094,BTC-REP,176,1853,0.00227789,2017-11-07T15:09:11.273,21183.79448698
136,3.476e-05,100.456217,3.445e-05,2016-06-24T17:00:00.043,3.65e-05,3.446e-05,3.396e-05,BTC-RISE,520,5705,3.463e-05,2017-11-07T15:08:41.07,2862202.86795447
137,7.386e-05,15.4244851,7.364e-05,2017-04-27T00:20:33.857,7.861e-05,7.401e-05,7.3e-05,BTC-RLC,179,3546,7.585e-05,2017-11-07T15:09:12.883,204359.10683981
138,1.23e-06,138.36000091,1.22e-06,2016-02-13T22:14:21.14,1.43e-06,1.21e-06,1.13e-06,BTC-SAFEX,524,6405,1.15e-06,2017-11-07T15:08:16.507,109240597.34421428
139,0.0004148,384.7605778,0.00041407,2017-10-16T17:32:48.777,0.00044108,0.00041407,0.00037129,BTC-SALT,584,1973,0.00038569,2017-11-07T15:09:14.977,952743.69293447
140,0.00014239,7.94401537,0.0001405,2016-07-09T19:02:08.943,0.000143,0.0001405,0.00013206,BTC-SBD,80,1793,0.00013206,2017-11-07T15:08:56.913,57207.13339307
141,5.3e-07,129.6505736,5.2e-07,2017-05-22T21:30:29.16,5.4e-07,5.3e-07,4.8e-07,BTC-SC,1025,26552,4.8e-07,2017-11-07T15:07:07.393,250187540.85941
142,1.748e-05,20.96051671,1.721e-05,2016-09-23T07:10:11.78,1.91e-05,1.721e-05,1.651e-05,BTC-SEQ,145,1717,1.69e-05,2017-11-07T15:08:52.85,1145849.03555431
143,0.0001425,8.43167253,0.00014105,2016-10-11T19:48:35.573,0.00015095,0.00014105,0.000135,BTC-SHIFT,146,2385,0.00014569,2017-11-07T15:05:58,59049.95104789
144,0.00015349,4.13353309,0.00015013,2017-02-18T22:34:49.373,0.000155,0.00015013,0.00014415,BTC-SIB,124,2419,0.000145,2017-11-07T15:08:49.257,27431.81714703
145,4.918e-05,34.40279647,4.9e-05,2014-03-23T06:00:00,5.274e-05,4.914e-05,3.88e-05,BTC-SLR,279,1975,3.9e-05,2017-11-07T15:08:46.257,751172.97384336
146,0.00198423,10.89710894,0.00191346,2016-01-20T22:24:04.65,0.00204572,0.00191271,0.00171,BTC-SLS,201,1746,0.0017849,2017-11-07T15:09:13.21,5762.89046354
147,2.618e-05,454.08717472,2.6e-05,2016-10-02T22:16:04.773,3.653e-05,2.618e-05,2.113e-05,BTC-SNGLS,378,1973,2.15e-05,2017-11-07T15:09:07.337,15495132.1212259
148,0.0002191,16.40951541,0.00021267,2015-06-03T06:27:04.623,0.000237,0.00021267,0.000185,BTC-SNRG,268,1662,0.0001943,2017-11-07T15:09:06.383,81066.29602655
149,4.25e-06,95.59681235,4.19e-06,2017-06-28T18:26:15.73,4.33e-06,4.25e-06,4.08e-06,BTC-SNT,363,10241,4.16e-06,2017-11-07T15:08:37.21,22738243.79593963
150,0.0003972,6.61611635,0.00039002,2015-05-18T22:45:47.093,0.00040013,0.00039002,0.00037988,BTC-SPHR,138,1302,0.000385,2017-11-07T15:07:11.423,16994.58484077
151,4.331e-05,14.36089846,4.3e-05,2014-12-19T02:33:07.747,4.595e-05,4.331e-05,4.101e-05,BTC-SPR,253,3401,4.315e-05,2017-11-07T15:05:02.11,331436.19755828
152,6.27e-06,14.52284805,6.21e-06,2014-06-14T07:09:15.327,7.21e-06,6.1e-06,6.1e-06,BTC-START,341,5891,6.78e-06,2017-11-07T15:07:46.79,2210186.9375096
153,0.00012298,74.47654433,0.00012201,2016-04-17T01:22:13.35,0.00013,0.00012298,0.00011906,BTC-STEEM,484,7642,0.00012124,2017-11-07T15:09:01.803,600749.2663442
154,7.178e-05,151.70501404,7.172e-05,2017-07-11T21:14:32.643,7.41e-05,7.18e-05,6.464e-05,BTC-STORJ,622,6687,6.64e-05,2017-11-07T15:09:12.947,2166681.07828385
155,0.0004228,335.47627215,0.00042255,2016-08-10T23:26:39.657,0.00044732,0.00042479,0.00041003,BTC-STRAT,1666,22182,0.000422,2017-11-07T15:09:08.18,783370.82844539
156,0.00015548,51.19201971,0.00015515,2014-10-03T19:16:23.143,0.0001885,0.0001556,0.00014304,BTC-SWIFT,192,1999,0.00014404,2017-11-07T15:05:17.237,300548.39445424
157,0.00017446,7.69135226,0.00017416,2017-03-08T22:32:26.03,0.000179,0.00017416,0.00015394,BTC-SWT,119,1738,0.0001669,2017-11-07T14:59:53.62,45459.68945404
158,3.399e-05,38.11210286,3.354e-05,2016-08-25T21:23:15.27,3.709e-05,3.399e-05,3.228e-05,BTC-SYNX,185,2409,3.285e-05,2017-11-07T15:09:03.883,1109762.14419842
159,2.836e-05,158.77617349,2.828e-05,2014-08-16T19:57:48.823,2.892e-05,2.828e-05,2.732e-05,BTC-SYS,929,8208,2.74e-05,2017-11-07T15:08:47.633,5604002.95777677
160,2.3e-06,311.22997444,2.28e-06,2014-04-29T21:00:00,3.89e-06,2.3e-06,2.22e-06,BTC-THC,480,3987,2.7e-06,2017-11-07T15:08:11.74,104411914.35888116
161,0.00334543,2.88578213,0.00329715,2017-03-09T00:44:08.673,0.00336982,0.00334542,0.0032935,BTC-TIME,129,1582,0.00330242,2017-11-07T15:09:15.413,872.15357799
162,2.493e-05,26.86449908,2.42e-05,2017-10-25T21:01:08.287,2.739e-05,2.493e-05,2.413e-05,BTC-TIX,126,2277,2.48e-05,2017-11-07T15:09:09.117,1052232.81828472
163,0.00015065,24.30061578,0.0001467,2017-05-08T17:09:34.91,0.00016,0.00014831,0.00014546,BTC-TKN,173,3436,0.00015041,2017-11-07T15:09:13.43,160762.62963719
164,0.00025957,28.0716462,0.00024945,2017-03-23T00:48:15.94,0.000285,0.00025978,0.00022098,BTC-TKS,167,1466,0.00022161,2017-11-07T15:09:14.557,110045.55340595
165,8.328e-05,129.86040946,8.288e-05,2016-09-08T05:59:08.183,8.909e-05,8.328e-05,7.803e-05,BTC-TRIG,461,8792,8.03e-05,2017-11-07T15:02:17.53,1544663.19598378
166,3.445e-05,18.58339563,3.411e-05,2017-04-19T04:53:43.893,3.68e-05,3.397e-05,3.328e-05,BTC-TRST,249,3748,3.374e-05,2017-11-07T15:09:09.307,529550.07250361
167,1.7e-05,33.6066884,1.662e-05,2014-07-07T05:46:18.71,1.986e-05,1.7e-05,1.471e-05,BTC-TRUST,289,2085,1.582e-05,2017-11-07T15:09:11.663,1917654.11089346
168,0.00029312,30.84929479,0.00028861,2015-09-02T08:02:54.3,0.00030598,0.00029304,0.0002851,BTC-TX,388,804,0.00029099,2017-11-07T15:09:15.54,104619.6663565
169,0.00016023,34.87756933,0.00016022,2017-02-08T17:00:59.02,0.000165,0.00016023,0.00014731,BTC-UBQ,622,7579,0.00014955,2017-11-07T15:07:01.253,222783.46338187
170,3.878e-05,4.24695008,3.819e-05,2016-08-24T21:39:28.357,3.949e-05,3.878e-05,3.581e-05,BTC-UNB,146,1624,3.8e-05,2017-11-07T15:09:14.79,113034.33744877
171,0.00021115,58.98161456,0.00020917,2014-07-18T00:20:00.393,0.00022,0.00020917,0.0002056,BTC-VIA,474,3261,0.00021084,2017-11-07T15:08:52.447,278975.01098113
172,5.76e-06,45.15973285,5.67e-06,2015-12-30T04:21:47.31,6.49e-06,5.68e-06,5.26e-06,BTC-VOX,265,5936,5.92e-06,2017-11-07T15:09:14.697,7724272.62029524
173,7.577e-05,110.33941378,7.534e-05,2014-05-13T07:00:00,8.7e-05,7.534e-05,7.044e-05,BTC-VRC,494,2560,8.036e-05,2017-11-07T15:08:10.07,1392782.62850891
174,0.0004341,7.92286217,0.0004254,2016-09-16T04:52:17.637,0.00044711,0.0004341,0.00040502,BTC-VRM,212,1509,0.00041501,2017-11-07T14:59:46.59,18528.0526422
175,0.00050877,967.44975476,0.00050841,2014-02-13T00:00:00,0.00054695,0.00050841,0.00047569,BTC-VTC,2858,8381,0.00051,2017-11-07T15:09:12.93,1882771.59926407
176,2.985e-05,55.65396971,2.983e-05,2014-12-19T02:33:10.943,3.304e-05,2.97e-05,2.441e-05,BTC-VTR,245,1975,2.513e-05,2017-11-07T15:08:06.35,1927371.70128307
177,0.0005166,366.09047611,0.00051201,2016-06-19T15:46:31.167,0.0005321,0.000512,0.00046,BTC-WAVES,1204,11278,0.00049867,2017-11-07T15:09:14.557,724542.17310982
178,5.238e-05,12.96799515,5.2e-05,2017-04-26T22:34:24.49,5.544e-05,5.2e-05,5.09e-05,BTC-WINGS,134,5064,5.207e-05,2017-11-07T15:02:26.06,243028.90949113
179,2.547e-05,4.58055654,2.501e-05,2016-09-25T00:15:16.103,2.54e-05,2.54e-05,2.426e-05,BTC-XAUR,82,1437,2.428e-05,2017-11-07T15:07:16.737,184233.49417003
180,0.00173106,34.8019609,0.001711,2015-02-14T04:20:41,0.00185,0.00171715,0.00155331,BTC-XCP,372,3391,0.00156002,2017-11-07T15:09:15.413,19936.98515367
181,3.2e-07,12.57159609,3.1e-07,2014-06-21T18:37:57.64,3.3e-07,3.1e-07,3e-07,BTC-XDN,620,6592,3.2e-07,2017-11-07T15:06:12.5,39856480.55148872
182,3.875e-05,184.58596771,3.854e-05,2017-07-01T17:38:44.883,4.921e-05,3.875e-05,3.746e-05,BTC-XEL,341,7252,3.782e-05,2017-11-07T15:09:09.82,4324210.32238591
183,2.563e-05,241.43366768,2.555e-05,2015-04-10T21:06:00.043,2.689e-05,2.563e-05,2.393e-05,BTC-XEM,1147,11982,2.53e-05,2017-11-07T15:08:22.4,9486682.34375664
184,4.38e-06,1121.9122102,4.37e-06,2015-11-17T20:06:44.92,4.8e-06,4.37e-06,3.75e-06,BTC-XLM,1701,15688,3.8e-06,2017-11-07T15:08:46.507,259878985.65313256
185,3.259e-05,9.02583364,3.226e-05,2014-11-10T06:25:07.533,3.65e-05,3.259e-05,3.205e-05,BTC-XMG,303,2276,3.598e-05,2017-11-07T15:09:11.32,260486.34441579
186,0.01371901,1043.93589409,0.01368136,2014-06-04T07:38:39.24,0.014997,0.01368136,0.01250084,BTC-XMR,1366,6862,0.01250569,2017-11-07T15:08:47.803,75298.76334837
187,4.1e-07,22.79293371,4e-07,2014-03-15T08:00:00,4.5e-07,4.1e-07,3.7e-07,BTC-XMY,443,4811,3.7e-07,2017-11-07T15:06:01.8,55595582.19054036
188,2.891e-05,969.24557821,2.89e-05,2014-12-22T19:30:27.45,2.931e-05,2.89e-05,2.773e-05,BTC-XRP,2335,26314,2.793e-05,2017-11-07T15:09:07.227,33976299.26398057
189,2.346e-05,17.11356232,2.277e-05,2014-07-09T20:33:00.59,2.535e-05,2.342e-05,2.171e-05,BTC-XST,213,1343,2.247e-05,2017-11-07T15:09:14.54,723772.66394946
190,0.00012879,436.80450289,0.00012809,2016-03-12T19:37:38.863,0.00018694,0.00012954,0.00012693,BTC-XVC,606,2967,0.00017916,2017-11-07T15:09:12.493,2787123.14653431
191,1.06e-06,2200.79865099,1.05e-06,2016-02-17T22:42:03.61,1.31e-06,1.06e-06,9.5e-07,BTC-XVG,3267,16250,1.31e-06,2017-11-07T15:09:02.743,1971519046.3871171
192,7.32e-06,31.17331562,7.21e-06,2014-04-14T00:00:00,8e-06,7.2e-06,6.86e-06,BTC-XWC,487,1431,7.73e-06,2017-11-07T15:08:23.46,4072335.22208147
193,0.00210788,119.09607607,0.00208526,2016-10-20T04:48:30.387,0.00228,0.0021079,0.002054,BTC-XZC,878,3646,0.00213724,2017-11-07T15:09:04.743,55030.35562324
194,0.00025179,18.40304304,0.00025,2016-11-15T20:29:59.73,0.000255,0.00025,0.00023303,BTC-ZCL,213,5202,0.00023743,2017-11-07T15:09:11.35,75631.58551447
195,0.03300496,321.25892682,0.03299609,2016-10-28T17:13:10.833,0.03382818,0.03300496,0.03127082,BTC-ZEC,883,11313,0.03127079,2017-11-07T15:08:42.18,9865.80225891
196,0.00291,155.50617825,0.00290005,2017-06-05T16:39:49.07,0.0031,0.00290106,0.002819,BTC-ZEN,1702,4454,0.00291105,2017-11-07T15:09:14.023,53037.90876198
197,0.00124749,468.05204017,0.00119995,2017-06-11T17:33:06.127,0.00172,0.00119995,0.00103153,ETH-1ST,109,333,0.00108,2017-11-07T15:09:14.413,343009.12724127
198,6.656e-05,81.45787025,6.526e-05,2017-07-03T21:08:06.22,7.34e-05,6.501e-05,6.31e-05,ETH-ADT,68,536,6.34e-05,2017-11-07T15:06:10.33,1220231.44910124
199,0.0030522,620.3632826,0.00304802,2017-07-11T22:42:17.78,0.0033389,0.00305345,0.00289343,ETH-ADX,185,576,0.00293685,2017-11-07T15:09:15.227,198408.29566883
200,0.003773,240.88255217,0.00376001,2017-05-19T15:55:11.293,0.00399598,0.00376,0.00330006,ETH-ANT,84,411,0.00399666,2017-11-07T15:07:46.773,66634.65577182
201,0.00048698,157.51757468,0.00048188,2017-06-03T22:04:52.38,0.000487,0.00048698,0.00046003,ETH-BAT,183,1081,0.0004655,2017-11-07T15:08:22.57,332561.48591177
202,2.06999681,2905.19041988,2.0498517,2017-08-01T18:34:04.763,2.1878999,2.06999781,1.96000003,ETH-BCC,435,455,2.129,2017-11-07T15:09:09.883,1427.96591021
203,0.00640483,105.96590951,0.00628914,2017-06-22T21:36:30.867,0.00640899,0.00640763,0.00621213,ETH-BNT,67,411,0.00621003,2017-11-07T15:09:15.587,16917.84150782
204,0.0,26.34440146,0.0,2017-08-04T18:01:27.853,0.00017062,0.00015172,0.00013,ETH-BTS,74,212,0.00014932,2017-11-05T03:48:43.87,175120.1443082
205,0.00031239,165.05902264,0.00030589,2017-06-19T19:59:14.89,0.00037576,0.00030588,0.00029,ETH-CFI,103,434,0.00030476,2017-11-07T15:08:08.99,503569.08461426
206,0.00129198,172.90252109,0.00119078,2017-06-13T19:40:35.217,0.00164498,0.0013,0.0010229,ETH-CRB,57,175,0.00104351,2017-11-07T15:09:15.587,128246.23107182
207,0.0009924,390.81322414,0.0009805,2017-07-16T23:04:18.99,0.00099398,0.00098342,0.00092,ETH-CVC,186,1018,0.000951,2017-11-07T15:09:14.01,404994.31342315
208,0.98926752,395.34251521,0.974,2017-07-14T17:10:05.143,0.99999999,0.97958872,0.909009,ETH-DASH,134,222,0.91999959,2017-11-07T15:09:15.46,412.02752077
209,2.934e-05,131.65557335,2.892e-05,2017-08-04T18:01:27.777,2.952e-05,2.872e-05,2.754e-05,ETH-DGB,79,600,2.83e-05,2017-11-07T15:08:55.85,4545802.33433863
210,0.22699739,11.04515306,0.21351368,2016-06-17T18:51:39.087,0.22699978,0.22699928,0.20593881,ETH-DGD,67,191,0.20925303,2017-11-07T15:09:13.43,52.10772773
211,0.00013503,89.32676435,0.00013101,2017-08-04T02:09:02.887,0.0001463,0.000131,0.00012835,ETH-DNT,61,379,0.00013647,2017-11-07T15:08:11.443,658276.37350172
212,0.04773794,897.33389157,0.04680023,2016-07-28T21:45:59.05,0.04903002,0.04680022,0.04615162,ETH-ETC,202,1025,0.0490091,2017-11-07T15:09:15.353,18877.4790755
213,0.05687786,168.68584374,0.05535739,2017-08-04T18:01:27.853,0.05976,0.05498019,0.04755237,ETH-FCT,78,174,0.04728749,2017-11-07T15:09:15.087,3174.58194019
214,5.313e-05,127.18436958,5.275e-05,2017-07-04T18:45:47.143,5.443e-05,5.313e-05,4.7e-05,ETH-FUN,105,835,5.103e-05,2017-11-07T15:08:17.46,2459384.2273126
215,0.20844448,4.88571367,0.20491111,2017-04-30T18:42:52.17,0.2112,0.20846403,0.19999938,ETH-GNO,49,265,0.21086854,2017-11-07T15:07:46.303,23.95994987
216,0.00065919,591.32952447,0.00064883,2017-04-20T06:38:51.877,0.00066075,0.00064864,0.00061599,ETH-GNT,205,1430,0.000642,2017-11-07T15:09:15.023,929275.13644412
217,0.00055561,256.85971879,0.00053171,2017-04-30T18:40:42.213,0.000634,0.00053651,0.0004512,ETH-GUP,68,219,0.00046826,2017-11-07T15:09:15.367,509485.04179338
218,0.0003109,76.90310391,0.00029673,2017-05-10T07:27:27.597,0.00033111,0.00031106,0.00028302,ETH-HMQ,64,296,0.00029449,2017-11-07T15:09:14.15,254437.84281913
219,0.0030973,187.79931529,0.0030022,2017-06-17T15:02:02.783,0.00356244,0.0030973,0.00276021,ETH-LGD,78,327,0.00334832,2017-11-07T15:09:14.337,61553.73257947
220,0.19894989,1017.01977045,0.19696237,2017-06-25T03:06:46.83,0.19998348,0.19696227,0.18100002,ETH-LTC,304,529,0.18519999,2017-11-07T15:07:53.523,5356.54596955
221,0.01715166,55.69112266,0.01681043,2017-04-30T18:41:22.84,0.01715166,0.01715166,0.01580807,ETH-LUN,60,282,0.01591477,2017-11-07T15:08:46.54,3413.27551718
222,4.397e-05,40.50933897,4.3e-05,2017-10-13T23:32:03.027,4.525e-05,4.3e-05,3.867e-05,ETH-MANA,70,224,3.803e-05,2017-11-07T14:58:21.213,973660.73303155
223,0.01989039,363.08162035,0.01968506,2017-07-02T00:37:17.05,0.02049996,0.01989039,0.019,ETH-MCO,185,1031,0.01932435,2017-11-07T15:08:41.257,18537.89435245
224,0.01714199,141.44438588,0.01681985,2017-07-08T14:59:57.37,0.01799422,0.01713404,0.0160001,ETH-MTL,120,529,0.01632,2017-11-07T15:09:15.023,8382.23701694
225,0.00208112,3.35049134,0.00203054,2017-06-19T19:13:43.743,0.0021976,0.00206051,0.0020101,ETH-MYST,45,375,0.00219137,2017-11-07T15:08:21.633,1627.20707905
226,0.08999989,1544.0706828,0.08927147,2017-07-21T01:08:49.397,0.08999991,0.08999989,0.0862,ETH-NEO,918,1743,0.0884772,2017-11-07T15:09:15.617,17559.89419174
227,0.03731947,16.16403766,0.03728574,2017-06-22T21:58:57.657,0.03728574,0.03728574,0.03435706,ETH-NMR,99,428,0.03655436,2017-11-07T15:09:03.163,445.66531726
228,0.02175693,1809.50906793,0.02175547,2017-07-16T17:07:42.41,0.0225,0.02175547,0.02085,ETH-OMG,565,2132,0.02126162,2017-11-07T15:08:45.883,83323.2538873
229,0.00559994,708.17053889,0.00552106,2017-07-07T07:14:00.873,0.00575931,0.00559996,0.00520201,ETH-PAY,305,1679,0.00528,2017-11-07T15:09:15.477,130404.51826568
230,0.0005395,194.22043484,0.00052276,2017-06-18T17:04:24.147,0.00061394,0.00053001,0.00048652,ETH-PTOY,78,532,0.00052192,2017-11-07T15:09:13.1,355850.77772362
231,0.00205984,9.96053414,0.00199639,2017-06-11T17:33:06.14,0.00201927,0.002,0.00190001,ETH-QRL,89,196,0.00204259,2017-11-07T15:08:49.477,5026.68231775
232,0.03649227,1303.13120409,0.03585305,2017-07-20T19:08:43.473,0.03736976,0.035853,0.034,ETH-QTUM,358,1016,0.0356,2017-11-07T15:09:14.837,36276.53328732
233,0.06093534,153.57590953,0.05874967,2017-04-20T06:43:49.19,0.06869237,0.0609572,0.05519379,ETH-REP,99,177,0.05662639,2017-11-07T15:09:15.01,2622.79959357
234,0.00182781,29.574392,0.001775,2017-04-30T18:41:22.823,0.00186341,0.00177126,0.00175,ETH-RLC,64,283,0.0018589,2017-11-07T15:08:55.6,16228.24989297
235,0.01003672,967.9474597,0.00999353,2017-10-16T17:32:48.84,0.01042752,0.00999353,0.00900744,ETH-SALT,100,196,0.00933075,2017-11-07T15:08:56.273,100297.32562335
236,1.271e-05,146.39963109,1.26e-05,2017-07-14T17:10:07.74,1.285e-05,1.26e-05,1.149e-05,ETH-SC,142,1170,1.174e-05,2017-11-07T15:00:47.34,12007826.18041916
237,0.000638,1318.64635311,0.00062686,2017-04-30T18:41:22.853,0.00086196,0.00062903,0.000504,ETH-SNGLS,179,203,0.00053789,2017-11-07T15:09:07.117,1947954.15594826
238,0.00010298,267.6226903,0.00010032,2017-06-28T18:26:15.747,0.00010317,0.00010299,9.702e-05,ETH-SNT,173,1043,0.00010159,2017-11-07T15:09:15.353,2664183.39654407
239,0.00176872,124.71201129,0.00174606,2017-07-11T21:14:32.643,0.00178,0.0017709,0.00155,ETH-STORJ,125,442,0.00162,2017-11-07T15:09:15.523,76384.29405034
240,0.01035456,245.24052843,0.01012073,2017-08-04T18:01:27.713,0.01047204,0.01035644,0.00985906,ETH-STRAT,233,1177,0.01032496,2017-11-07T15:09:15.617,24226.59502484
241,0.08213298,6.09313182,0.07877314,2017-06-23T18:01:03.323,0.07838918,0.07838918,0.0766623,ETH-TIME,70,135,0.07834608,2017-11-07T15:08:44.68,77.88982641
242,0.00060486,51.05298749,0.00058957,2017-10-25T21:01:08.287,0.000635,0.000605,0.00058002,ETH-TIX,38,311,0.00061193,2017-11-07T15:07:37.68,83583.53388777
243,0.00364992,41.23212692,0.00353715,2017-05-09T04:43:46.723,0.0038783,0.00364992,0.00335111,ETH-TKN,63,492,0.00364099,2017-11-07T15:09:05.15,11397.20937904
244,0.00083715,67.60890636,0.00081253,2017-05-19T15:55:11.28,0.000882,0.000815,0.000802,ETH-TRST,77,209,0.00083,2017-11-07T15:08:58.68,81173.62610005
245,0.0128,274.08404766,0.01247286,2017-08-04T18:00:50.15,0.01280005,0.01240318,0.0111,ETH-WAVES,184,451,0.01215432,2017-11-07T15:09:12.6,22896.31617567
246,0.00126516,68.96869966,0.001252,2017-04-26T22:16:06.627,0.00129513,0.00126516,0.00123944,ETH-WINGS,47,319,0.00129125,2017-11-07T15:08:45.79,54656.99568928
247,0.00062099,576.81503701,0.00061303,2017-07-21T01:08:49.38,0.00063419,0.000619,0.00057261,ETH-XEM,142,551,0.00061745,2017-11-07T15:09:14.867,943136.07269128
248,0.00010758,723.53452121,0.00010616,2017-07-21T01:08:49.38,0.00011195,0.00010616,9e-05,ETH-XLM,234,426,9.212e-05,2017-11-07T15:09:01.133,6938041.349078
249,0.33387613,910.65154495,0.332,2017-07-21T01:08:49.367,0.34985,0.332,0.30332728,ETH-XMR,145,268,0.30260647,2017-11-07T15:08:37.85,2752.50387868
250,0.0007013,738.54273556,0.0007,2017-06-25T03:07:09.677,0.00070135,0.0007,0.000666,ETH-XRP,456,843,0.00068076,2017-11-07T15:08:54.15,1082759.88020336
251,0.805,488.92474608,0.7993,2017-07-14T17:10:07.8,0.807,0.805,0.75149496,ETH-ZEC,264,525,0.75939371,2017-11-07T15:07:54.507,628.13325691
252,591.0,5106488.99098795,590.897,2017-08-01T18:34:04.873,648.99999805,590.0,585.012,USDT-BCC,1268,2118,636.0,2017-11-07T15:09:05.913,8416.63153322
253,6961.0000003,42083827.2412719,6956.00000004,2015-12-11T06:31:40.633,7285.89999999,6956.00000003,6923.0,USDT-BTC,9565,4017,7261.1,2017-11-07T15:09:14.413,5955.06513596
254,282.88888879,1031557.21065323,281.55555,2017-07-21T01:08:49.413,301.61904399,281.55555,272.1632695,USDT-DASH,418,1048,274.99999999,2017-11-07T15:09:15.353,3591.96525175
255,13.53811547,2633391.52181682,13.53026294,2017-07-14T17:10:10.72,14.72,13.5457847,13.5457847,USDT-ETC,608,2164,14.62,2017-11-07T15:09:15.617,186876.24909304
256,288.89999995,4511471.76810249,288.59881502,2017-04-20T17:26:37.647,304.04122641,288.89999996,285.00000001,USDT-ETH,1701,4287,299.99999,2017-11-07T15:08:57.523,15253.0685003
257,57.0,1750535.03082557,56.8,2017-07-14T17:10:10.72,58.68,56.8,54.28713508,USDT-LTC,933,2488,55.42,2017-11-07T15:09:14.837,31029.66138492
258,26.08577702,1396735.61677436,25.91,2017-08-04T16:58:43.087,26.5799999,25.93702496,25.5,USDT-NEO,1316,5028,26.31097101,2017-11-07T15:09:13.883,53502.60359338
259,6.27534068,974235.6498905,6.2400001,2017-09-15T23:49:44.83,6.6999,6.29734895,6.2,USDT-OMG,917,4774,6.3727765,2017-11-07T15:09:09.79,149947.55520017
260,95.78217602,2238460.3517602,95.3,2017-07-21T01:08:49.397,104.5,96.21427531,90.5,USDT-XMR,494,898,90.5,2017-11-07T15:09:08.18,22761.45322045
261,0.202,628427.03395061,0.20100012,2017-07-14T17:10:10.737,0.206,0.202,0.19934411,USDT-XRP,1144,4268,0.20369558,2017-11-07T15:08:48.587,3102291.34206739
262,230.70000002,456618.84360496,230.70000001,2017-07-14T17:10:10.673,235.99999955,230.70000002,226.0,USDT-ZEC,732,2856,227.0,2017-11-07T15:09:08.68,1975.90964783
263,2.161e-05,1661.54104856,2.151e-05,2017-11-07T07:59:10.913,0.0002001,2.13e-05,1.7e-05,BTC-RCN,630,2084,0.0002,2017-11-07T15:09:15.523,75366907.70183833
264,0.00051899,2860.17433479,0.00051212,2017-11-07T07:59:10.93,0.00089,0.000519,0.00025124,ETH-RCN,126,231,0.00089,2017-11-07T15:09:09.01,5444598.5365834
