,Ask,BaseVolume,Bid,Created,High,Last,Low,MarketName,OpenBuyOrders,OpenSellOrders,PrevDay,TimeStamp,Volume
0,4.97e-05,576.00614378,4.901e-05,2017-06-06T01:22:35.727,7.245e-05,4.901e-05,4.451e-05,BTC-1ST,272,5812,4.451e-05,2017-11-07T15:26:17.717,9950679.96078918
1,8.7e-07,24.34396125,8.6e-07,2016-05-16T06:44:15.287,9.9e-07,8.7e-07,7.9e-07,BTC-2GIVE,329,2261,9.4e-07,2017-11-07T15:25:16.84,27797441.93718426
2,8.3e-07,17.67790224,8.2e-07,2014-10-31T01:43:25.743,9.9e-07,8.3e-07,8e-07,BTC-ABY,265,4902,8.6e-07,2017-11-07T15:26:16.577,20100274.79043507
3,3.1e-06,585.74655002,3.09e-06,2017-09-29T07:01:58.873,3.35e-06,3.1e-06,2.94e-06,BTC-ADA,1540,9344,3e-06,2017-11-07T15:26:21.373,186107497.59562838
4,2.78e-06,22.99257364,2.71e-06,2017-07-03T21:08:06.11,2.99e-06,2.7e-06,2.61e-06,BTC-ADT,154,3145,2.65e-06,2017-11-07T15:26:22.983,8208213.85085472
5,0.00012507,530.44341377,0.00012399,2017-07-11T22:42:17.78,0.0001429,0.00012403,0.0001205,BTC-ADX,703,8813,0.00012205,2017-11-07T15:26:22.547,4027573.10070104
6,0.000215,15.73128982,0.00021322,2015-07-31T00:50:47.11,0.00021999,0.00021322,0.00019103,BTC-AEON,253,2144,0.0002035,2017-11-07T15:22:45.18,75186.71419077
7,5.031e-05,2.77268135,4.958e-05,2015-11-10T00:53:59.643,5.117e-05,4.953e-05,4.74e-05,BTC-AGRS,199,2515,4.907e-05,2017-11-07T15:26:10.653,56186.78295932
8,2.117e-05,21.61158089,2.1e-05,2015-11-03T19:13:55.18,2.176e-05,2.102e-05,1.951e-05,BTC-AMP,156,5686,2.091e-05,2017-11-07T15:26:23.187,1040775.19866325
9,0.00015689,49.4918385,0.00015409,2017-05-17T19:54:30.143,0.00016761,0.00015403,0.00014116,BTC-ANT,193,4289,0.00015949,2017-11-07T15:26:21.437,325889.86987337
10,0.00076715,3.13569759,0.00074632,2017-05-02T06:26:32.897,0.00076874,0.00076755,0.000725,BTC-APX,188,1876,0.00075148,2017-11-07T15:26:17.89,4188.33274392
11,2.825e-05,44.66609803,2.803e-05,2016-10-13T18:59:37.407,2.905e-05,2.825e-05,2.687e-05,BTC-ARDR,465,4267,2.695e-05,2017-11-07T15:26:20.437,1582470.22759657
12,0.000369,289.0288257,0.0003675,2017-03-21T18:11:29.347,0.000378,0.0003675,0.00033723,BTC-ARK,2146,9703,0.00033907,2017-11-07T15:25:50.823,801129.48964299
13,8.66e-05,2.00143032,8.51e-05,2014-03-16T22:00:00,8.777e-05,8.51e-05,8.5e-05,BTC-AUR,101,1578,8.667e-05,2017-11-07T15:26:14.793,23301.38610085
14,1.983e-05,99.8236023,1.973e-05,2017-06-03T22:04:53.82,2.05e-05,1.977e-05,1.91e-05,BTC-BAT,668,12941,1.91e-05,2017-11-07T15:26:22.687,5005308.23472254
15,3.92e-06,119.83743265,3.89e-06,2014-11-18T17:34:21.083,4.89e-06,3.93e-06,3.11e-06,BTC-BAY,288,3926,3.25e-06,2017-11-07T15:26:22.92,29045936.30489231
16,0.08511343,1953.12101171,0.08505,2017-08-01T18:34:04.967,0.0893,0.08505,0.083959,BTC-BCC,3332,12085,0.0892,2017-11-07T15:26:23.17,22797.08416439
17,4.65e-05,11.80706855,4.544e-05,2015-09-10T05:28:20.787,4.799e-05,4.552e-05,4.145e-05,BTC-BCY,129,2896,4.237e-05,2017-11-07T15:26:22.467,266265.50919006
18,3.9e-07,8.65822862,3.8e-07,2015-02-15T23:07:32.777,3.9e-07,3.9e-07,3.6e-07,BTC-BITB,516,5118,3.7e-07,2017-11-07T15:26:04.67,22890986.05705225
19,0.00012248,5.7728954,0.00012061,2014-11-13T20:20:21.443,0.00012586,0.00012001,0.00011603,BTC-BLITZ,143,2610,0.00011955,2017-11-07T15:21:17.68,47842.76875828
20,3.098e-05,21.00534256,3.072e-05,2014-03-14T09:00:00,3.285e-05,3.072e-05,2.916e-05,BTC-BLK,196,4604,3.014e-05,2017-11-07T15:26:18.403,675339.95815813
21,0.003035,32.17481954,0.002961,2014-10-29T06:45:03.97,0.00303752,0.00296091,0.00246868,BTC-BLOCK,268,1496,0.00247,2017-11-07T15:26:22.717,11402.39560547
22,0.00026171,10.93469787,0.00026084,2017-06-22T21:36:30.85,0.00027499,0.00026171,0.00025519,BTC-BNT,138,3314,0.00025623,2017-11-07T15:25:59.31,41427.76794271
23,2.182e-05,4.0796556,2.156e-05,2016-06-13T02:27:33.34,2.252e-05,2.182e-05,2.026e-05,BTC-BRK,131,2200,2.158e-05,2017-11-07T15:26:07.357,190376.22193783
24,6.962e-05,17.22351327,6.888e-05,2016-07-10T21:25:05.127,7.207e-05,6.874e-05,6.251e-05,BTC-BRX,142,2034,6.706e-05,2017-11-07T15:25:06.323,255933.25646867
25,8.148e-05,7.72206106,8.147e-05,2016-02-17T00:54:23.677,8.6e-05,8.148e-05,8.078e-05,BTC-BSD,192,2037,8.49e-05,2017-11-07T15:25:31.293,92352.99273351
26,0.01761969,8.24448526,0.0175,2014-07-14T06:05:04.567,0.01790817,0.01761969,0.01593002,BTC-BTCD,165,712,0.01739999,2017-11-07T15:23:32.323,480.01224125
27,0.0,63.85828478,0.0,2014-11-24T08:18:16.53,9.98e-06,8.86e-06,8.44e-06,BTC-BTS,229,4558,8.63e-06,2017-11-05T03:45:21.24,6871090.19001538
28,8.3e-07,13.51321944,8.1e-07,2014-09-16T07:41:56.047,8.8e-07,8.3e-07,7.5e-07,BTC-BURST,314,6357,8.2e-07,2017-11-07T15:17:25.287,16659491.88103283
29,0.000135,163.37702519,0.00013499,2014-11-03T19:02:45.96,0.00016843,0.00013498,7.455e-05,BTC-BYC,303,1117,7.499e-05,2017-11-07T15:26:22.983,1248387.87040399
30,3.7e-06,24.02160878,3.68e-06,2014-08-10T06:48:44.83,4.49e-06,3.7e-06,3.58e-06,BTC-CANN,261,6247,4.09e-06,2017-11-07T15:24:07.887,5971766.20032657
31,1.277e-05,102.15667903,1.266e-05,2017-06-19T19:59:14.78,1.589e-05,1.266e-05,1.204e-05,BTC-CFI,243,5370,1.275e-05,2017-11-07T15:26:08.933,7272062.87103571
32,0.00068959,7.44449712,0.00068174,2015-04-18T22:04:25.183,0.00072071,0.00068125,0.00064184,BTC-CLAM,235,1467,0.00066003,2017-11-07T15:26:21.937,10802.3876196
33,0.000681,19.28380495,0.00067829,2014-06-04T08:53:18.563,0.0007666,0.00068994,0.00060111,BTC-CLOAK,303,2842,0.00066686,2017-11-07T15:25:23.92,28369.39436869
34,0.00021451,63.5237941,0.0002145,2015-12-18T00:30:10.31,0.00021878,0.00021451,0.0001996,BTC-CLUB,405,1828,0.00020118,2017-11-07T15:25:54.217,303367.72491624
35,6.9e-07,9.74663184,6.8e-07,2015-01-22T19:11:45.903,7.1e-07,6.9e-07,6.4e-07,BTC-COVAL,302,4726,7e-07,2017-11-07T15:19:42.553,14275160.28142558
36,5.12e-05,18.05931605,5.008e-05,2015-07-25T06:30:32.53,6.1e-05,5.072e-05,5.004e-05,BTC-CPC,107,2773,5.979e-05,2017-11-07T15:26:22.467,325295.77834185
37,5.268e-05,236.42642127,5.259e-05,2017-06-13T19:40:35.203,6.999e-05,5.259e-05,4.328e-05,BTC-CRB,132,2970,4.355e-05,2017-11-07T15:26:20.5,3922513.96857367
38,0.00021595,16.45624923,0.00021075,2017-03-06T21:10:15.663,0.000216,0.00021075,0.0001883,BTC-CRW,195,1618,0.00020022,2017-11-07T15:26:22.2,82973.33304475
39,4.461e-05,86.70259484,4.397e-05,2014-05-13T09:00:00,6.146e-05,4.397e-05,4.23e-05,BTC-CURE,323,2204,5.748e-05,2017-11-07T15:26:16.28,1644515.36695256
40,4.073e-05,141.55752154,4.048e-05,2017-07-16T23:04:18.867,4.18e-05,4.049e-05,3.913e-05,BTC-CVC,910,12013,3.913e-05,2017-11-07T15:25:56.23,3493960.22410814
41,0.04016,503.87005186,0.04002305,2014-03-11T08:00:00,0.0421155,0.04016,0.0382,BTC-DASH,1221,6081,0.03825309,2017-11-07T15:26:13.073,12534.74720702
42,0.0040638,49.95857444,0.00400028,2016-02-09T21:06:51.577,0.0042,0.00406433,0.00379999,BTC-DCR,530,4640,0.00384014,2017-11-07T15:26:22.467,12365.41404685
43,6.015e-05,12.59477921,5.999e-05,2017-06-30T16:35:24.643,6.298e-05,5.999e-05,5.7e-05,BTC-DCT,160,4816,5.95e-05,2017-11-07T15:25:53.717,210985.25227972
44,1.2e-06,235.80406377,1.19e-06,2014-08-20T07:09:57.207,1.27e-06,1.19e-06,1.15e-06,BTC-DGB,966,25405,1.17e-06,2017-11-07T15:26:08.87,195000376.98544538
45,0.0090742,6.15017528,0.00904826,2016-06-14T16:25:12.063,0.00916,0.0090742,0.00856101,BTC-DGD,153,1089,0.00879497,2017-11-07T15:18:09.833,688.61171304
46,0.00115921,41.70414742,0.00115,2015-05-01T17:31:24.97,0.00144435,0.00115,0.00089003,BTC-DMD,334,1712,0.00091666,2017-11-07T15:26:22.013,36417.16449291
47,5.52e-06,28.20183029,5.45e-06,2017-08-04T02:09:02.873,5.95e-06,5.52e-06,5.28e-06,BTC-DNT,146,1964,5.62e-06,2017-11-07T15:26:21.39,4968855.45882658
48,1.7e-07,29.60774627,1.6e-07,2014-02-13T00:00:00,1.7e-07,1.7e-07,1.5e-07,BTC-DOGE,1644,18029,1.6e-07,2017-11-07T15:26:19.92,180374468.6364882
49,3.04e-06,31.3532717,2.92e-06,2014-10-17T19:09:32.6,3.88e-06,3.03e-06,2.83e-06,BTC-DOPE,284,3390,3.63e-06,2017-11-07T15:26:21.983,9798717.72660999
50,6.08e-05,6.3779505,6.079e-05,2017-04-01T04:06:13.887,6.366e-05,6.079e-05,5.38e-05,BTC-DTB,147,3068,5.536e-05,2017-11-07T15:26:04.42,110000.10908807
51,0.000433,1.640912,0.00042526,2017-03-23T00:10:19.403,0.0004499,0.00042526,0.000418,BTC-DYN,152,922,0.00041897,2017-11-07T15:23:05.26,3802.93299972
52,1.5e-05,7.59929073,1.479e-05,2016-09-15T15:47:38.92,1.541e-05,1.5e-05,1.425e-05,BTC-EBST,149,4420,1.462e-05,2017-11-07T15:26:10.153,510866.57801801
53,7.8e-05,39.46518105,7.795e-05,2017-04-18T00:56:59.243,7.8e-05,7.8e-05,7.153e-05,BTC-EDG,324,6198,7.398e-05,2017-11-07T15:26:20.873,526281.18830492
54,1.725e-05,1.44563448,1.696e-05,2014-03-20T20:00:00,1.75e-05,1.696e-05,1.626e-05,BTC-EFL,126,1582,1.637e-05,2017-11-07T15:26:15.7,86157.66567627
55,3.17e-05,4.13237369,3.169e-05,2016-01-18T21:01:43.837,3.2e-05,3.169e-05,2.991e-05,BTC-EGC,256,2893,3.143e-05,2017-11-07T15:19:13.57,133649.03984506
56,8.772e-05,70.02430536,8.75e-05,2016-01-06T05:28:04.553,0.00010274,8.75e-05,8.327e-05,BTC-EMC,256,3109,8.31e-05,2017-11-07T15:26:22.11,754105.05858145
57,9.2e-06,113.51967954,9.12e-06,2014-12-24T00:00:00,9.83e-06,9.11e-06,8.28e-06,BTC-EMC2,362,7058,8.44e-06,2017-11-07T15:25:37.153,12682359.12302279
58,1.762e-05,29.73466258,1.705e-05,2014-05-04T00:00:00,2.025e-05,1.762e-05,1.477e-05,BTC-ENRG,257,2287,1.516e-05,2017-11-07T15:26:22.28,1679212.08523489
59,8e-05,161.12605611,7.984e-05,2014-05-10T17:00:00,0.0001125,7.984e-05,6.077e-05,BTC-ERC,233,1920,6.075e-05,2017-11-07T15:26:23.03,1849988.42794227
60,0.00190749,570.57644311,0.001901,2016-07-26T18:10:22.82,0.00206832,0.00190749,0.00189387,BTC-ETC,1055,8256,0.00203071,2017-11-07T15:26:22.763,285853.94618243
61,0.04116098,2860.45272474,0.04109001,2015-08-14T09:02:24.817,0.04340655,0.04116098,0.04021202,BTC-ETH,3998,20193,0.04139905,2017-11-07T15:26:21.577,68029.69859962
62,0.0001725,5.16130365,0.00017249,2014-09-28T20:33:27.633,0.00018843,0.0001725,0.00016702,BTC-EXCL,206,1515,0.00019379,2017-11-07T15:24:56.107,29454.4183809
63,0.00025343,45.80602504,0.00025,2015-09-16T17:10:15.253,0.00029499,0.00025,0.00024102,BTC-EXP,189,4166,0.00024083,2017-11-07T15:26:17.093,173471.77086315
64,0.00011997,1.65903971,0.00011802,2014-12-12T19:51:07.703,0.000124,0.00011997,0.00011504,BTC-FAIR,241,931,0.0001229,2017-11-07T15:20:07.693,13646.68484375
65,0.002445,201.88106528,0.00239733,2016-01-09T03:47:07.803,0.00248,0.00239689,0.00200039,BTC-FCT,612,3855,0.00201,2017-11-07T15:26:21.56,89695.7321255
66,1.48e-06,13.03465276,1.47e-06,2015-02-23T23:01:53.92,1.57e-06,1.47e-06,1.44e-06,BTC-FLDC,289,3723,1.47e-06,2017-11-07T15:13:29.403,8678898.07661867
67,1.202e-05,14.74362108,1.19e-05,2015-03-11T05:43:30.193,1.272e-05,1.184e-05,1.052e-05,BTC-FLO,188,2387,1.068e-05,2017-11-07T15:25:56.073,1276048.37460777
68,1.601e-05,147.71339243,1.562e-05,2014-02-13T00:00:00,1.702e-05,1.601e-05,1.345e-05,BTC-FTC,944,5289,1.657e-05,2017-11-07T15:26:23.03,9429303.41108427
69,2.18e-06,109.58239295,2.15e-06,2017-07-04T18:45:47.13,2.3e-06,2.17e-06,1.96e-06,BTC-FUN,261,6206,2.13e-06,2017-11-07T15:25:56.23,50156020.19153725
70,0.00101853,1.40911816,0.00099562,2015-05-05T22:38:44.963,0.0010189,0.00099489,0.00093348,BTC-GAM,107,829,0.00095202,2017-11-07T15:26:23,1426.900277
71,0.000235,66.98719377,0.00023454,2015-04-08T04:09:53.013,0.00024778,0.00023454,0.00022714,BTC-GAME,249,5383,0.00023302,2017-11-07T15:20:50.413,284039.29290272
72,1.538e-05,21.99956938,1.52e-05,2017-02-12T00:38:21.023,1.7e-05,1.52e-05,1.44e-05,BTC-GBG,167,2926,1.443e-05,2017-11-07T15:22:02.383,1377783.16798689
73,0.02357567,87.46407971,0.0234,2017-04-13T20:46:39.83,0.0253,0.02334162,0.02070022,BTC-GBYTE,363,3569,0.02135522,2017-11-07T15:24:14.76,3713.24604697
74,6.76e-06,21.82211301,6.63e-06,2015-08-24T00:25:28.933,8.24e-06,6.63e-06,6.46e-06,BTC-GCR,91,3988,6.51e-06,2017-11-07T15:21:15.07,2936435.59546805
75,0.00014111,7.96257012,0.00013846,2015-02-21T03:29:43.267,0.00014905,0.00013841,0.00013503,BTC-GEO,232,2681,0.00013738,2017-11-07T15:26:17.2,56292.86519886
76,2.093e-05,4.75495498,2.053e-05,2014-03-22T16:00:00,2.152e-05,2.094e-05,1.919e-05,BTC-GLD,276,2206,1.99e-05,2017-11-07T15:26:22.217,234941.74797691
77,0.00861988,10.24305528,0.00850195,2017-04-28T02:43:12,0.0087571,0.00861927,0.00837988,BTC-GNO,156,2293,0.00845104,2017-11-07T15:26:15.793,1193.79851404
78,2.687e-05,112.17481733,2.683e-05,2017-04-17T21:35:59.26,2.8e-05,2.687e-05,2.567e-05,BTC-GNT,505,10554,2.597e-05,2017-11-07T15:26:11.2,4165021.99761019
79,1.63e-05,6.49204007,1.612e-05,2017-01-19T23:23:12.41,1.658e-05,1.63e-05,1.54e-05,BTC-GOLOS,190,2137,1.571e-05,2017-11-07T15:15:12.563,406632.76814188
80,5.67e-06,7.92962815,5.56e-06,2015-02-27T19:57:02.82,5.69e-06,5.68e-06,5.08e-06,BTC-GRC,241,3578,5.19e-06,2017-11-07T15:26:10.28,1467115.64452143
81,9.051e-05,1226.09327078,9.022e-05,2014-04-03T05:00:00,0.0001085,9.051e-05,8.7e-05,BTC-GRS,1770,5284,9.411e-05,2017-11-07T15:26:20,12544872.92072369
82,2.176e-05,92.22292978,2.163e-05,2017-04-29T18:08:12.39,2.711e-05,2.191e-05,1.868e-05,BTC-GUP,215,3632,1.915e-05,2017-11-07T15:26:21.483,4148554.95922624
83,1.267e-05,41.53563669,1.243e-05,2017-05-10T00:02:47.373,1.395e-05,1.265e-05,1.2e-05,BTC-HMQ,181,4047,1.234e-05,2017-11-07T15:26:16.06,3199355.86824155
84,2.142e-05,3.08929863,2.141e-05,2017-04-04T21:20:51.083,2.209e-05,2.142e-05,2.093e-05,BTC-INCNT,129,2709,2.182e-05,2017-11-07T05:43:44.113,142340.20175623
85,9.478e-05,3.80904371,9.165e-05,2015-10-03T20:41:41.403,9.535e-05,9.479e-05,8.904e-05,BTC-INFX,179,1548,9.016e-05,2017-11-07T15:26:12.84,41128.64983839
86,0.00035132,101.6707546,0.00034721,2014-07-29T16:57:43.787,0.0004897,0.00035,0.0003,BTC-IOC,213,1937,0.000312,2017-11-07T15:26:21.967,254837.24190944
87,0.00015126,6.24593335,0.00015065,2017-02-18T23:41:17.04,0.000152,0.00015065,0.00014226,BTC-ION,193,2176,0.00014814,2017-11-07T15:23:37.01,42167.9396708
88,0.00031859,55.04810821,0.00031408,2016-12-22T00:54:23.477,0.00033399,0.00031859,0.00029,BTC-IOP,358,5618,0.00031529,2017-11-07T15:26:14.107,173273.20698535
89,0.00038598,543.65307837,0.00038597,2017-02-11T23:04:01.853,0.00040898,0.00038597,0.00036,BTC-KMD,1586,6584,0.000384,2017-11-07T15:26:22.407,1417457.93609865
90,0.000495,20.6069461,0.00049013,2014-06-17T05:46:29.303,0.00053644,0.000495,0.000475,BTC-KORE,260,2435,0.00050101,2017-11-07T15:24:36.48,40613.77600523
91,2.2e-05,30.80665358,2.171e-05,2016-07-05T21:50:07.81,2.219e-05,2.169e-05,1.995e-05,BTC-LBC,388,8891,2e-05,2017-11-07T15:26:22.36,1437068.59118877
92,0.00012796,122.58138698,0.00012683,2017-04-18T07:37:41.3,0.00014325,0.00012796,0.00011561,BTC-LGD,417,5379,0.00013606,2017-11-07T15:22:18.98,933282.15922951
93,6.3e-06,19.48279904,6.22e-06,2017-02-18T23:55:53.153,6.44e-06,6.22e-06,6.06e-06,BTC-LMC,205,5454,6.19e-06,2017-11-07T15:25:56.84,3145281.19667536
94,0.0006734,351.92063265,0.00067014,2016-05-24T18:49:52.77,0.0007,0.00067014,0.00062458,BTC-LSK,1739,8389,0.00062952,2017-11-07T15:26:16.67,533070.16399802
95,0.00814302,1137.01993389,0.008138,2014-02-13T00:00:00,0.0083,0.008135,0.0076,BTC-LTC,2423,12987,0.00761735,2017-11-07T15:26:17.903,143973.21263651
96,0.00070509,10.923769,0.0007,2017-04-30T16:57:03.27,0.00072739,0.0007,0.000655,BTC-LUN,164,4096,0.000655,2017-11-07T15:25:05.903,15780.85393062
97,5.191e-05,53.12466171,5.19e-05,2016-01-18T20:38:22.707,5.5e-05,5.191e-05,4.603e-05,BTC-MAID,324,3916,4.716e-05,2017-11-07T15:26:22.903,1046817.01494412
98,1.81e-06,17.16895513,1.8e-06,2017-10-13T23:32:02.993,1.85e-06,1.8e-06,1.62e-06,BTC-MANA,178,2483,1.63e-06,2017-11-07T15:26:15.387,9886755.64621083
99,0.00080999,225.47783182,0.0008056,2017-07-02T00:37:16.957,0.00086821,0.00080999,0.00078754,BTC-MCO,473,10117,0.0008,2017-11-07T15:26:02.573,271241.91322999
100,3.192e-05,382.74273288,3.15e-05,2016-04-01T18:24:07.207,4.34e-05,3.194e-05,2.843e-05,BTC-MEME,325,1805,3.679e-05,2017-11-07T15:26:22.577,10574350.62004847
101,0.008178,13.66728409,0.00800011,2017-03-15T19:30:56.167,0.00864404,0.008178,0.00762766,BTC-MLN,112,1498,0.0085005,2017-11-07T15:26:19.81,1695.78720082
102,0.00037567,56.965918,0.000375,2014-04-18T22:00:00,0.00038239,0.000375,0.000362,BTC-MONA,471,3819,0.0003735,2017-11-07T15:26:18.67,153910.44707631
103,0.00070978,194.04665385,0.00070409,2017-07-08T14:59:57.34,0.00077616,0.00070978,0.00067144,BTC-MTL,539,6214,0.000681,2017-11-07T15:26:10.683,270005.78323218
104,1.427e-05,14.60257251,1.419e-05,2015-04-09T17:31:31.113,1.65e-05,1.427e-05,1.401e-05,BTC-MUE,222,3079,1.473e-05,2017-11-07T15:26:22.61,982295.99974619
105,1.99e-06,36.65855521,1.98e-06,2017-03-27T19:59:13.073,2.52e-06,1.99e-06,1.86e-06,BTC-MUSIC,284,9390,1.88e-06,2017-11-07T15:12:42.497,17480647.2899541
106,8.502e-05,4.06402345,8.5e-05,2017-06-19T19:13:43.73,8.84e-05,8.5e-05,8.5e-05,BTC-MYST,231,3693,8.659e-05,2017-11-07T15:24:03.417,47379.83079242
107,0.000109,77.63505666,0.00010892,2014-07-08T03:37:28.39,0.00011375,0.00010892,0.0001059,BTC-NAV,553,5197,0.00010777,2017-11-07T15:22:14.417,706648.30952583
108,0.00014149,24.42894232,0.00014012,2015-04-08T03:57:37.33,0.000144,0.00014149,0.00013634,BTC-NBT,46,1774,0.00013697,2017-11-07T15:18:13.473,174172.31577885
109,0.0037194,1148.04326704,0.00371928,2016-10-26T01:28:31.96,0.00382043,0.0037194,0.003604,BTC-NEO,4834,27498,0.003627,2017-11-07T15:26:05.67,310033.24511709
110,0.0003265,7.19731882,0.00032601,2014-08-20T00:06:59.63,0.0003435,0.000327,0.00031456,BTC-NEOS,264,2046,0.0003435,2017-11-07T15:25:09.387,22155.1088422
111,1.341e-05,26.98539904,1.325e-05,2014-04-04T22:00:00,1.419e-05,1.325e-05,1.196e-05,BTC-NLG,263,3301,1.227e-05,2017-11-07T15:26:14.607,2039191.55355286
112,0.00151,16.49192094,0.00149028,2017-06-22T21:58:57.657,0.0016,0.00151,0.00147258,BTC-NMR,148,4354,0.00149,2017-11-07T15:26:09.607,10825.50287104
113,2.729e-05,19.81220494,2.68e-05,2017-04-17T22:51:08.97,2.929e-05,2.731e-05,2.557e-05,BTC-NXC,102,3818,2.787e-05,2017-11-07T15:26:10.73,717914.66956224
114,0.00013689,24.68880622,0.000136,2015-01-25T03:00:35.143,0.0001419,0.00013685,0.00012792,BTC-NXS,525,4199,0.00012792,2017-11-07T15:26:15.89,181939.18984681
115,8.2e-06,44.13212581,8.15e-06,2014-03-03T09:00:00,8.27e-06,8.13e-06,7.87e-06,BTC-NXT,350,8429,7.93e-06,2017-11-07T15:24:52.667,5443587.57383733
116,3.472e-05,143.76767309,3.452e-05,2015-05-30T19:26:37.523,3.749e-05,3.451e-05,3.451e-05,BTC-OK,956,10327,3.528e-05,2017-11-07T15:25:31.043,4031575.12718226
117,0.00088968,940.88844031,0.00088802,2017-07-16T17:07:42.313,0.00096103,0.00088802,0.00086968,BTC-OMG,2333,17604,0.0008746,2017-11-07T15:26:19.36,1022725.90666309
118,0.00334785,12.80537046,0.00330167,2015-11-03T19:13:33.197,0.00335788,0.00330167,0.00296994,BTC-OMNI,276,2315,0.00297006,2017-11-07T15:25:26.323,4018.01069342
119,0.00121905,28.4047255,0.00119456,2017-07-20T18:19:07.157,0.00124999,0.00119488,0.00111,BTC-PART,267,1899,0.00112254,2017-11-07T15:26:17.233,23976.11573335
120,0.00023111,240.54093277,0.00023,2017-07-07T07:14:00.793,0.00024348,0.00023,0.00021661,BTC-PAY,974,14483,0.00021661,2017-11-07T15:26:21.297,1045723.90105854
121,1.73e-05,11.73556094,1.697e-05,2016-06-02T04:39:35.21,1.774e-05,1.73e-05,1.435e-05,BTC-PDC,198,2403,1.486e-05,2017-11-07T15:26:19.36,723853.14370485
122,3.27e-06,33.89377122,3.25e-06,2014-07-29T07:41:09.4,3.53e-06,3.27e-06,3e-06,BTC-PINK,248,2926,3.24e-06,2017-11-07T15:26:16.733,10206803.61029482
123,0.00040202,178.59356726,0.00040201,2016-03-02T20:45:37.987,0.00043595,0.00040202,0.000395,BTC-PIVX,912,6516,0.00043368,2017-11-07T15:26:22.03,436166.62452458
124,7.037e-05,26.82518497,6.897e-05,2015-06-03T06:31:14.35,7.864e-05,6.897e-05,6.65e-05,BTC-PKB,328,2571,7.021e-05,2017-11-07T15:26:12.59,375030.60036968
125,1.713e-05,985.86737789,1.705e-05,2014-03-11T08:00:00,2.655e-05,1.72e-05,1.7e-05,BTC-POT,711,4161,2.654e-05,2017-11-07T15:26:18.297,45242800.67434103
126,0.00018724,5.34191238,0.0001872,2014-02-13T00:00:00,0.00019217,0.0001873,0.00018262,BTC-PPC,175,2793,0.00018567,2017-11-07T15:25:55.34,28570.549044
127,4.69e-06,3.39912141,4.65e-06,2014-03-27T18:00:00,4.87e-06,4.7e-06,4.46e-06,BTC-PTC,217,2464,4.78e-06,2017-11-07T15:24:19.167,730327.13486162
128,2.157e-05,84.74518933,2.152e-05,2017-06-18T17:04:24.1,2.59e-05,2.157e-05,2.027e-05,BTC-PTOY,375,6660,2.042e-05,2017-11-07T15:26:03.277,3670767.02833417
129,8.62e-05,7.41178923,8.492e-05,2017-06-10T00:01:39.293,8.685e-05,8.685e-05,8.101e-05,BTC-QRL,340,3505,8.1e-05,2017-11-07T15:26:15.387,88615.60572283
130,0.0015,741.67438855,0.00148944,2017-07-20T19:08:43.473,0.00155801,0.0015,0.00142935,BTC-QTUM,904,11886,0.00145597,2017-11-07T15:26:22.95,496629.43013024
131,1.898e-05,37.43545614,1.872e-05,2017-03-05T19:30:16.853,2.135e-05,1.898e-05,1.867e-05,BTC-QWARK,246,5229,2.126e-05,2017-11-07T15:26:16.14,1857519.28569336
132,0.00045367,11.27166157,0.00044146,2016-01-26T23:22:16.193,0.00047099,0.00045387,0.00041861,BTC-RADS,124,2035,0.00042299,2017-11-07T15:26:14.45,25548.91855854
133,9.93e-05,10.72124452,9.818e-05,2014-04-05T08:00:00,0.00010556,9.928e-05,9.529e-05,BTC-RBY,1597,6047,9.614e-05,2017-11-07T15:18:45.507,107271.14517782
134,1.6e-07,60.76480941,1.5e-07,2014-02-25T09:00:00,1.6e-07,1.6e-07,1.4e-07,BTC-RDD,1265,18116,1.5e-07,2017-11-07T15:25:01.463,392895375.6572088
135,0.00246381,53.05353893,0.00243006,2016-10-04T15:45:37.14,0.00278,0.00243006,0.00228094,BTC-REP,177,1852,0.00231834,2017-11-07T15:26:22.653,21181.74849377
136,3.495e-05,102.50188294,3.486e-05,2016-06-24T17:00:00.043,3.65e-05,3.495e-05,3.396e-05,BTC-RISE,533,5701,3.476e-05,2017-11-07T15:25:09.637,2919927.27433266
137,7.451e-05,15.50454318,7.441e-05,2017-04-27T00:20:33.857,7.861e-05,7.441e-05,7.3e-05,BTC-RLC,190,3577,7.586e-05,2017-11-07T15:25:39.2,205460.49393278
138,1.22e-06,138.07022804,1.21e-06,2016-02-13T22:14:21.14,1.43e-06,1.2e-06,1.14e-06,BTC-SAFEX,512,6409,1.15e-06,2017-11-07T15:26:01.92,108972932.25542808
139,0.00041394,374.24920993,0.00041381,2017-10-16T17:32:48.777,0.00044108,0.00041381,0.00038149,BTC-SALT,582,1974,0.000384,2017-11-07T15:25:55.887,923777.08453106
140,0.00014164,7.93356301,0.00013931,2016-07-09T19:02:08.943,0.000143,0.00014011,0.00013207,BTC-SBD,115,1849,0.00013206,2017-11-07T15:26:20.327,57104.41902962
141,5.3e-07,128.50827947,5.2e-07,2017-05-22T21:30:29.16,5.4e-07,5.2e-07,4.8e-07,BTC-SC,1124,26985,4.9e-07,2017-11-07T15:26:19.047,247536410.52331308
142,1.754e-05,20.97229682,1.722e-05,2016-09-23T07:10:11.78,1.91e-05,1.721e-05,1.651e-05,BTC-SEQ,147,1721,1.696e-05,2017-11-07T15:24:27.183,1146528.74722549
143,0.0001425,7.9370761,0.00014105,2016-10-11T19:48:35.573,0.00014984,0.00014105,0.000135,BTC-SHIFT,147,2380,0.00014379,2017-11-07T15:21:00.74,55733.91148312
144,0.000153,4.13157839,0.00015013,2017-02-18T22:34:49.373,0.000155,0.00015013,0.00014507,BTC-SIB,124,2419,0.00014695,2017-11-07T15:18:37.77,27415.48920523
145,4.939e-05,34.79101223,4.9e-05,2014-03-23T06:00:00,5.274e-05,4.947e-05,3.88e-05,BTC-SLR,285,1980,3.9e-05,2017-11-07T15:26:16.547,759057.21175846
146,0.0019519,10.88908195,0.00191162,2016-01-20T22:24:04.65,0.00204572,0.00197976,0.00171,BTC-SLS,205,1747,0.0017849,2017-11-07T15:26:23.153,5757.76574433
147,2.783e-05,459.92186377,2.777e-05,2016-10-02T22:16:04.773,3.653e-05,2.777e-05,2.113e-05,BTC-SNGLS,379,1947,2.195e-05,2017-11-07T15:26:23.233,15693051.12322168
148,0.00021898,17.31537776,0.00021488,2015-06-03T06:27:04.623,0.000237,0.00021898,0.000185,BTC-SNRG,290,1693,0.00019431,2017-11-07T15:26:16.95,85247.05371405
149,4.25e-06,96.87454099,4.21e-06,2017-06-28T18:26:15.73,4.33e-06,4.24e-06,4.08e-06,BTC-SNT,379,10249,4.18e-06,2017-11-07T15:26:22.95,23034522.0045749
150,0.0003972,6.62538964,0.0003915,2015-05-18T22:45:47.093,0.00040013,0.00039002,0.00037988,BTC-SPHR,137,1303,0.00038211,2017-11-07T15:25:24.153,17017.86787657
151,4.4e-05,14.65047155,4.398e-05,2014-12-19T02:33:07.747,4.595e-05,4.398e-05,4.101e-05,BTC-SPR,262,3404,4.298e-05,2017-11-07T15:25:26.463,337923.51898365
152,6.25e-06,13.47727101,6.11e-06,2014-06-14T07:09:15.327,7.21e-06,6.26e-06,6.1e-06,BTC-START,346,5900,6.9e-06,2017-11-07T15:25:27.607,2058271.69931309
153,0.0001225,74.30308959,0.00012201,2016-04-17T01:22:13.35,0.00013,0.0001225,0.00011906,BTC-STEEM,467,7611,0.00012172,2017-11-07T15:25:29.137,599264.28521747
154,7.24e-05,153.35398267,7.134e-05,2017-07-11T21:14:32.643,7.41e-05,7.135e-05,6.464e-05,BTC-STORJ,621,6699,6.612e-05,2017-11-07T15:26:22.093,2186858.0346935
155,0.00042245,334.4966963,0.00042022,2016-08-10T23:26:39.657,0.00044732,0.00042245,0.00041003,BTC-STRAT,1705,22236,0.0004221,2017-11-07T15:25:44.26,781074.7489201
156,0.00014998,51.56956742,0.0001495,2014-10-03T19:16:23.143,0.0001885,0.00015,0.00014304,BTC-SWIFT,233,2006,0.00014457,2017-11-07T15:26:18.903,303046.50621752
157,0.00017446,6.6705272,0.00017414,2017-03-08T22:32:26.03,0.000179,0.00017415,0.00015394,BTC-SWT,116,1738,0.00017789,2017-11-07T15:21:48.977,39656.50095732
158,3.399e-05,37.87991544,3.35e-05,2016-08-25T21:23:15.27,3.709e-05,3.35e-05,3.253e-05,BTC-SYNX,182,2418,3.31e-05,2017-11-07T15:26:14.247,1102618.87784627
159,2.861e-05,158.82475405,2.86e-05,2014-08-16T19:57:48.823,2.892e-05,2.86e-05,2.732e-05,BTC-SYS,881,8139,2.774e-05,2017-11-07T15:26:20.827,5604152.59929107
160,2.32e-06,231.29766397,2.29e-06,2014-04-29T21:00:00,3.66e-06,2.32e-06,2.22e-06,BTC-THC,479,3989,3.3e-06,2017-11-07T15:26:22.437,80910096.3085156
161,0.0033454,2.88578213,0.00329715,2017-03-09T00:44:08.673,0.00336982,0.00334542,0.0032935,BTC-TIME,127,1584,0.00330242,2017-11-07T15:26:14.933,872.15357799
162,2.48e-05,26.53035578,2.472e-05,2017-10-25T21:01:08.287,2.739e-05,2.472e-05,2.413e-05,BTC-TIX,127,2279,2.475e-05,2017-11-07T15:25:47.543,1038805.95299269
163,0.00014936,23.9970161,0.00014665,2017-05-08T17:09:34.91,0.00016,0.00014898,0.00014546,BTC-TKN,174,3433,0.00015292,2017-11-07T15:26:20.763,158763.40043865
164,0.00025811,28.03002731,0.00025143,2017-03-23T00:48:15.94,0.000285,0.00025137,0.00022098,BTC-TKS,159,1464,0.00022099,2017-11-07T15:26:11.153,109833.77729444
165,8.338e-05,127.95635829,8.23e-05,2016-09-08T05:59:08.183,8.909e-05,8.238e-05,7.803e-05,BTC-TRIG,464,8793,8.299e-05,2017-11-07T15:26:21.047,1521361.92648971
166,3.441e-05,18.64935422,3.401e-05,2017-04-19T04:53:43.893,3.68e-05,3.441e-05,3.328e-05,BTC-TRST,246,3737,3.408e-05,2017-11-07T15:26:22.233,531438.93421991
167,1.654e-05,33.60428775,1.652e-05,2014-07-07T05:46:18.71,1.986e-05,1.654e-05,1.471e-05,BTC-TRUST,288,2093,1.559e-05,2017-11-07T15:25:59.17,1917023.43314828
168,0.00029276,30.66565189,0.0002886,2015-09-02T08:02:54.3,0.00030598,0.00029,0.0002851,BTC-TX,386,803,0.00029,2017-11-07T15:26:09.357,103988.25174718
169,0.0001602,34.27273083,0.00015999,2017-02-08T17:00:59.02,0.000165,0.00015999,0.00014771,BTC-UBQ,615,7583,0.00015068,2017-11-07T15:24:40.213,218717.62265923
170,3.88e-05,4.29206222,3.822e-05,2016-08-24T21:39:28.357,3.949e-05,3.879e-05,3.581e-05,BTC-UNB,145,1624,3.727e-05,2017-11-07T15:18:41.91,114194.71228306
171,0.00021102,58.6827074,0.00020907,2014-07-18T00:20:00.393,0.00022,0.00021103,0.0002056,BTC-VIA,472,3267,0.00021301,2017-11-07T15:26:22.483,277577.25431401
172,5.64e-06,44.94758372,5.53e-06,2015-12-30T04:21:47.31,6.49e-06,5.52e-06,5.26e-06,BTC-VOX,272,5943,5.94e-06,2017-11-07T15:24:30.353,7691686.1558288
173,7.61e-05,109.03934382,7.576e-05,2014-05-13T07:00:00,8.7e-05,7.576e-05,7.044e-05,BTC-VRC,500,2566,8.028e-05,2017-11-07T15:25:09.183,1377229.45962317
174,0.0004341,7.76871959,0.00042538,2016-09-16T04:52:17.637,0.00044711,0.00042538,0.00040502,BTC-VRM,213,1510,0.00041502,2017-11-07T15:24:52.713,18156.53469375
175,0.000508,951.21577036,0.00050667,2014-02-13T00:00:00,0.00054695,0.00050667,0.00047569,BTC-VTC,2943,8542,0.0005241,2017-11-07T15:25:43.433,1851688.56339681
176,2.996e-05,55.82000423,2.95e-05,2014-12-19T02:33:10.943,3.304e-05,2.996e-05,2.441e-05,BTC-VTR,249,1971,2.513e-05,2017-11-07T15:25:21.01,1930162.21167109
177,0.000512,339.97306272,0.00051153,2016-06-19T15:46:31.167,0.0005321,0.000512,0.00046,BTC-WAVES,1263,11424,0.00048839,2017-11-07T15:26:22.717,670842.97699258
178,5.237e-05,12.78985649,5.181e-05,2017-04-26T22:34:24.49,5.544e-05,5.237e-05,5.09e-05,BTC-WINGS,136,5104,5.202e-05,2017-11-07T15:24:34.027,239589.7060579
179,2.54e-05,4.56053736,2.499e-05,2016-09-25T00:15:16.103,2.54e-05,2.54e-05,2.426e-05,BTC-XAUR,89,1438,2.475e-05,2017-11-07T15:26:00.183,183423.18496247
180,0.00174911,35.29538771,0.00172523,2015-02-14T04:20:41,0.00185,0.00174911,0.0015793,BTC-XCP,459,3449,0.00157601,2017-11-07T15:25:01.37,20199.44565438
181,3.2e-07,12.20628087,3.1e-07,2014-06-21T18:37:57.64,3.3e-07,3.1e-07,3e-07,BTC-XDN,622,6597,3.1e-07,2017-11-07T15:25:41.403,38689405.66240759
182,3.948e-05,185.56898604,3.893e-05,2017-07-01T17:38:44.883,4.921e-05,3.95e-05,3.746e-05,BTC-XEL,346,7253,3.79e-05,2017-11-07T15:26:17.653,4348940.5564396
183,2.556e-05,239.79705001,2.535e-05,2015-04-10T21:06:00.043,2.689e-05,2.535e-05,2.393e-05,BTC-XEM,1148,12032,2.54e-05,2017-11-07T15:26:23.233,9421911.10213638
184,4.32e-06,1124.19229136,4.31e-06,2015-11-17T20:06:44.92,4.8e-06,4.32e-06,3.75e-06,BTC-XLM,1704,15711,3.79e-06,2017-11-07T15:26:18.967,260305785.42317024
185,3.26e-05,9.09699817,3.257e-05,2014-11-10T06:25:07.533,3.65e-05,3.26e-05,3.205e-05,BTC-XMG,309,2275,3.568e-05,2017-11-07T15:25:24.56,263328.15196396
186,0.0136823,1016.93438946,0.013598,2014-06-04T07:38:39.24,0.014997,0.0136823,0.0129,BTC-XMR,1509,7152,0.01309998,2017-11-07T15:26:22.903,73176.6438745
187,4.1e-07,22.73345188,4e-07,2014-03-15T08:00:00,4.5e-07,4.1e-07,3.7e-07,BTC-XMY,444,4811,3.7e-07,2017-11-07T15:26:18.67,55430288.82604489
188,2.867e-05,990.03553528,2.866e-05,2014-12-22T19:30:27.45,2.931e-05,2.867e-05,2.773e-05,BTC-XRP,2337,26533,2.795e-05,2017-11-07T15:26:21.45,34687461.14593952
189,2.345e-05,17.11641546,2.289e-05,2014-07-09T20:33:00.59,2.535e-05,2.286e-05,2.171e-05,BTC-XST,219,1344,2.208e-05,2017-11-07T15:25:48.777,723836.93762785
190,0.00012298,432.7420681,0.00012202,2016-03-12T19:37:38.863,0.00018694,0.000123,0.00012,BTC-XVC,678,3043,0.000175,2017-11-07T15:26:19.92,2781996.34990755
191,1.06e-06,2186.49599105,1.05e-06,2016-02-17T22:42:03.61,1.31e-06,1.05e-06,9.5e-07,BTC-XVG,3344,16365,1.3e-06,2017-11-07T15:26:10.73,1961760312.590653
192,7.08e-06,33.33428824,7.04e-06,2014-04-14T00:00:00,8e-06,7.13e-06,6.71e-06,BTC-XWC,487,1440,7.53e-06,2017-11-07T15:26:10.637,4389021.40465321
193,0.00211952,117.065834,0.00211951,2016-10-20T04:48:30.387,0.00228,0.00211951,0.002054,BTC-XZC,886,3671,0.00207622,2017-11-07T15:26:21.5,54064.90730043
194,0.00025459,18.91299439,0.000252,2016-11-15T20:29:59.73,0.000255,0.000252,0.00023303,BTC-ZCL,210,5206,0.00023798,2017-11-07T15:25:25.51,77630.19538133
195,0.033,317.54372847,0.03293115,2016-10-28T17:13:10.833,0.03382818,0.033,0.0314,BTC-ZEC,902,11286,0.03150006,2017-11-07T15:26:18.733,9746.09946755
196,0.00291528,152.63433262,0.00289359,2017-06-05T16:39:49.07,0.0031,0.00289359,0.002819,BTC-ZEN,1684,4449,0.00294999,2017-11-07T15:24:07.933,52058.67599917
197,0.00123094,476.76250557,0.00118,2017-06-11T17:33:06.127,0.00172,0.00123357,0.00103153,ETH-1ST,111,337,0.00108472,2017-11-07T15:26:09.793,350264.6558387
198,6.656e-05,79.20496796,6.5e-05,2017-07-03T21:08:06.22,7.34e-05,6.5e-05,6.31e-05,ETH-ADT,69,536,6.447e-05,2017-11-07T15:25:15.903,1184873.88102658
199,0.00303554,613.55251721,0.00301444,2017-07-11T22:42:17.78,0.0033389,0.00301526,0.00289343,ETH-ADX,186,576,0.00293707,2017-11-07T15:26:21.187,196084.74771972
200,0.0038236,246.89164869,0.00376001,2017-05-19T15:55:11.293,0.00399598,0.00387865,0.00330006,ETH-ANT,86,411,0.00399666,2017-11-07T15:24:12.73,68201.02243217
201,0.00048698,157.6909009,0.00048188,2017-06-03T22:04:52.38,0.000487,0.00048188,0.00046003,ETH-BAT,181,1085,0.00046553,2017-11-07T15:25:54.777,332915.35202669
202,2.0699987,2948.000799,2.04949401,2017-08-01T18:34:04.763,2.1878999,2.06999871,1.96000003,ETH-BCC,437,447,2.18789988,2017-11-07T15:26:17.56,1449.39274253
203,0.00640899,105.52305939,0.00630817,2017-06-22T21:36:30.867,0.00640899,0.00640763,0.00621213,ETH-BNT,70,410,0.00624422,2017-11-07T15:26:22.843,16846.90300587
204,0.0,26.34440146,0.0,2017-08-04T18:01:27.853,0.00017062,0.00015172,0.00013,ETH-BTS,74,212,0.00014932,2017-11-05T03:48:43.87,175120.1443082
205,0.00031239,163.48018608,0.00030599,2017-06-19T19:59:14.89,0.00037576,0.00030588,0.00029,ETH-CFI,104,430,0.00030908,2017-11-07T15:26:21.61,498459.51682036
206,0.0013,173.134711,0.00122914,2017-06-13T19:40:35.217,0.00164498,0.0012729,0.0010229,ETH-CRB,62,173,0.00104409,2017-11-07T15:26:21.5,128379.37156468
207,0.0009943,391.09836407,0.00098051,2017-07-16T23:04:18.99,0.00099398,0.0009805,0.00092,ETH-CVC,186,1020,0.000951,2017-11-07T15:26:21.967,405282.43835333
208,0.988765,395.34251521,0.974,2017-07-14T17:10:05.143,0.99999999,0.97958872,0.909009,ETH-DASH,133,224,0.91999959,2017-11-07T15:24:31.887,412.02752077
209,2.939e-05,139.42322122,2.879e-05,2017-08-04T18:01:27.777,2.952e-05,2.905e-05,2.754e-05,ETH-DGB,74,601,2.831e-05,2017-11-07T15:26:23.297,4812331.04280851
210,0.22699292,11.04515306,0.21703155,2016-06-17T18:51:39.087,0.22699978,0.22699928,0.20593881,ETH-DGD,67,193,0.20925303,2017-11-07T15:26:22.653,52.10772773
211,0.00013684,89.54983608,0.00013209,2017-08-04T02:09:02.887,0.0001463,0.00013503,0.00012835,ETH-DNT,60,374,0.00013647,2017-11-07T15:26:20.327,659931.04622392
212,0.04656334,868.91008015,0.04640255,2016-07-28T21:45:59.05,0.04902917,0.04640255,0.04615162,ETH-ETC,196,1035,0.04902937,2017-11-07T15:26:20.03,18310.76826968
213,0.05913305,172.62685452,0.05913302,2017-08-04T18:01:27.853,0.05976,0.05913302,0.04755237,ETH-FCT,68,170,0.04781535,2017-11-07T15:26:12.293,3241.36142239
214,5.313e-05,140.80024222,5.133e-05,2017-07-04T18:45:47.143,5.443e-05,5.313e-05,4.7e-05,ETH-FUN,104,835,5.103e-05,2017-11-07T15:26:18.733,2715658.88920082
215,0.20845725,4.88571367,0.20491141,2017-04-30T18:42:52.17,0.2112,0.20846403,0.19999938,ETH-GNO,65,263,0.21086854,2017-11-07T15:26:21.06,23.95994987
216,0.00065657,593.78976304,0.00065278,2017-04-20T06:38:51.877,0.00066222,0.00066222,0.00061599,ETH-GNT,213,1419,0.000642,2017-11-07T15:26:14.777,932995.31178734
217,0.00052481,259.73729354,0.00051361,2017-04-30T18:40:42.213,0.000634,0.00052513,0.0004512,ETH-GUP,69,223,0.0004656,2017-11-07T15:26:23.2,514875.48359175
218,0.00031359,77.71055167,0.00030135,2017-05-10T07:27:27.597,0.00033111,0.00030632,0.00028302,ETH-HMQ,69,293,0.00029449,2017-11-07T15:26:19.373,257094.01800698
219,0.0030973,187.38623055,0.00303667,2017-06-17T15:02:02.783,0.00356244,0.0030973,0.00276021,ETH-LGD,75,327,0.00325574,2017-11-07T15:26:05.387,61429.60586691
220,0.1989998,1042.03255364,0.19696271,2017-06-25T03:06:46.83,0.19998348,0.1986003,0.18100002,ETH-LTC,307,530,0.18519999,2017-11-07T15:26:22.343,5482.47629979
221,0.01715145,55.40151541,0.01681395,2017-04-30T18:41:22.84,0.01715166,0.01715166,0.01580807,ETH-LUN,62,283,0.01591477,2017-11-07T15:26:19.093,3395.07812865
222,4.397e-05,40.50933897,4.335e-05,2017-10-13T23:32:03.027,4.525e-05,4.3e-05,3.867e-05,ETH-MANA,72,223,3.803e-05,2017-11-07T15:26:20.483,973660.73303155
223,0.01989998,359.5698147,0.01968506,2017-07-02T00:37:17.05,0.02049996,0.0199,0.019,ETH-MCO,187,1031,0.01932,2017-11-07T15:26:21.56,18353.95559624
224,0.01743035,141.53761847,0.01689109,2017-07-08T14:59:57.37,0.01799422,0.01714241,0.0160001,ETH-MTL,118,528,0.01632,2017-11-07T15:26:17.233,8387.6757902
225,0.00208112,3.28018207,0.00203453,2017-06-19T19:13:43.743,0.0021976,0.00205929,0.0020101,ETH-MYST,44,375,0.00208123,2017-11-07T15:25:53.31,1593.4877659
226,0.0909,1557.41495758,0.0908888,2017-07-21T01:08:49.397,0.0908888,0.0908888,0.0862,ETH-NEO,925,1718,0.08847491,2017-11-07T15:24:19.543,17684.38571531
227,0.03728573,16.32842132,0.03600198,2017-06-22T21:58:57.657,0.04,0.03728574,0.03435706,ETH-NMR,98,428,0.03655436,2017-11-07T15:26:10.543,449.93351629
228,0.02183623,1769.40788518,0.02165838,2017-07-16T17:07:42.41,0.0225,0.02178912,0.02085,ETH-OMG,560,2136,0.02108388,2017-11-07T15:26:15.043,81424.64032284
229,0.00559988,705.8928352,0.00550509,2017-07-07T07:14:00.873,0.00575931,0.00559992,0.00520201,ETH-PAY,307,1679,0.00526,2017-11-07T15:26:23.03,129973.64705106
230,0.00053529,195.95535371,0.00052501,2017-06-18T17:04:24.147,0.00061394,0.00053469,0.00048652,ETH-PTOY,79,532,0.00052192,2017-11-07T15:26:14.747,359188.53302051
231,0.0020775,13.77625624,0.00203492,2017-06-11T17:33:06.14,0.0020775,0.00207749,0.00190001,ETH-QRL,94,192,0.00204259,2017-11-07T15:26:09.387,6875.69668279
232,0.03664613,1308.89249643,0.03630122,2017-07-20T19:08:43.473,0.03736976,0.03630086,0.034,ETH-QTUM,366,1017,0.0355974,2017-11-07T15:26:22.937,36415.4086383
233,0.06092641,153.68339747,0.05875682,2017-04-20T06:43:49.19,0.06869237,0.058753,0.05519379,ETH-REP,100,179,0.05662639,2017-11-07T15:26:21.06,2624.62908244
234,0.00182598,29.574392,0.00177918,2017-04-30T18:41:22.823,0.00186341,0.00177126,0.00175,ETH-RLC,64,282,0.0018589,2017-11-07T15:26:14.98,16228.24989297
235,0.01008412,966.30113611,0.00997,2017-10-16T17:32:48.84,0.01042752,0.01001377,0.00900744,ETH-SALT,96,195,0.0092154,2017-11-07T15:26:21.733,100033.82379589
236,1.275e-05,144.50677181,1.262e-05,2017-07-14T17:10:07.74,1.285e-05,1.263e-05,1.149e-05,ETH-SC,140,1167,1.182e-05,2017-11-07T15:26:04.823,11844270.20977758
237,0.00067763,1303.07823825,0.00067682,2017-04-30T18:41:22.853,0.00086196,0.00067763,0.000504,ETH-SNGLS,180,192,0.00053075,2017-11-07T15:26:21.687,1915617.65195166
238,0.00010298,266.22743508,0.00010185,2017-06-28T18:26:15.747,0.00010317,0.00010298,9.702e-05,ETH-SNT,170,1043,0.0001008,2017-11-07T15:26:22.593,2650479.48755865
239,0.00177,124.97937937,0.00172834,2017-07-11T21:14:32.643,0.00178,0.00177,0.00155,ETH-STORJ,128,444,0.00162,2017-11-07T15:26:22.653,76536.72712531
240,0.01036423,247.19961379,0.01016584,2017-08-04T18:01:27.713,0.01047204,0.01015306,0.00985906,ETH-STRAT,230,1174,0.01032375,2017-11-07T15:26:23.11,24423.92928425
241,0.08213298,6.09313182,0.07878324,2017-06-23T18:01:03.323,0.07838918,0.07838918,0.0766623,ETH-TIME,72,135,0.07834608,2017-11-07T15:26:10.543,77.88982641
242,0.000602,51.02567879,0.00058576,2017-10-25T21:01:08.287,0.000635,0.000605,0.00058002,ETH-TIX,36,308,0.0006,2017-11-07T15:26:18.31,83538.01938182
243,0.00364992,39.23753675,0.00352551,2017-05-09T04:43:46.723,0.00383058,0.00364992,0.00335111,ETH-TKN,66,491,0.0038783,2017-11-07T15:26:22.623,10882.91084872
244,0.00083715,65.38700737,0.00081567,2017-05-19T15:55:11.28,0.000882,0.000815,0.000802,ETH-TRST,78,210,0.00081629,2017-11-07T15:24:52.527,78493.0674014
245,0.01279918,273.59854454,0.01249478,2017-08-04T18:00:50.15,0.01280005,0.01240318,0.0111,ETH-WAVES,192,453,0.012,2017-11-07T15:26:22.623,22855.86755079
246,0.00126516,68.98315828,0.001252,2017-04-26T22:16:06.627,0.00129513,0.00126516,0.00123944,ETH-WINGS,48,319,0.00129125,2017-11-07T15:24:41.247,54668.42398792
247,0.00062416,577.193266,0.00061551,2017-07-21T01:08:49.38,0.00063419,0.000625,0.00057261,ETH-XEM,142,550,0.00061745,2017-11-07T15:26:11.403,943741.81557972
248,0.00010706,730.55895525,0.00010569,2017-07-21T01:08:49.38,0.00011195,0.00010569,9e-05,ETH-XLM,230,426,9.2e-05,2017-11-07T15:24:26.667,6999933.03728434
249,0.3359957,913.41171337,0.32846455,2017-07-21T01:08:49.367,0.34985,0.32843586,0.30697505,ETH-XMR,149,267,0.31137448,2017-11-07T15:26:22.593,2759.91533888
250,0.00070146,781.64794102,0.00069601,2017-06-25T03:07:09.677,0.000705,0.00069577,0.000666,ETH-XRP,458,838,0.00068004,2017-11-07T15:26:07.62,1143944.60905569
251,0.799,489.21553712,0.79800018,2017-07-14T17:10:07.8,0.807,0.79800018,0.75149496,ETH-ZEC,267,528,0.765,2017-11-07T15:26:14.467,628.43926696
252,594.99999974,4795456.61165076,591.0,2017-08-01T18:34:04.873,642.79999999,591.0,585.012,USDT-BCC,1271,2119,640.71347095,2017-11-07T15:25:39.73,7942.7863611
253,7019.0,41160548.83360322,7006.0,2015-12-11T06:31:40.633,7282.66196574,7006.0,6923.0,USDT-BTC,9591,4031,7210.0,2017-11-07T15:26:20.593,5827.99455703
254,282.59999999,1034600.42237863,281.55,2017-07-21T01:08:49.413,301.61904399,281.55,272.93831558,USDT-DASH,420,1054,275.65884248,2017-11-07T15:26:19.903,3602.55688245
255,13.39999999,2622570.74184328,13.30000121,2017-07-14T17:10:10.72,14.72,13.30000121,13.20000001,USDT-ETC,579,2189,14.57354511,2017-11-07T15:26:06.513,186520.72147977
256,288.5,4741422.75505769,288.1000002,2017-04-20T17:26:37.647,304.04122641,288.1000002,285.00000001,USDT-ETH,1735,4302,299.44565,2017-11-07T15:26:08.2,16056.60732074
257,57.24899793,1776760.75500856,57.0,2017-07-14T17:10:10.72,58.68,57.24899939,54.28713508,USDT-LTC,931,2479,55.2155243,2017-11-07T15:26:22.467,31484.75907006
258,26.19999999,1377854.09294269,26.01,2017-08-04T16:58:43.087,26.5799999,26.01,25.5,USDT-NEO,1317,5021,26.2,2017-11-07T15:26:11.107,52785.56733996
259,6.26279995,1009041.98688654,6.25,2017-09-15T23:49:44.83,6.6999,6.2100001,6.2,USDT-OMG,909,4772,6.322,2017-11-07T15:26:17.95,155517.12295146
260,95.6864173,2182903.89785319,95.3000002,2017-07-21T01:08:49.397,104.5,95.3000002,92.93439367,USDT-XMR,495,900,93.63417304,2017-11-07T15:26:13.81,22159.3245403
261,0.20199998,622976.1323142,0.2010001,2017-07-14T17:10:10.737,0.206,0.20199998,0.19934411,USDT-XRP,1153,4266,0.201,2017-11-07T15:26:14.45,3075443.43578165
262,231.63179998,460043.88897259,229.77,2017-07-14T17:10:10.673,235.99999955,230.0,226.0,USDT-ZEC,728,2855,226.30213137,2017-11-07T15:25:01.997,1990.77062714
263,2.051e-05,1681.12950618,2.036e-05,2017-11-07T07:59:10.913,0.0002001,2.051e-05,1.7e-05,BTC-RCN,606,2193,0.0002,2017-11-07T15:26:20.687,76304771.45931193
264,0.00050234,2881.02893681,0.000495,2017-11-07T07:59:10.93,0.00089,0.00050234,0.00025124,ETH-RCN,122,247,0.00089,2017-11-07T15:26:21.06,5485405.3657444
