,Ask,BaseVolume,Bid,Created,High,Last,Low,MarketName,OpenBuyOrders,OpenSellOrders,PrevDay,TimeStamp,Volume
0,4.98e-05,573.38516556,4.914e-05,2017-06-06T01:22:35.727,7.245e-05,4.914e-05,4.451e-05,BTC-1ST,280,5812,4.452e-05,2017-11-07T15:14:14.013,9897660.46499596
1,8.7e-07,26.36989672,8.6e-07,2016-05-16T06:44:15.287,9.9e-07,8.6e-07,7.9e-07,BTC-2GIVE,323,2262,8.4e-07,2017-11-07T15:12:23.933,29997601.57118556
2,8.5e-07,17.30060813,8.4e-07,2014-10-31T01:43:25.743,9.9e-07,8.4e-07,8e-07,BTC-ABY,268,4897,8.3e-07,2017-11-07T15:09:48.727,19641915.13450994
3,3.11e-06,587.18451837,3.1e-06,2017-09-29T07:01:58.873,3.35e-06,3.11e-06,2.94e-06,BTC-ADA,1561,9335,2.99e-06,2017-11-07T15:13:52.903,186635878.12905174
4,2.7e-06,22.91115025,2.67e-06,2017-07-03T21:08:06.11,2.99e-06,2.72e-06,2.61e-06,BTC-ADT,159,3151,2.65e-06,2017-11-07T15:13:08.153,8179966.45513595
5,0.000125,537.19251466,0.00012385,2017-07-11T22:42:17.78,0.0001429,0.000125,0.00012025,BTC-ADX,702,8821,0.00012049,2017-11-07T15:14:19.373,4082847.843743
6,0.000215,16.00516809,0.00021322,2015-07-31T00:50:47.11,0.00021999,0.00021322,0.00019103,BTC-AEON,254,2144,0.00020235,2017-11-07T15:07:44.35,76555.60604336
7,5.031e-05,2.89637357,4.949e-05,2015-11-10T00:53:59.643,5.117e-05,4.953e-05,4.74e-05,BTC-AGRS,201,2517,4.695e-05,2017-11-07T15:14:12.357,58709.78031104
8,2.124e-05,21.83675849,2.08e-05,2015-11-03T19:13:55.18,2.176e-05,2.121e-05,1.951e-05,BTC-AMP,155,5691,2.11e-05,2017-11-07T15:14:17.56,1051456.83542364
9,0.0001573,49.34302449,0.00015442,2017-05-17T19:54:30.143,0.00016761,0.00015724,0.00014116,BTC-ANT,197,4285,0.00016259,2017-11-07T15:14:19.153,324929.91403186
10,0.00076813,2.95461388,0.00074634,2017-05-02T06:26:32.897,0.00076874,0.00074634,0.000725,BTC-APX,189,1878,0.00075148,2017-11-07T15:14:12.06,3945.7983662
11,2.826e-05,43.48496107,2.815e-05,2016-10-13T18:59:37.407,2.905e-05,2.826e-05,2.68e-05,BTC-ARDR,467,4268,2.679e-05,2017-11-07T15:08:25.867,1540870.81483418
12,0.00036579,288.83509933,0.00036283,2017-03-21T18:11:29.347,0.000378,0.00036283,0.00033723,BTC-ARK,2159,9717,0.00034318,2017-11-07T15:14:04.25,800981.74234734
13,8.666e-05,2.00667156,8.51e-05,2014-03-16T22:00:00,8.777e-05,8.51e-05,8.5e-05,BTC-AUR,106,1584,8.711e-05,2017-11-07T15:14:13.857,23361.51452382
14,1.984e-05,99.5304412,1.982e-05,2017-06-03T22:04:53.82,2.05e-05,1.984e-05,1.91e-05,BTC-BAT,667,12941,1.919e-05,2017-11-07T15:14:18.7,4991018.27291288
15,4.02e-06,119.29688275,3.98e-06,2014-11-18T17:34:21.083,4.89e-06,3.98e-06,3.11e-06,BTC-BAY,288,3923,3.28e-06,2017-11-07T15:14:18.403,28913640.78586202
16,0.08464,2055.90178194,0.08457,2017-08-01T18:34:04.967,0.08999999,0.08464,0.083959,BTC-BCC,3331,12093,0.0888,2017-11-07T15:14:16.607,23935.66028746
17,4.72e-05,11.70302373,4.716e-05,2015-09-10T05:28:20.787,4.799e-05,4.716e-05,4.145e-05,BTC-BCY,127,2895,4.2e-05,2017-11-07T15:13:57.653,264037.80547493
18,3.9e-07,8.85100645,3.8e-07,2015-02-15T23:07:32.777,3.9e-07,3.8e-07,3.6e-07,BTC-BITB,517,5118,3.7e-07,2017-11-07T15:11:43.387,23412249.48163646
19,0.00012248,5.7728954,0.00012033,2014-11-13T20:20:21.443,0.00012586,0.00012001,0.00011603,BTC-BLITZ,143,2610,0.00011955,2017-11-07T15:14:01.733,47842.76875828
20,3.06e-05,20.99710306,3.033e-05,2014-03-14T09:00:00,3.285e-05,3.06e-05,2.916e-05,BTC-BLK,173,4505,3.015e-05,2017-11-07T15:14:10.39,675126.04375048
21,0.00292923,27.64309306,0.00287004,2014-10-29T06:45:03.97,0.00299999,0.00292939,0.00246868,BTC-BLOCK,269,1528,0.0024747,2017-11-07T15:14:19.64,9896.51502718
22,0.00026171,10.55586169,0.00026123,2017-06-22T21:36:30.85,0.00027499,0.00026171,0.00025519,BTC-BNT,136,3314,0.00025525,2017-11-07T15:12:25.137,39981.01471113
23,2.095e-05,4.16439294,2.058e-05,2016-06-13T02:27:33.34,2.252e-05,2.095e-05,2.026e-05,BTC-BRK,126,2200,2.055e-05,2017-11-07T15:02:52.22,194299.64893162
24,6.962e-05,17.02631679,6.876e-05,2016-07-10T21:25:05.127,7.207e-05,6.874e-05,6.251e-05,BTC-BRX,140,2036,6.706e-05,2017-11-07T15:14:18.39,253063.69256619
25,8.214e-05,7.64701756,8.147e-05,2016-02-17T00:54:23.677,8.6e-05,8.214e-05,8.078e-05,BTC-BSD,188,2037,8.49e-05,2017-11-07T15:12:56.59,91431.98719023
26,0.01761969,8.25750217,0.0175,2014-07-14T06:05:04.567,0.01790817,0.01761969,0.01593002,BTC-BTCD,167,711,0.01784949,2017-11-07T15:08:30.15,480.7676977
27,0.0,63.85828478,0.0,2014-11-24T08:18:16.53,9.98e-06,8.86e-06,8.44e-06,BTC-BTS,229,4558,8.63e-06,2017-11-05T04:00:22.963,6871090.19001538
28,8.3e-07,13.92243887,8.1e-07,2014-09-16T07:41:56.047,8.8e-07,8.3e-07,7.5e-07,BTC-BURST,311,6353,8e-07,2017-11-07T15:10:53.463,17164239.015937
29,0.000159,121.03857184,0.00015606,2014-11-03T19:02:45.96,0.00016843,0.00015999,7.455e-05,BTC-BYC,300,1019,7.6e-05,2017-11-07T15:14:18.903,955991.43528563
30,3.7e-06,24.43702921,3.68e-06,2014-08-10T06:48:44.83,4.49e-06,3.68e-06,3.58e-06,BTC-CANN,255,6247,3.95e-06,2017-11-07T15:12:35.12,6073498.13141454
31,1.278e-05,103.3111557,1.264e-05,2017-06-19T19:59:14.78,1.589e-05,1.278e-05,1.204e-05,BTC-CFI,244,5375,1.278e-05,2017-11-07T15:11:42.073,7363081.99698353
32,0.00068974,7.3175222,0.00068167,2015-04-18T22:04:25.183,0.00072071,0.00068026,0.00064184,BTC-CLAM,238,1468,0.00066841,2017-11-07T15:14:18.483,10616.6673005
33,0.00069449,19.52912154,0.00067829,2014-06-04T08:53:18.563,0.0007666,0.00068299,0.00060111,BTC-CLOAK,316,2869,0.00066596,2017-11-07T15:14:17.31,28737.47988272
34,0.00021621,63.42188063,0.00021451,2015-12-18T00:30:10.31,0.00021878,0.00021621,0.0001996,BTC-CLUB,407,1823,0.00020366,2017-11-07T15:13:01.433,302900.29703781
35,6.9e-07,11.17278711,6.8e-07,2015-01-22T19:11:45.903,7.1e-07,6.9e-07,6.4e-07,BTC-COVAL,301,4722,6.7e-07,2017-11-07T15:02:35.657,16365683.16323584
36,5.099e-05,19.23070419,5.02e-05,2015-07-25T06:30:32.53,6.187e-05,5.071e-05,5.004e-05,BTC-CPC,106,2772,5.8e-05,2017-11-07T15:14:14.513,342786.19498782
37,5.037e-05,231.78733017,5.005e-05,2017-06-13T19:40:35.203,6.999e-05,5.005e-05,4.328e-05,BTC-CRB,122,2984,4.252e-05,2017-11-07T15:14:11.153,3833048.88586038
38,0.00019545,12.7233938,0.000192,2017-03-06T21:10:15.663,0.00020351,0.00019437,0.0001883,BTC-CRW,188,1712,0.0002063,2017-11-07T15:14:18.123,65099.87537093
39,4.405e-05,87.72397568,4.397e-05,2014-05-13T09:00:00,6.146e-05,4.405e-05,4.23e-05,BTC-CURE,324,2204,5.782e-05,2017-11-07T15:13:50.577,1659851.1409785
40,4.044e-05,140.20285345,4.022e-05,2017-07-16T23:04:18.867,4.18e-05,4.044e-05,3.913e-05,BTC-CVC,928,12008,3.921e-05,2017-11-07T15:14:12.56,3461656.67738085
41,0.04040427,505.37584515,0.04035925,2014-03-11T08:00:00,0.0421155,0.04035925,0.03788215,BTC-DASH,1230,6063,0.03788215,2017-11-07T15:14:17.187,12578.99226058
42,0.00401262,49.58967758,0.004,2016-02-09T21:06:51.577,0.0042,0.004,0.00379999,BTC-DCR,527,4645,0.00384014,2017-11-07T15:14:16.357,12274.78207962
43,6.01e-05,11.78810902,5.97e-05,2017-06-30T16:35:24.643,6.298e-05,5.97e-05,5.7e-05,BTC-DCT,159,4818,5.871e-05,2017-11-07T15:13:58.233,197388.05568696
44,1.2e-06,237.16895381,1.19e-06,2014-08-20T07:09:57.207,1.27e-06,1.19e-06,1.15e-06,BTC-DGB,952,25240,1.17e-06,2017-11-07T15:13:55.513,196196430.81526944
45,0.00900301,5.76008388,0.00874089,2016-06-14T16:25:12.063,0.00916,0.00900301,0.00856101,BTC-DGD,157,1093,0.00879497,2017-11-07T15:14:13.373,645.42659211
46,0.00124798,40.92597591,0.00121987,2015-05-01T17:31:24.97,0.00144435,0.00123408,0.00089003,BTC-DMD,338,1701,0.00092,2017-11-07T15:14:16.403,35804.74799854
47,5.51e-06,28.81398968,5.4e-06,2017-08-04T02:09:02.873,5.95e-06,5.41e-06,5.28e-06,BTC-DNT,150,1962,5.61e-06,2017-11-07T15:14:15.89,5078273.83649815
48,1.7e-07,30.14475863,1.6e-07,2014-02-13T00:00:00,1.7e-07,1.7e-07,1.5e-07,BTC-DOGE,1640,18030,1.6e-07,2017-11-07T15:08:50.993,183759621.76639414
49,3.04e-06,33.36978477,2.91e-06,2014-10-17T19:09:32.6,3.88e-06,2.91e-06,2.83e-06,BTC-DOPE,286,3395,3.45e-06,2017-11-07T15:14:18.92,10370886.76841005
50,6.08e-05,7.04675075,5.926e-05,2017-04-01T04:06:13.887,6.366e-05,5.921e-05,5.302e-05,BTC-DTB,150,3067,5.712e-05,2017-11-07T15:07:15.317,122588.18236839
51,0.000433,1.65457406,0.00042526,2017-03-23T00:10:19.403,0.0004499,0.00042526,0.000418,BTC-DYN,155,922,0.00041897,2017-11-07T15:01:00.967,3835.54170511
52,1.492e-05,7.34195175,1.469e-05,2016-09-15T15:47:38.92,1.541e-05,1.491e-05,1.425e-05,BTC-EBST,147,4424,1.462e-05,2017-11-07T15:14:10.857,493695.54249638
53,7.8e-05,39.61833853,7.794e-05,2017-04-18T00:56:59.243,7.799e-05,7.794e-05,7.153e-05,BTC-EDG,323,6206,7.396e-05,2017-11-07T15:13:17.967,528382.13118756
54,1.725e-05,1.44563448,1.696e-05,2014-03-20T20:00:00,1.75e-05,1.696e-05,1.626e-05,BTC-EFL,126,1582,1.637e-05,2017-11-07T15:12:51.683,86157.66567627
55,3.169e-05,4.09057916,3.167e-05,2016-01-18T21:01:43.837,3.2e-05,3.17e-05,2.991e-05,BTC-EGC,261,2897,3.138e-05,2017-11-07T15:13:40.7,132330.62436493
56,8.769e-05,71.31137521,8.607e-05,2016-01-06T05:28:04.553,0.00010274,8.607e-05,8.307e-05,BTC-EMC,252,3104,8.54e-05,2017-11-07T15:14:11.95,769395.7862988
57,9.01e-06,113.2316852,8.95e-06,2014-12-24T00:00:00,9.83e-06,9.02e-06,8.28e-06,BTC-EMC2,345,7074,8.44e-06,2017-11-07T15:13:23.997,12654591.33930231
58,1.736e-05,29.645432,1.702e-05,2014-05-04T00:00:00,2.025e-05,1.737e-05,1.477e-05,BTC-ENRG,258,2285,1.516e-05,2017-11-07T15:14:18.843,1674170.63899482
59,7.539e-05,156.88136788,7.529e-05,2014-05-10T17:00:00,0.0001125,7.529e-05,6.077e-05,BTC-ERC,204,1934,6.075e-05,2017-11-07T15:14:12.967,1796166.63848886
60,0.00192005,571.05420331,0.00192,2016-07-26T18:10:22.82,0.00206832,0.00192005,0.00192005,BTC-ETC,998,8076,0.00199981,2017-11-07T15:14:11.903,285785.69306617
61,0.04130998,2884.74356528,0.04120051,2015-08-14T09:02:24.817,0.04340655,0.04131489,0.04021202,BTC-ETH,3745,19413,0.04124999,2017-11-07T15:14:18.593,68614.03773282
62,0.00017249,6.39568466,0.00017025,2014-09-28T20:33:27.633,0.00019657,0.00017249,0.00016702,BTC-EXCL,200,1516,0.00019113,2017-11-07T15:13:43.827,35865.8944514
63,0.00025326,45.67768911,0.00025,2015-09-16T17:10:15.253,0.00029499,0.00024992,0.00024083,BTC-EXP,186,4161,0.00024589,2017-11-07T15:14:17.89,172958.62753376
64,0.00011999,1.65802989,0.00011802,2014-12-12T19:51:07.703,0.000124,0.000118,0.00011504,BTC-FAIR,241,929,0.0001229,2017-11-07T15:06:55.05,13638.26753617
65,0.00232,196.32826597,0.0023057,2016-01-09T03:47:07.803,0.00246935,0.00232,0.00200007,BTC-FCT,590,3949,0.002,2017-11-07T15:14:13.983,87468.51784045
66,1.48e-06,13.03465276,1.47e-06,2015-02-23T23:01:53.92,1.57e-06,1.47e-06,1.44e-06,BTC-FLDC,289,3723,1.47e-06,2017-11-07T15:13:29.403,8678898.07661867
67,1.215e-05,14.69866082,1.19e-05,2015-03-11T05:43:30.193,1.272e-05,1.207e-05,1.052e-05,BTC-FLO,183,2389,1.056e-05,2017-11-07T15:14:17.857,1275269.94978518
68,1.617e-05,144.58738532,1.616e-05,2014-02-13T00:00:00,1.702e-05,1.617e-05,1.345e-05,BTC-FTC,955,5269,1.665e-05,2017-11-07T15:14:19.547,9233698.61529451
69,2.2e-06,108.86219812,2.19e-06,2017-07-04T18:45:47.13,2.3e-06,2.2e-06,1.96e-06,BTC-FUN,273,6197,2.13e-06,2017-11-07T15:14:14.95,49825255.31518928
70,0.00101888,1.40792214,0.00099665,2015-05-05T22:38:44.963,0.0010189,0.00101888,0.00093348,BTC-GAM,109,830,0.00095202,2017-11-07T15:14:17.077,1425.69811367
71,0.000235,67.44789196,0.00023454,2015-04-08T04:09:53.013,0.00024778,0.000235,0.00022714,BTC-GAME,254,5381,0.000231,2017-11-07T15:12:23.293,286024.27356066
72,1.539e-05,22.08192728,1.52e-05,2017-02-12T00:38:21.023,1.7e-05,1.52e-05,1.44e-05,BTC-GBG,167,2927,1.441e-05,2017-11-07T15:13:21.17,1383509.95602368
73,0.02334171,87.36653235,0.02285623,2017-04-13T20:46:39.83,0.0253,0.02334176,0.02070022,BTC-GBYTE,366,3569,0.0213553,2017-11-07T15:14:15.513,3710.05721078
74,6.78e-06,21.8070937,6.62e-06,2015-08-24T00:25:28.933,8.24e-06,6.78e-06,6.46e-06,BTC-GCR,93,3987,6.62e-06,2017-11-07T15:13:40.543,2934179.28842196
75,0.00014148,7.97323525,0.00013906,2015-02-21T03:29:43.267,0.00014905,0.00013906,0.00013503,BTC-GEO,320,2675,0.00013764,2017-11-07T15:11:57.4,56373.57867088
76,2.11e-05,4.75217223,2.073e-05,2014-03-22T16:00:00,2.152e-05,2.074e-05,1.919e-05,BTC-GLD,276,2208,1.973e-05,2017-11-07T15:14:16.95,234813.08276141
77,0.00861948,10.19658546,0.00850099,2017-04-28T02:43:12,0.0087571,0.00861952,0.00837988,BTC-GNO,155,2297,0.00845104,2017-11-07T15:14:19.593,1188.39876989
78,2.731e-05,114.98329865,2.715e-05,2017-04-17T21:35:59.26,2.8e-05,2.715e-05,2.567e-05,BTC-GNT,508,10549,2.625e-05,2017-11-07T15:14:17,4272995.34539522
79,1.63e-05,6.49114312,1.612e-05,2017-01-19T23:23:12.41,1.658e-05,1.63e-05,1.54e-05,BTC-GOLOS,191,2137,1.571e-05,2017-11-07T15:13:58.717,406577.74041182
80,5.68e-06,7.93668208,5.56e-06,2015-02-27T19:57:02.82,5.69e-06,5.69e-06,5.08e-06,BTC-GRC,241,3577,5.19e-06,2017-11-07T15:13:58.903,1468482.30615318
81,9.139e-05,1225.8793634,9.05e-05,2014-04-03T05:00:00,0.0001085,9.055e-05,8.7e-05,BTC-GRS,1785,5253,9.475e-05,2017-11-07T15:14:12.45,12540003.6346641
82,2.176e-05,90.6583836,2.168e-05,2017-04-29T18:08:12.39,2.711e-05,2.176e-05,1.868e-05,BTC-GUP,209,3629,1.924e-05,2017-11-07T15:14:15.013,4075322.43041715
83,1.245e-05,40.98476151,1.235e-05,2017-05-10T00:02:47.373,1.395e-05,1.23e-05,1.2e-05,BTC-HMQ,174,4034,1.2e-05,2017-11-07T15:13:52.56,3154294.28579592
84,2.142e-05,3.08929863,2.141e-05,2017-04-04T21:20:51.083,2.209e-05,2.142e-05,2.093e-05,BTC-INCNT,129,2709,2.182e-05,2017-11-07T05:43:44.113,142340.20175623
85,9.411e-05,3.70141689,9.11e-05,2015-10-03T20:41:41.403,9.535e-05,9.309e-05,8.904e-05,BTC-INFX,177,1547,8.904e-05,2017-11-07T15:13:56.92,39990.38060402
86,0.00035414,101.53458434,0.00035,2014-07-29T16:57:43.787,0.0004897,0.00035,0.0003,BTC-IOC,216,1939,0.00031401,2017-11-07T15:14:19.607,254452.82484578
87,0.00015029,6.24610588,0.00015004,2017-02-18T23:41:17.04,0.000152,0.00015004,0.00014226,BTC-ION,193,2178,0.00015157,2017-11-07T15:10:23.65,42169.36880599
88,0.00031776,56.33022604,0.00031343,2016-12-22T00:54:23.477,0.00033399,0.00031755,0.00029,BTC-IOP,348,5661,0.00031315,2017-11-07T15:13:40.827,177452.22365397
89,0.0003845,556.67940959,0.00038355,2017-02-11T23:04:01.853,0.00040898,0.0003845,0.00036,BTC-KMD,1576,6573,0.00037481,2017-11-07T15:14:12,1451638.30129221
90,0.000498,20.6697448,0.00049316,2014-06-17T05:46:29.303,0.00053644,0.000498,0.000475,BTC-KORE,264,2437,0.00050101,2017-11-07T15:14:10.31,40731.20649415
91,2.194e-05,31.0608313,2.163e-05,2016-07-05T21:50:07.81,2.219e-05,2.155e-05,1.991e-05,BTC-LBC,383,8890,1.972e-05,2017-11-07T15:14:10.937,1449816.84086384
92,0.00012778,122.44547626,0.0001268,2017-04-18T07:37:41.3,0.00014325,0.00012778,0.00011561,BTC-LGD,414,5382,0.00013808,2017-11-07T15:14:00.577,932151.7267626
93,6.25e-06,19.11852774,6.22e-06,2017-02-18T23:55:53.153,6.44e-06,6.25e-06,6.06e-06,BTC-LMC,204,5453,6.19e-06,2017-11-07T15:14:05.81,3086778.60171472
94,0.00067692,353.81191425,0.000675,2016-05-24T18:49:52.77,0.0007,0.000675,0.00062458,BTC-LSK,1709,8415,0.00062977,2017-11-07T15:14:17.687,536250.95764596
95,0.00816917,1133.46893224,0.00814302,2014-02-13T00:00:00,0.0083,0.00814302,0.0076,BTC-LTC,2399,13198,0.007635,2017-11-07T15:14:10.25,143578.15301352
96,0.00070509,10.95188378,0.0007,2017-04-30T16:57:03.27,0.00072739,0.0007,0.00065,BTC-LUN,164,4096,0.00065,2017-11-07T15:13:42.53,15824.08647219
97,5.341e-05,53.43617135,5.273e-05,2016-01-18T20:38:22.707,5.5e-05,5.361e-05,4.603e-05,BTC-MAID,332,3906,4.717e-05,2017-11-07T15:14:07.233,1053840.61970724
98,1.8e-06,17.22441862,1.79e-06,2017-10-13T23:32:02.993,1.85e-06,1.78e-06,1.59e-06,BTC-MANA,172,2482,1.63e-06,2017-11-07T15:14:02.2,9925783.36897099
99,0.00082357,226.46004047,0.00081716,2017-07-02T00:37:16.957,0.00086821,0.00082357,0.00078754,BTC-MCO,495,10140,0.00079248,2017-11-07T15:12:48.48,272493.04747015
100,3.227e-05,386.71293755,3.19e-05,2016-04-01T18:24:07.207,4.34e-05,3.227e-05,2.843e-05,BTC-MEME,328,1797,3.668e-05,2017-11-07T15:11:59.683,10681702.24773881
101,0.0083911,13.67902051,0.00817972,2017-03-15T19:30:56.167,0.00864404,0.00817968,0.00762766,BTC-MLN,107,1495,0.0085005,2017-11-07T15:14:15.513,1697.16503213
102,0.000373,58.69489084,0.00037284,2014-04-18T22:00:00,0.00038239,0.000373,0.000362,BTC-MONA,444,3740,0.00037318,2017-11-07T15:14:17.45,158539.19298607
103,0.00070978,194.89485406,0.00070406,2017-07-08T14:59:57.34,0.00077616,0.00070406,0.00067144,BTC-MTL,527,6216,0.00067999,2017-11-07T15:12:58.513,271259.88991096
104,1.482e-05,14.11564783,1.464e-05,2015-04-09T17:31:31.113,1.65e-05,1.482e-05,1.401e-05,BTC-MUE,234,3073,1.422e-05,2017-11-07T15:13:51.903,948639.64166472
105,1.99e-06,36.65855521,1.98e-06,2017-03-27T19:59:13.073,2.52e-06,1.99e-06,1.86e-06,BTC-MUSIC,284,9390,1.88e-06,2017-11-07T15:12:42.497,17480647.2899541
106,8.502e-05,4.10231374,8.5e-05,2017-06-19T19:13:43.73,8.84e-05,8.502e-05,8.5e-05,BTC-MYST,233,3693,8.501e-05,2017-11-07T15:10:46.103,47822.19484039
107,0.000109,77.95527394,0.00010892,2014-07-08T03:37:28.39,0.00011375,0.00010892,0.00010544,BTC-NAV,555,5195,0.000107,2017-11-07T15:11:44.417,709656.35318295
108,0.00014149,24.38972683,0.00014012,2015-04-08T03:57:37.33,0.000144,0.00014011,0.00013634,BTC-NBT,44,1774,0.00013719,2017-11-07T15:09:50.087,173899.82460258
109,0.00373373,1141.71761968,0.00373301,2016-10-26T01:28:31.96,0.00382043,0.00373413,0.0036003,BTC-NEO,4830,27472,0.00360803,2017-11-07T15:14:17.06,308389.84192437
110,0.00032899,7.23765411,0.000326,2014-08-20T00:06:59.63,0.00034401,0.00032934,0.00031456,BTC-NEOS,256,2007,0.00034323,2017-11-07T15:13:37.857,22258.63910448
111,1.35e-05,26.76381008,1.335e-05,2014-04-04T22:00:00,1.419e-05,1.362e-05,1.196e-05,BTC-NLG,273,3302,1.228e-05,2017-11-07T15:14:16.357,2023005.27924357
112,0.00153983,15.645781,0.00150501,2017-06-22T21:58:57.657,0.0016,0.00153997,0.00147258,BTC-NMR,151,4358,0.00149,2017-11-07T15:14:10.123,10265.1733098
113,2.726e-05,20.01260544,2.718e-05,2017-04-17T22:51:08.97,2.929e-05,2.718e-05,2.557e-05,BTC-NXC,105,3816,2.72e-05,2017-11-07T15:13:34.293,725249.61140441
114,0.00013652,24.24382431,0.00013618,2015-01-25T03:00:35.143,0.0001419,0.00013652,0.00012792,BTC-NXS,507,4089,0.00012577,2017-11-07T15:13:20.607,178792.20444619
115,8.13e-06,44.60719012,8.12e-06,2014-03-03T09:00:00,8.27e-06,8.13e-06,7.87e-06,BTC-NXT,349,8432,7.93e-06,2017-11-07T15:12:22.463,5503531.78233591
116,3.5e-05,143.09237099,3.493e-05,2015-05-30T19:26:37.523,3.749e-05,3.493e-05,3.451e-05,BTC-OK,966,10324,3.536e-05,2017-11-07T15:13:48.42,4010659.90432688
117,0.0008907,951.2979498,0.00089004,2017-07-16T17:07:42.313,0.00096103,0.0008907,0.00086706,BTC-OMG,2404,17480,0.00087,2017-11-07T15:14:03.03,1034694.97515802
118,0.00334788,12.61906809,0.00330197,2015-11-03T19:13:33.197,0.00335788,0.00334788,0.00296994,BTC-OMNI,300,2314,0.00297006,2017-11-07T15:14:18.653,3962.00388157
119,0.00119988,28.24238106,0.001195,2017-07-20T18:19:07.157,0.00124999,0.00119988,0.00111,BTC-PART,268,1904,0.00112253,2017-11-07T15:11:46.323,23859.25604713
120,0.0002303,238.3749669,0.00023022,2017-07-07T07:14:00.793,0.00024348,0.00023031,0.0002166,BTC-PAY,981,14486,0.0002166,2017-11-07T15:14:18.357,1036564.81546598
121,1.745e-05,10.8724731,1.738e-05,2016-06-02T04:39:35.21,1.745e-05,1.745e-05,1.435e-05,BTC-PDC,191,2423,1.466e-05,2017-11-07T15:14:17.217,675191.41645915
122,3.27e-06,34.73191107,3.26e-06,2014-07-29T07:41:09.4,3.53e-06,3.27e-06,3e-06,BTC-PINK,252,2926,3.33e-06,2017-11-07T15:13:45.967,10463026.88928771
123,0.00040576,177.95819069,0.00040201,2016-03-02T20:45:37.987,0.00043595,0.00040201,0.000395,BTC-PIVX,904,6512,0.00043352,2017-11-07T15:14:08.2,434553.65721601
124,6.897e-05,26.78328199,6.824e-05,2015-06-03T06:31:14.35,7.864e-05,6.897e-05,6.65e-05,BTC-PKB,317,2561,7.059e-05,2017-11-07T15:11:10.4,374386.29896553
125,1.75e-05,1022.00750696,1.717e-05,2014-03-11T08:00:00,2.692e-05,1.76e-05,1.704e-05,BTC-POT,708,4143,2.457e-05,2017-11-07T15:14:16.483,46501950.84256798
126,0.00018985,5.29620945,0.00018757,2014-02-13T00:00:00,0.00019217,0.0001873,0.00018262,BTC-PPC,176,2793,0.00018401,2017-11-07T15:14:14.297,28326.7061888
127,4.7e-06,3.39877043,4.67e-06,2014-03-27T18:00:00,4.87e-06,4.7e-06,4.46e-06,BTC-PTC,219,2465,4.69e-06,2017-11-07T15:12:05.23,730230.16394829
128,2.167e-05,84.25367107,2.166e-05,2017-06-18T17:04:24.1,2.59e-05,2.167e-05,2.027e-05,BTC-PTOY,378,6654,2.06e-05,2017-11-07T15:14:19.107,3648343.90131055
129,8.482e-05,7.28725389,8.39e-05,2017-06-10T00:01:39.293,8.613e-05,8.38e-05,8.1e-05,BTC-QRL,334,3512,8.101e-05,2017-11-07T15:13:53.327,87390.56195538
130,0.0014935,747.53327461,0.00148603,2017-07-20T19:08:43.473,0.00155801,0.00148602,0.00142935,BTC-QTUM,888,11889,0.00145078,2017-11-07T15:14:19.42,500774.30230862
131,1.938e-05,37.11655831,1.91e-05,2017-03-05T19:30:16.853,2.135e-05,1.914e-05,1.91e-05,BTC-QWARK,276,5218,2.1e-05,2017-11-07T15:13:24.513,1836940.50638771
132,0.00046471,9.92472727,0.00045486,2016-01-26T23:22:16.193,0.00047099,0.00045486,0.00041861,BTC-RADS,126,2033,0.00042751,2017-11-07T15:14:16.797,22530.12600635
133,9.928e-05,10.75847321,9.821e-05,2014-04-05T08:00:00,0.00010556,9.928e-05,9.529e-05,BTC-RBY,1485,5823,9.608e-05,2017-11-07T15:03:34.313,107668.4966594
134,1.6e-07,61.67159971,1.5e-07,2014-02-25T09:00:00,1.6e-07,1.5e-07,1.4e-07,BTC-RDD,1265,18139,1.5e-07,2017-11-07T15:14:14.827,398979787.1568097
135,0.00246244,53.05817566,0.00243006,2016-10-04T15:45:37.14,0.00278,0.00246,0.00228094,BTC-REP,176,1853,0.00227789,2017-11-07T15:14:18.937,21183.79448698
136,3.476e-05,100.54091938,3.475e-05,2016-06-24T17:00:00.043,3.65e-05,3.475e-05,3.396e-05,BTC-RISE,514,5709,3.456e-05,2017-11-07T15:14:19.107,2864636.06993011
137,7.399e-05,15.35916927,7.364e-05,2017-04-27T00:20:33.857,7.861e-05,7.364e-05,7.3e-05,BTC-RLC,185,3580,7.586e-05,2017-11-07T15:13:27.98,203500.69790542
138,1.23e-06,138.05412416,1.21e-06,2016-02-13T22:14:21.14,1.43e-06,1.21e-06,1.14e-06,BTC-SAFEX,507,6408,1.14e-06,2017-11-07T15:12:59.747,108964996.4454091
139,0.00041399,381.65234909,0.00041398,2017-10-16T17:32:48.777,0.00044108,0.00041398,0.00037129,BTC-SALT,573,1970,0.00037866,2017-11-07T15:14:00.5,943773.60119563
140,0.0001405,7.95922987,0.00014011,2016-07-09T19:02:08.943,0.000143,0.0001405,0.00013206,BTC-SBD,112,1839,0.0001335,2017-11-07T15:14:09.263,57313.48514408
141,5.3e-07,127.66222842,5.2e-07,2017-05-22T21:30:29.16,5.4e-07,5.2e-07,4.8e-07,BTC-SC,1122,26989,4.9e-07,2017-11-07T15:14:05.34,246074960.9485619
142,1.777e-05,20.97787769,1.726e-05,2016-09-23T07:10:11.78,1.91e-05,1.721e-05,1.651e-05,BTC-SEQ,145,1719,1.69e-05,2017-11-07T15:13:58.827,1146857.80839883
143,0.0001425,8.43167253,0.00014105,2016-10-11T19:48:35.573,0.00015095,0.00014105,0.000135,BTC-SHIFT,146,2385,0.00014569,2017-11-07T15:05:58,59049.95104789
144,0.00015298,4.12929335,0.00015013,2017-02-18T22:34:49.373,0.000155,0.00015013,0.00014507,BTC-SIB,123,2413,0.00014415,2017-11-07T15:14:09.483,27400.38378004
145,4.898e-05,34.57329827,4.817e-05,2014-03-23T06:00:00,5.274e-05,4.82e-05,3.88e-05,BTC-SLR,277,1978,3.9e-05,2017-11-07T15:14:09.437,754661.96399228
146,0.00198263,10.87645866,0.00191187,2016-01-20T22:24:04.65,0.00204572,0.00191271,0.00171,BTC-SLS,203,1745,0.0017849,2017-11-07T15:14:17.123,5751.32101517
147,2.61e-05,453.97013183,2.6e-05,2016-10-02T22:16:04.773,3.653e-05,2.61e-05,2.113e-05,BTC-SNGLS,379,1977,2.192e-05,2017-11-07T15:14:08.623,15487982.70908096
148,0.00021693,16.76345447,0.000214,2015-06-03T06:27:04.623,0.000237,0.00021623,0.000185,BTC-SNRG,273,1658,0.0001943,2017-11-07T15:14:11.763,82718.44304118
149,4.24e-06,95.2226511,4.21e-06,2017-06-28T18:26:15.73,4.33e-06,4.21e-06,4.08e-06,BTC-SNT,365,10241,4.17e-06,2017-11-07T15:14:18.013,22647349.4202693
150,0.0003972,6.61611635,0.0003915,2015-05-18T22:45:47.093,0.00040013,0.00039002,0.00037988,BTC-SPHR,138,1302,0.000385,2017-11-07T15:12:26.293,16994.58484077
151,4.449e-05,14.63441951,4.303e-05,2014-12-19T02:33:07.747,4.595e-05,4.303e-05,4.101e-05,BTC-SPR,256,3406,4.295e-05,2017-11-07T15:14:19.297,337565.12429389
152,6.26e-06,14.10886501,6.21e-06,2014-06-14T07:09:15.327,7.21e-06,6.27e-06,6.1e-06,BTC-START,346,5895,6.75e-06,2017-11-07T15:13:42.717,2148906.22188772
153,0.00012298,74.6872617,0.00012201,2016-04-17T01:22:13.35,0.00013,0.00012201,0.00011906,BTC-STEEM,481,7651,0.00012099,2017-11-07T15:13:49.14,602475.39998571
154,7.276e-05,151.30733438,7.268e-05,2017-07-11T21:14:32.643,7.41e-05,7.268e-05,6.464e-05,BTC-STORJ,621,6692,6.505e-05,2017-11-07T15:14:14.903,2158863.24867601
155,0.00042477,334.95273844,0.00042242,2016-08-10T23:26:39.657,0.00044732,0.0004224,0.00041003,BTC-STRAT,1658,22179,0.00042353,2017-11-07T15:14:15.983,782135.3788494
156,0.00015548,51.19145587,0.00015443,2014-10-03T19:16:23.143,0.0001885,0.00015443,0.00014304,BTC-SWIFT,252,2001,0.00014587,2017-11-07T15:12:12.84,300544.15347278
157,0.00017446,6.53964152,0.00017415,2017-03-08T22:32:26.03,0.000179,0.00017415,0.00015394,BTC-SWT,117,1739,0.00017511,2017-11-07T15:11:23.713,38901.01591131
158,3.397e-05,38.11924698,3.355e-05,2016-08-25T21:23:15.27,3.709e-05,3.355e-05,3.253e-05,BTC-SYNX,184,2415,3.228e-05,2017-11-07T15:14:02.39,1109912.19057531
159,2.836e-05,158.69251687,2.835e-05,2014-08-16T19:57:48.823,2.892e-05,2.835e-05,2.732e-05,BTC-SYS,920,8209,2.743e-05,2017-11-07T15:14:09.013,5600774.79019967
160,2.32e-06,309.49629716,2.29e-06,2014-04-29T21:00:00,3.89e-06,2.32e-06,2.22e-06,BTC-THC,475,3989,2.8e-06,2017-11-07T15:14:12.53,103807237.36540937
161,0.00334542,2.88578213,0.00329715,2017-03-09T00:44:08.673,0.00336982,0.00334542,0.0032935,BTC-TIME,127,1584,0.00330242,2017-11-07T15:14:16.123,872.15357799
162,2.494e-05,26.77639519,2.431e-05,2017-10-25T21:01:08.287,2.739e-05,2.43e-05,2.413e-05,BTC-TIX,124,2276,2.482e-05,2017-11-07T15:14:16.14,1048692.63827163
163,0.00015063,24.30061578,0.00014585,2017-05-08T17:09:34.91,0.00016,0.00014831,0.00014546,BTC-TKN,173,3436,0.00015041,2017-11-07T15:14:18.25,160762.62963719
164,0.00025914,28.06492864,0.00025023,2017-03-23T00:48:15.94,0.000285,0.00025927,0.00022098,BTC-TKS,165,1463,0.00022162,2017-11-07T15:14:17.89,110012.17591259
165,8.32e-05,129.62760424,8.288e-05,2016-09-08T05:59:08.183,8.909e-05,8.32e-05,7.803e-05,BTC-TRIG,456,8798,8.111e-05,2017-11-07T15:14:09.7,1541756.51938499
166,3.443e-05,18.73437655,3.401e-05,2017-04-19T04:53:43.893,3.68e-05,3.449e-05,3.328e-05,BTC-TRST,248,3744,3.375e-05,2017-11-07T15:13:40.17,533935.9470191
167,1.695e-05,33.60868839,1.66e-05,2014-07-07T05:46:18.71,1.986e-05,1.7e-05,1.471e-05,BTC-TRUST,289,2086,1.582e-05,2017-11-07T15:14:16.17,1917771.75795228
168,0.00029313,30.66565189,0.0002886,2015-09-02T08:02:54.3,0.00030598,0.00029,0.0002851,BTC-TX,386,803,0.00029,2017-11-07T15:14:12.06,103988.25174718
169,0.0001602,34.52751754,0.00016,2017-02-08T17:00:59.02,0.000165,0.00016022,0.00014731,BTC-UBQ,682,7581,0.00014956,2017-11-07T15:12:17.323,220436.07102687
170,3.878e-05,4.24695008,3.822e-05,2016-08-24T21:39:28.357,3.949e-05,3.878e-05,3.581e-05,BTC-UNB,146,1624,3.8e-05,2017-11-07T15:09:35.01,113034.33744877
171,0.00021115,58.98161456,0.00021,2014-07-18T00:20:00.393,0.00022,0.00020917,0.0002056,BTC-VIA,474,3261,0.00021084,2017-11-07T15:14:02.873,278975.01098113
172,5.72e-06,45.37899538,5.66e-06,2015-12-30T04:21:47.31,6.49e-06,5.65e-06,5.26e-06,BTC-VOX,262,5945,5.91e-06,2017-11-07T15:14:08.437,7763099.06035076
173,7.6e-05,110.23568292,7.599e-05,2014-05-13T07:00:00,8.7e-05,7.599e-05,7.044e-05,BTC-VRC,502,2562,8.142e-05,2017-11-07T15:14:19.577,1391866.30784566
174,0.0004341,7.82389905,0.0004254,2016-09-16T04:52:17.637,0.00044711,0.0004341,0.00040502,BTC-VRM,214,1508,0.00041502,2017-11-07T15:10:07.76,18289.5936927
175,0.000506,964.18540234,0.00050574,2014-02-13T00:00:00,0.00054695,0.000506,0.00047569,BTC-VTC,2956,8532,0.00051349,2017-11-07T15:14:15.45,1876404.5095831
176,2.992e-05,55.35929261,2.991e-05,2014-12-19T02:33:10.943,3.304e-05,2.992e-05,2.441e-05,BTC-VTR,250,1973,2.513e-05,2017-11-07T15:14:14.593,1914877.43699379
177,0.00051658,365.27496085,0.00051644,2016-06-19T15:46:31.167,0.0005321,0.000516,0.00046,BTC-WAVES,1258,11375,0.00049894,2017-11-07T15:14:14.047,722873.02009166
178,5.236e-05,12.81079995,5.185e-05,2017-04-26T22:34:24.49,5.544e-05,5.237e-05,5.09e-05,BTC-WINGS,138,5105,5.202e-05,2017-11-07T15:13:55.623,239992.47944075
179,2.54e-05,4.56053736,2.501e-05,2016-09-25T00:15:16.103,2.54e-05,2.54e-05,2.426e-05,BTC-XAUR,81,1437,2.475e-05,2017-11-07T15:13:42.043,183423.18496247
180,0.00173419,35.68886025,0.00170662,2015-02-14T04:20:41,0.00185,0.00173522,0.00155331,BTC-XCP,420,3449,0.00157631,2017-11-07T15:14:16.31,20449.45875788
181,3.2e-07,12.50716575,3.1e-07,2014-06-21T18:37:57.64,3.3e-07,3.1e-07,3e-07,BTC-XDN,623,6592,3.2e-07,2017-11-07T15:13:37.997,39656481.10541072
182,3.9e-05,185.02633058,3.863e-05,2017-07-01T17:38:44.883,4.921e-05,3.861e-05,3.746e-05,BTC-XEL,340,7253,3.782e-05,2017-11-07T15:14:10.297,4335520.11506576
183,2.559e-05,241.73370382,2.54e-05,2015-04-10T21:06:00.043,2.689e-05,2.565e-05,2.393e-05,BTC-XEM,1082,11719,2.54e-05,2017-11-07T15:14:13.263,9498099.84903854
184,4.33e-06,1122.3416288,4.32e-06,2015-11-17T20:06:44.92,4.8e-06,4.33e-06,3.75e-06,BTC-XLM,1673,15686,3.78e-06,2017-11-07T15:14:16.093,259940885.2252581
185,3.257e-05,8.96221963,3.224e-05,2014-11-10T06:25:07.533,3.65e-05,3.257e-05,3.205e-05,BTC-XMG,305,2278,3.506e-05,2017-11-07T15:14:07.763,258770.18943084
186,0.01368,1032.47520303,0.01365379,2014-06-04T07:38:39.24,0.014997,0.01365379,0.012751,BTC-XMR,1535,7141,0.012751,2017-11-07T15:14:18.64,74386.39226882
187,4.1e-07,22.77670551,4e-07,2014-03-15T08:00:00,4.5e-07,4e-07,3.7e-07,BTC-XMY,444,4810,3.7e-07,2017-11-07T15:11:03.34,55550010.24426604
188,2.89e-05,968.9472115,2.881e-05,2014-12-22T19:30:27.45,2.931e-05,2.89e-05,2.773e-05,BTC-XRP,2367,26551,2.789e-05,2017-11-07T15:14:19.093,33960974.79556008
189,2.346e-05,17.11356232,2.296e-05,2014-07-09T20:33:00.59,2.535e-05,2.342e-05,2.171e-05,BTC-XST,213,1343,2.247e-05,2017-11-07T15:14:15.78,723772.66394946
190,0.000128,433.92943581,0.00012705,2016-03-12T19:37:38.863,0.00018694,0.00012705,0.00012693,BTC-XVC,729,3022,0.0001762,2017-11-07T15:14:12.42,2772798.455196
191,1.05e-06,2189.41251517,1.04e-06,2016-02-17T22:42:03.61,1.31e-06,1.05e-06,9.5e-07,BTC-XVG,3304,16324,1.3e-06,2017-11-07T15:14:18.64,1963150636.9709208
192,7.14e-06,33.48574321,7e-06,2014-04-14T00:00:00,8e-06,7.15e-06,6.71e-06,BTC-XWC,485,1437,7.78e-06,2017-11-07T15:14:14.577,4408573.73408972
193,0.00210785,118.44568006,0.0020855,2016-10-20T04:48:30.387,0.00228,0.00210785,0.002054,BTC-XZC,926,3696,0.00206775,2017-11-07T15:14:18.047,54721.05944013
194,0.00025,18.41840522,0.00024821,2016-11-15T20:29:59.73,0.000255,0.00024821,0.00023303,BTC-ZCL,213,5203,0.00023798,2017-11-07T15:13:25.247,75686.8193398
195,0.033,321.8149889,0.03293125,2016-10-28T17:13:10.833,0.03382818,0.03293125,0.03127082,BTC-ZEC,953,11278,0.03131069,2017-11-07T15:14:05.81,9882.52822829
196,0.00291,155.28340796,0.00290001,2017-06-05T16:39:49.07,0.0031,0.00290001,0.002819,BTC-ZEN,1701,4450,0.00291105,2017-11-07T15:14:14.263,52962.6499772
197,0.0012396,474.08953181,0.00119994,2017-06-11T17:33:06.127,0.00172,0.00119994,0.00103153,ETH-1ST,107,335,0.00108472,2017-11-07T15:14:18.687,348038.4530471
198,6.655e-05,78.02365392,6.526e-05,2017-07-03T21:08:06.22,7.34e-05,6.501e-05,6.31e-05,ETH-ADT,72,536,6.447e-05,2017-11-07T15:13:50.373,1166928.05880582
199,0.00306138,619.73105998,0.00304802,2017-07-11T22:42:17.78,0.0033389,0.00305337,0.00289343,ETH-ADX,184,575,0.00291778,2017-11-07T15:13:58.013,198189.04158547
200,0.0038236,246.89164869,0.00376,2017-05-19T15:55:11.293,0.00399598,0.00387865,0.00330006,ETH-ANT,86,411,0.00399666,2017-11-07T15:14:18.607,68201.02243217
201,0.00048698,157.51757468,0.00048188,2017-06-03T22:04:52.38,0.000487,0.00048698,0.00046003,ETH-BAT,183,1081,0.0004655,2017-11-07T15:13:40.153,332561.48591177
202,2.0695982,2904.89930592,2.0498517,2017-08-01T18:34:04.763,2.1878999,2.0695982,1.96000003,ETH-BCC,437,456,2.145,2017-11-07T15:14:16.967,1427.82991449
203,0.00640888,105.54652462,0.0062898,2017-06-22T21:36:30.867,0.00640899,0.00640763,0.00621213,ETH-BNT,69,411,0.00624048,2017-11-07T15:14:17.64,16850.66253048
204,0.0,26.34440146,0.0,2017-08-04T18:01:27.853,0.00017062,0.00015172,0.00013,ETH-BTS,74,212,0.00014932,2017-11-05T04:03:45.967,175120.1443082
205,0.00031239,165.05902264,0.00030589,2017-06-19T19:59:14.89,0.00037576,0.00030588,0.00029,ETH-CFI,103,434,0.00030476,2017-11-07T15:12:08.34,503569.08461426
206,0.00128311,172.90252109,0.00119887,2017-06-13T19:40:35.217,0.00164498,0.0013,0.0010229,ETH-CRB,57,175,0.00104351,2017-11-07T15:14:19.297,128246.23107182
207,0.00099358,391.09836407,0.0009805,2017-07-16T23:04:18.99,0.00099398,0.0009805,0.00092,ETH-CVC,186,1020,0.000951,2017-11-07T15:14:18.653,405282.43835333
208,0.98926514,395.34251521,0.974,2017-07-14T17:10:05.143,0.99999999,0.97958872,0.909009,ETH-DASH,133,224,0.91999959,2017-11-07T15:14:19.03,412.02752077
209,2.934e-05,130.70812707,2.873e-05,2017-08-04T18:01:27.777,2.952e-05,2.896e-05,2.754e-05,ETH-DGB,77,596,2.831e-05,2017-11-07T15:14:14.513,4512331.04280851
210,0.22699482,11.04515306,0.21000092,2016-06-17T18:51:39.087,0.22699978,0.22699928,0.20593881,ETH-DGD,67,191,0.20925303,2017-11-07T15:14:19.653,52.10772773
211,0.00013503,89.32676435,0.000131,2017-08-04T02:09:02.887,0.0001463,0.000131,0.00012835,ETH-DNT,61,379,0.00013647,2017-11-07T15:11:16.4,658276.37350172
212,0.04679967,887.7645599,0.04665905,2016-07-28T21:45:59.05,0.04903002,0.04665905,0.04615162,ETH-ETC,202,1026,0.04868544,2017-11-07T15:14:09.89,18691.40284525
213,0.05687764,168.68716262,0.05536913,2017-08-04T18:01:27.853,0.05976,0.05535739,0.04755237,ETH-FCT,74,174,0.04781535,2017-11-07T15:14:19.31,3174.57983461
214,5.313e-05,137.18506082,5.2e-05,2017-07-04T18:45:47.143,5.443e-05,5.313e-05,4.7e-05,ETH-FUN,102,835,5.103e-05,2017-11-07T15:14:19.64,2647614.81902042
215,0.20844448,4.88571367,0.20491111,2017-04-30T18:42:52.17,0.2112,0.20846403,0.19999938,ETH-GNO,65,263,0.21086854,2017-11-07T15:13:48.153,23.95994987
216,0.00066123,592.07907449,0.00065309,2017-04-20T06:38:51.877,0.00066122,0.00066122,0.00061599,ETH-GNT,206,1426,0.000642,2017-11-07T15:14:19.013,930409.86107307
217,0.00053389,258.12903127,0.0005256,2017-04-30T18:40:42.213,0.000634,0.00053171,0.0004512,ETH-GUP,68,222,0.00046826,2017-11-07T15:14:18.95,511861.12685793
218,0.00030817,76.95309257,0.00029755,2017-05-10T07:27:27.597,0.00033111,0.00030884,0.00028302,ETH-HMQ,64,302,0.00029449,2017-11-07T15:14:18.92,254599.70225913
219,0.0030973,187.79931529,0.00301659,2017-06-17T15:02:02.783,0.00356244,0.0030973,0.00276021,ETH-LGD,78,327,0.00334832,2017-11-07T15:13:46.81,61553.73257947
220,0.1984,1017.13456013,0.19696241,2017-06-25T03:06:46.83,0.19998348,0.1969624,0.18100002,ETH-LTC,306,530,0.18519999,2017-11-07T15:13:37.39,5357.12876955
221,0.01715161,55.40151541,0.01681043,2017-04-30T18:41:22.84,0.01715166,0.01715166,0.01580807,ETH-LUN,62,283,0.01591477,2017-11-07T15:14:14.89,3395.07812865
222,4.397e-05,40.50933897,4.3e-05,2017-10-13T23:32:03.027,4.525e-05,4.3e-05,3.867e-05,ETH-MANA,70,224,3.803e-05,2017-11-07T14:58:21.4,973660.73303155
223,0.01989039,364.06759672,0.01968506,2017-07-02T00:37:17.05,0.02049996,0.01989039,0.019,ETH-MCO,184,1033,0.01932001,2017-11-07T15:13:28.263,18587.43989409
224,0.01714197,141.44438588,0.01682252,2017-07-08T14:59:57.37,0.01799422,0.01713404,0.0160001,ETH-MTL,120,529,0.01632,2017-11-07T15:14:18.56,8382.23701694
225,0.00208112,3.35049134,0.00206051,2017-06-19T19:13:43.743,0.0021976,0.00206051,0.0020101,ETH-MYST,45,375,0.00219137,2017-11-07T15:10:14.993,1627.20707905
226,0.09042262,1623.28934881,0.08958079,2017-07-21T01:08:49.397,0.09042262,0.09042262,0.0862,ETH-NEO,920,1728,0.088,2017-11-07T15:14:19.233,18438.4951414
227,0.03731946,16.16403766,0.03728574,2017-06-22T21:58:57.657,0.03728574,0.03728574,0.03435706,ETH-NMR,99,428,0.03655436,2017-11-07T15:12:38.84,445.66531726
228,0.02176735,1810.13452911,0.02160343,2017-07-16T17:07:42.41,0.0225,0.02176673,0.02085,ETH-OMG,550,2132,0.02126162,2017-11-07T15:14:10.92,83351.62373564
229,0.00559994,708.17053889,0.00550133,2017-07-07T07:14:00.873,0.00575931,0.00559996,0.00520201,ETH-PAY,305,1679,0.00528,2017-11-07T15:14:19.077,130404.51826568
230,0.00053769,194.22043484,0.0005228,2017-06-18T17:04:24.147,0.00061394,0.00053001,0.00048652,ETH-PTOY,78,532,0.00052192,2017-11-07T15:14:19.03,355850.77772362
231,0.00205983,9.96053414,0.00199717,2017-06-11T17:33:06.14,0.00201927,0.002,0.00190001,ETH-QRL,90,197,0.00204259,2017-11-07T15:14:11.123,5026.68231775
232,0.03649017,1303.13120409,0.03585358,2017-07-20T19:08:43.473,0.03736976,0.035853,0.034,ETH-QTUM,358,1016,0.0356,2017-11-07T15:14:19.14,36276.53328732
233,0.06093282,153.57590953,0.0587514,2017-04-20T06:43:49.19,0.06869237,0.0609572,0.05519379,ETH-REP,99,177,0.05662639,2017-11-07T15:14:19.373,2622.79959357
234,0.00182763,29.574392,0.001775,2017-04-30T18:41:22.823,0.00186341,0.00177126,0.00175,ETH-RLC,64,283,0.0018589,2017-11-07T15:14:11.687,16228.24989297
235,0.01003197,967.37601441,0.00996278,2017-10-16T17:32:48.84,0.01042752,0.00997034,0.00900744,ETH-SALT,97,194,0.00933427,2017-11-07T15:14:17.547,100230.74584342
236,1.271e-05,145.2156311,1.26e-05,2017-07-14T17:10:07.74,1.285e-05,1.26e-05,1.149e-05,ETH-SC,141,1171,1.184e-05,2017-11-07T15:13:45.67,11907826.18041916
237,0.000638,1318.64635311,0.00062687,2017-04-30T18:41:22.853,0.00086196,0.00062903,0.000504,ETH-SNGLS,179,203,0.00053789,2017-11-07T15:14:02.077,1947954.15594826
238,0.00010298,267.17826114,0.00010126,2017-06-28T18:26:15.747,0.00010317,0.00010298,9.702e-05,ETH-SNT,175,1041,0.00010192,2017-11-07T15:14:19.153,2659823.39694407
239,0.00176386,124.88732405,0.00173428,2017-07-11T21:14:32.643,0.00178,0.00174606,0.00155,ETH-STORJ,124,445,0.00162,2017-11-07T15:14:19.5,76484.69882731
240,0.01035603,246.31424102,0.01013001,2017-08-04T18:01:27.713,0.01047204,0.01035604,0.00985906,ETH-STRAT,232,1175,0.01032573,2017-11-07T15:14:19.437,24329.9923403
241,0.08213298,6.09313182,0.07877394,2017-06-23T18:01:03.323,0.07838918,0.07838918,0.0766623,ETH-TIME,70,135,0.07834608,2017-11-07T15:14:09.827,77.88982641
242,0.000605,51.05298749,0.00058957,2017-10-25T21:01:08.287,0.000635,0.000605,0.00058002,ETH-TIX,36,313,0.00061193,2017-11-07T15:13:47.873,83583.53388777
243,0.00364992,41.23212692,0.00353734,2017-05-09T04:43:46.723,0.0038783,0.00364992,0.00335111,ETH-TKN,63,492,0.00364099,2017-11-07T15:14:05.5,11397.20937904
244,0.00083715,67.60890636,0.00081266,2017-05-19T15:55:11.28,0.000882,0.000815,0.000802,ETH-TRST,77,209,0.00083,2017-11-07T15:12:21.293,81173.62610005
245,0.0127967,274.08404766,0.01247304,2017-08-04T18:00:50.15,0.01280005,0.01240318,0.0111,ETH-WAVES,184,451,0.01215432,2017-11-07T15:14:19.357,22896.31617567
246,0.00126516,68.96869966,0.001252,2017-04-26T22:16:06.627,0.00129513,0.00126516,0.00123944,ETH-WINGS,47,319,0.00129125,2017-11-07T15:08:45.79,54656.99568928
247,0.00062099,576.81503701,0.00061481,2017-07-21T01:08:49.38,0.00063419,0.000619,0.00057261,ETH-XEM,140,552,0.00061745,2017-11-07T15:14:19.03,943136.07269128
248,0.00010766,728.67251105,0.00010572,2017-07-21T01:08:49.38,0.00011195,0.00010572,9e-05,ETH-XLM,232,424,9.212e-05,2017-11-07T15:14:18.343,6986650.90667529
249,0.33387613,913.821861,0.332,2017-07-21T01:08:49.367,0.34985,0.332,0.30656796,ETH-XMR,152,268,0.30605012,2017-11-07T15:12:06.2,2761.36919965
250,0.00070136,743.42172192,0.00070135,2017-06-25T03:07:09.677,0.00070135,0.00070135,0.000666,ETH-XRP,453,846,0.00068076,2017-11-07T15:14:10.75,1089701.85511173
251,0.805,488.92474608,0.7993,2017-07-14T17:10:07.8,0.807,0.805,0.75149496,ETH-ZEC,264,525,0.75939371,2017-11-07T15:07:54.507,628.13325691
252,591.0,5031326.5127578,590.0,2017-08-01T18:34:04.873,648.99999805,591.0,585.012,USDT-BCC,1267,2117,641.714,2017-11-07T15:13:31.87,8301.24864629
253,6984.0,42042414.18330944,6967.15,2015-12-11T06:31:40.633,7282.66196574,6984.0,6923.0,USDT-BTC,9571,4021,7270.0,2017-11-07T15:14:19.64,5949.73117423
254,282.8888888,1036638.17441248,280.1,2017-07-21T01:08:49.413,301.61904399,282.8888888,272.1632695,USDT-DASH,418,1047,274.99999999,2017-11-07T15:14:07.92,3609.998519
255,13.4,2668095.36582973,13.26930592,2017-07-14T17:10:10.72,14.72,13.4,13.20000001,USDT-ETC,573,2144,14.52960651,2017-11-07T15:14:19.653,189599.74361314
256,287.0,4540216.47657608,286.8,2017-04-20T17:26:37.647,304.04122641,287.0,285.00000001,USDT-ETH,1694,4290,298.5,2017-11-07T15:14:11.483,15355.17536126
257,57.09997999,1752272.71782275,56.62106813,2017-07-14T17:10:10.72,58.68,56.62106811,54.28713508,USDT-LTC,923,2492,55.42,2017-11-07T15:13:47.89,31057.86671565
258,26.1,1396328.12506768,25.9435,2017-08-04T16:58:43.087,26.5799999,26.1,25.5,USDT-NEO,1322,5025,26.30797102,2017-11-07T15:13:54.467,53487.53336242
259,6.287907,980880.53092087,6.25,2017-09-15T23:49:44.83,6.6999,6.287907,6.2,USDT-OMG,921,4772,6.35,2017-11-07T15:14:16.45,151006.48275206
260,96.2142754,2204808.69519213,95.3000002,2017-07-21T01:08:49.397,104.5,95.3000002,92.12069145,USDT-XMR,495,904,92.7676347,2017-11-07T15:14:07.89,22394.38926673
261,0.2024882,629465.26569602,0.202,2017-07-14T17:10:10.737,0.206,0.20100001,0.19934411,USDT-XRP,1147,4265,0.20331872,2017-11-07T15:14:14.67,3107541.6916643
262,231.999999,457924.07914009,230.7,2017-07-14T17:10:10.673,235.99999955,230.7,226.0,USDT-ZEC,730,2852,227.0,2017-11-07T15:13:46.09,1981.56693903
263,2.121e-05,1668.9004524,2.098e-05,2017-11-07T07:59:10.913,0.0002001,2.121e-05,1.7e-05,BTC-RCN,608,2116,0.0002,2017-11-07T15:14:17.45,75715128.52599023
264,0.00051178,2867.47147773,0.00051069,2017-11-07T07:59:10.93,0.00089,0.00051069,0.00025124,ETH-RCN,125,236,0.00089,2017-11-07T15:14:01.78,5458719.01612632
