,Ask,BaseVolume,Bid,Created,High,Last,Low,MarketName,OpenBuyOrders,OpenSellOrders,PrevDay,TimeStamp,Volume
0,4.969e-05,574.31555213,4.968e-05,2017-06-06T01:22:35.727,7.245e-05,4.968e-05,4.451e-05,BTC-1ST,282,5810,4.452e-05,2017-11-07T15:25:18.963,9916368.06347172
1,8.7e-07,24.34396125,8.6e-07,2016-05-16T06:44:15.287,9.9e-07,8.7e-07,7.9e-07,BTC-2GIVE,329,2261,9.4e-07,2017-11-07T15:25:16.84,27797441.93718426
2,8.3e-07,17.65447516,8.2e-07,2014-10-31T01:43:25.743,9.9e-07,8.3e-07,8e-07,BTC-ABY,265,4902,8.6e-07,2017-11-07T15:25:22.7,20072049.38079652
3,3.11e-06,585.64808877,3.1e-06,2017-09-29T07:01:58.873,3.35e-06,3.11e-06,2.94e-06,BTC-ADA,1537,9342,2.99e-06,2017-11-07T15:25:17.213,186076393.37567106
4,2.78e-06,22.99257364,2.72e-06,2017-07-03T21:08:06.11,2.99e-06,2.7e-06,2.61e-06,BTC-ADT,154,3145,2.65e-06,2017-11-07T15:25:24.137,8208213.85085472
5,0.000125,530.17015516,0.00012459,2017-07-11T22:42:17.78,0.0001429,0.000125,0.0001205,BTC-ADX,708,8814,0.0001228,2017-11-07T15:25:23.903,4025376.51364719
6,0.000215,15.73128982,0.00021322,2015-07-31T00:50:47.11,0.00021999,0.00021322,0.00019103,BTC-AEON,253,2144,0.0002035,2017-11-07T15:22:45.213,75186.71419077
7,5.031e-05,2.77268135,4.959e-05,2015-11-10T00:53:59.643,5.117e-05,4.953e-05,4.74e-05,BTC-AGRS,199,2515,4.907e-05,2017-11-07T15:25:05.887,56186.78295932
8,2.127e-05,21.61158089,2.1e-05,2015-11-03T19:13:55.18,2.176e-05,2.102e-05,1.951e-05,BTC-AMP,156,5686,2.091e-05,2017-11-07T15:25:18.56,1040775.19866325
9,0.00015699,49.4918385,0.00015399,2017-05-17T19:54:30.143,0.00016761,0.00015403,0.00014116,BTC-ANT,193,4289,0.00015949,2017-11-07T15:25:20.137,325889.86987337
10,0.00076722,3.13569759,0.00074632,2017-05-02T06:26:32.897,0.00076874,0.00076755,0.000725,BTC-APX,188,1876,0.00075148,2017-11-07T15:25:20.777,4188.33274392
11,2.826e-05,43.97739334,2.825e-05,2016-10-13T18:59:37.407,2.905e-05,2.825e-05,2.687e-05,BTC-ARDR,467,4268,2.717e-05,2017-11-07T15:23:30.933,1558094.71075323
12,0.000369,289.06744819,0.0003667,2017-03-21T18:11:29.347,0.000378,0.0003667,0.00033723,BTC-ARK,2068,9706,0.000339,2017-11-07T15:25:17.573,801244.05630469
13,8.668e-05,2.00667156,8.51e-05,2014-03-16T22:00:00,8.777e-05,8.51e-05,8.5e-05,BTC-AUR,106,1584,8.711e-05,2017-11-07T15:25:22.247,23361.51452382
14,1.983e-05,99.7261092,1.975e-05,2017-06-03T22:04:53.82,2.05e-05,1.977e-05,1.91e-05,BTC-BAT,666,12940,1.935e-05,2017-11-07T15:25:23.01,5000447.53335383
15,3.95e-06,119.83350265,3.88e-06,2014-11-18T17:34:21.083,4.89e-06,3.87e-06,3.11e-06,BTC-BAY,286,3926,3.25e-06,2017-11-07T15:25:23.667,29044936.30489231
16,0.0851136,1958.38122901,0.08482169,2017-08-01T18:34:04.967,0.0893,0.08505,0.083959,BTC-BCC,3189,12087,0.08891444,2017-11-07T15:25:21.107,22856.10748245
17,4.664e-05,11.75344254,4.58e-05,2015-09-10T05:28:20.787,4.799e-05,4.56e-05,4.145e-05,BTC-BCY,129,2896,4.268e-05,2017-11-07T15:25:23.137,265128.88361639
18,3.9e-07,8.79830072,3.8e-07,2015-02-15T23:07:32.777,3.9e-07,3.8e-07,3.6e-07,BTC-BITB,517,5117,3.7e-07,2017-11-07T15:19:10.007,23269692.84258241
19,0.00012248,5.7728954,0.00012061,2014-11-13T20:20:21.443,0.00012586,0.00012001,0.00011603,BTC-BLITZ,143,2610,0.00011955,2017-11-07T15:21:17.68,47842.76875828
20,3.098e-05,21.00534256,3.073e-05,2014-03-14T09:00:00,3.285e-05,3.072e-05,2.916e-05,BTC-BLK,196,4604,3.014e-05,2017-11-07T15:24:57.26,675339.95815813
21,0.00303545,32.23158272,0.00296091,2014-10-29T06:45:03.97,0.00303752,0.00303752,0.00246868,BTC-BLOCK,273,1495,0.00247433,2017-11-07T15:25:24.027,11425.5043094
22,0.00026171,10.55586169,0.00026084,2017-06-22T21:36:30.85,0.00027499,0.00026171,0.00025519,BTC-BNT,136,3314,0.00025525,2017-11-07T15:21:49.04,39981.01471113
23,2.129e-05,4.0944019,2.128e-05,2016-06-13T02:27:33.34,2.252e-05,2.099e-05,2.026e-05,BTC-BRK,130,2206,2.156e-05,2017-11-07T15:25:06.87,191045.8439142
24,6.962e-05,17.22351327,6.888e-05,2016-07-10T21:25:05.127,7.207e-05,6.874e-05,6.251e-05,BTC-BRX,142,2034,6.706e-05,2017-11-07T15:25:06.323,255933.25646867
25,8.148e-05,7.72107107,8.147e-05,2016-02-17T00:54:23.677,8.6e-05,8.148e-05,8.078e-05,BTC-BSD,192,2036,8.49e-05,2017-11-07T15:25:12.37,92340.8425126
26,0.01761969,8.24448526,0.0175,2014-07-14T06:05:04.567,0.01790817,0.01761969,0.01593002,BTC-BTCD,165,712,0.01739999,2017-11-07T15:23:32.183,480.01224125
27,0.0,63.85828478,0.0,2014-11-24T08:18:16.53,9.98e-06,8.86e-06,8.44e-06,BTC-BTS,229,4558,8.63e-06,2017-11-05T04:00:22.963,6871090.19001538
28,8.3e-07,13.51321944,8.1e-07,2014-09-16T07:41:56.047,8.8e-07,8.3e-07,7.5e-07,BTC-BURST,314,6357,8.2e-07,2017-11-07T15:17:25.287,16659491.88103283
29,0.0001289,160.09957496,0.0001272,2014-11-03T19:02:45.96,0.00016843,0.0001289,7.455e-05,BTC-BYC,285,1107,7.499e-05,2017-11-07T15:25:23.607,1223497.89481271
30,3.7e-06,24.02160878,3.68e-06,2014-08-10T06:48:44.83,4.49e-06,3.7e-06,3.58e-06,BTC-CANN,261,6247,4.09e-06,2017-11-07T15:24:07.887,5971766.20032657
31,1.277e-05,102.42068224,1.266e-05,2017-06-19T19:59:14.78,1.589e-05,1.278e-05,1.204e-05,BTC-CFI,241,5373,1.26e-05,2017-11-07T15:22:30.197,7293008.93890362
32,0.00068971,7.44449712,0.00068176,2015-04-18T22:04:25.183,0.00072071,0.00068125,0.00064184,BTC-CLAM,235,1467,0.00066003,2017-11-07T15:25:23.573,10802.3876196
33,0.000681,19.28380495,0.00067829,2014-06-04T08:53:18.563,0.0007666,0.00068994,0.00060111,BTC-CLOAK,303,2842,0.00066686,2017-11-07T15:25:23.56,28369.39436869
34,0.00021451,63.52229413,0.0002145,2015-12-18T00:30:10.31,0.00021878,0.00021451,0.0001996,BTC-CLUB,405,1828,0.00020118,2017-11-07T15:25:17.34,303360.73223526
35,6.9e-07,9.74663184,6.8e-07,2015-01-22T19:11:45.903,7.1e-07,6.9e-07,6.4e-07,BTC-COVAL,302,4726,7e-07,2017-11-07T15:19:42.553,14275160.28142558
36,5.07e-05,17.93241317,5.025e-05,2015-07-25T06:30:32.53,6.1e-05,5.071e-05,5.004e-05,BTC-CPC,108,2775,5.979e-05,2017-11-07T15:25:21.73,322783.27562152
37,5.253e-05,235.94776678,5.245e-05,2017-06-13T19:40:35.203,6.999e-05,5.245e-05,4.328e-05,BTC-CRB,133,2970,4.355e-05,2017-11-07T15:25:21.59,3913391.73754993
38,0.00021606,16.30741894,0.000216,2017-03-06T21:10:15.663,0.000216,0.000216,0.0001883,BTC-CRW,198,1615,0.00019789,2017-11-07T15:25:13.497,82307.51462836
39,4.461e-05,87.08432611,4.398e-05,2014-05-13T09:00:00,6.146e-05,4.398e-05,4.23e-05,BTC-CURE,325,2205,5.72e-05,2017-11-07T15:25:24.01,1650828.50742345
40,4.048e-05,141.71846996,4.005e-05,2017-07-16T23:04:18.867,4.18e-05,4.048e-05,3.913e-05,BTC-CVC,835,12015,3.921e-05,2017-11-07T15:25:16.667,3498098.95313126
41,0.04025826,503.86044335,0.0401,2014-03-11T08:00:00,0.0421155,0.04025826,0.0382,BTC-DASH,1224,6080,0.03825313,2017-11-07T15:25:19.34,12534.71577841
42,0.00406428,49.95857444,0.00400014,2016-02-09T21:06:51.577,0.0042,0.00406433,0.00379999,BTC-DCR,530,4640,0.00384014,2017-11-07T15:25:23.62,12365.41404685
43,5.999e-05,12.5967431,5.922e-05,2017-06-30T16:35:24.643,6.298e-05,5.922e-05,5.7e-05,BTC-DCT,159,4815,5.891e-05,2017-11-07T15:23:53.057,211018.40009659
44,1.2e-06,235.9926555,1.19e-06,2014-08-20T07:09:57.207,1.27e-06,1.19e-06,1.15e-06,BTC-DGB,965,25405,1.17e-06,2017-11-07T15:25:18.107,195162074.3231054
45,0.0090742,6.15017528,0.00904826,2016-06-14T16:25:12.063,0.00916,0.0090742,0.00856101,BTC-DGD,153,1089,0.00879497,2017-11-07T15:18:09.833,688.61171304
46,0.00118789,41.63327794,0.00115921,2015-05-01T17:31:24.97,0.00144435,0.00115922,0.00089003,BTC-DMD,339,1715,0.00091666,2017-11-07T15:25:23.903,36355.92379694
47,5.52e-06,28.20183029,5.42e-06,2017-08-04T02:09:02.873,5.95e-06,5.52e-06,5.28e-06,BTC-DNT,146,1964,5.62e-06,2017-11-07T15:24:54.357,4968855.45882658
48,1.7e-07,29.69861495,1.6e-07,2014-02-13T00:00:00,1.7e-07,1.7e-07,1.5e-07,BTC-DOGE,1645,18025,1.6e-07,2017-11-07T15:24:02.433,180943133.48009112
49,3.04e-06,31.3532717,2.94e-06,2014-10-17T19:09:32.6,3.88e-06,3.03e-06,2.83e-06,BTC-DOPE,284,3390,3.63e-06,2017-11-07T15:25:16.01,9798717.72660999
50,6.079e-05,6.42132842,5.917e-05,2017-04-01T04:06:13.887,6.366e-05,5.916e-05,5.38e-05,BTC-DTB,141,3069,5.43e-05,2017-11-07T15:23:46.743,110784.40374049
51,0.000433,1.640912,0.00042526,2017-03-23T00:10:19.403,0.0004499,0.00042526,0.000418,BTC-DYN,152,922,0.00041897,2017-11-07T15:23:05.26,3802.93299972
52,1.5e-05,7.59929073,1.472e-05,2016-09-15T15:47:38.92,1.541e-05,1.5e-05,1.425e-05,BTC-EBST,149,4420,1.462e-05,2017-11-07T15:25:22.137,510866.57801801
53,7.8e-05,39.4646823,7.794e-05,2017-04-18T00:56:59.243,7.799e-05,7.794e-05,7.153e-05,BTC-EDG,323,6198,7.398e-05,2017-11-07T15:24:43.543,526274.79394627
54,1.725e-05,1.44563448,1.696e-05,2014-03-20T20:00:00,1.75e-05,1.696e-05,1.626e-05,BTC-EFL,126,1582,1.637e-05,2017-11-07T15:23:53.7,86157.66567627
55,3.17e-05,4.13237369,3.169e-05,2016-01-18T21:01:43.837,3.2e-05,3.169e-05,2.991e-05,BTC-EGC,256,2893,3.143e-05,2017-11-07T15:19:13.57,133649.03984506
56,8.78e-05,70.02430536,8.75e-05,2016-01-06T05:28:04.553,0.00010274,8.75e-05,8.327e-05,BTC-EMC,256,3109,8.31e-05,2017-11-07T15:25:16.87,754105.05858145
57,9.21e-06,113.51967954,9.12e-06,2014-12-24T00:00:00,9.83e-06,9.11e-06,8.28e-06,BTC-EMC2,362,7058,8.44e-06,2017-11-07T15:25:13.933,12682359.12302279
58,1.762e-05,29.72878666,1.724e-05,2014-05-04T00:00:00,2.025e-05,1.771e-05,1.477e-05,BTC-ENRG,254,2284,1.516e-05,2017-11-07T15:25:14.37,1678878.60481987
59,8.093e-05,160.3803395,7.996e-05,2014-05-10T17:00:00,0.0001125,7.996e-05,6.077e-05,BTC-ERC,234,1923,6.075e-05,2017-11-07T15:25:17.463,1840757.12714785
60,0.00190904,571.17227986,0.001901,2016-07-26T18:10:22.82,0.00206832,0.00190904,0.00189387,BTC-ETC,1055,8252,0.00202401,2017-11-07T15:25:23.683,286141.7112194
61,0.04116654,2861.23687958,0.04109,2015-08-14T09:02:24.817,0.04340655,0.04109,0.04021202,BTC-ETH,3992,20105,0.0413252,2017-11-07T15:25:18.62,68048.45259142
62,0.0001725,5.16130365,0.00017249,2014-09-28T20:33:27.633,0.00018843,0.0001725,0.00016702,BTC-EXCL,206,1515,0.00019379,2017-11-07T15:24:56.107,29454.4183809
63,0.00025353,45.80602504,0.00025,2015-09-16T17:10:15.253,0.00029499,0.00025,0.00024102,BTC-EXP,189,4166,0.00024083,2017-11-07T15:25:19.917,173471.77086315
64,0.00011997,1.65903971,0.00011802,2014-12-12T19:51:07.703,0.000124,0.00011997,0.00011504,BTC-FAIR,241,931,0.0001229,2017-11-07T15:20:01.35,13646.68484375
65,0.0024475,201.85340374,0.00239548,2016-01-09T03:47:07.803,0.00248,0.00239529,0.00200017,BTC-FCT,615,3854,0.00200007,2017-11-07T15:25:23.607,89684.27952224
66,1.48e-06,13.03465276,1.47e-06,2015-02-23T23:01:53.92,1.57e-06,1.47e-06,1.44e-06,BTC-FLDC,289,3723,1.47e-06,2017-11-07T15:13:29.403,8678898.07661867
67,1.202e-05,14.74362108,1.19e-05,2015-03-11T05:43:30.193,1.272e-05,1.184e-05,1.052e-05,BTC-FLO,188,2387,1.068e-05,2017-11-07T15:25:18.2,1276048.37460777
68,1.592e-05,147.13464994,1.59e-05,2014-02-13T00:00:00,1.702e-05,1.601e-05,1.345e-05,BTC-FTC,957,5282,1.657e-05,2017-11-07T15:25:19.667,9392213.09143286
69,2.18e-06,109.57143166,2.15e-06,2017-07-04T18:45:47.13,2.3e-06,2.18e-06,1.96e-06,BTC-FUN,264,6199,2.09e-06,2017-11-07T15:25:18.2,50150956.0487552
70,0.00101862,1.40911816,0.00099553,2015-05-05T22:38:44.963,0.0010189,0.00099489,0.00093348,BTC-GAM,107,829,0.00095202,2017-11-07T15:25:24.26,1426.900277
71,0.000235,66.98719377,0.00023454,2015-04-08T04:09:53.013,0.00024778,0.00023454,0.00022714,BTC-GAME,249,5383,0.00023302,2017-11-07T15:20:50.413,284039.29290272
72,1.538e-05,21.99956938,1.52e-05,2017-02-12T00:38:21.023,1.7e-05,1.52e-05,1.44e-05,BTC-GBG,167,2926,1.443e-05,2017-11-07T15:22:02.383,1377783.16798689
73,0.02357567,87.46407971,0.0234,2017-04-13T20:46:39.83,0.0253,0.02334162,0.02070022,BTC-GBYTE,363,3569,0.02135522,2017-11-07T15:24:14.463,3713.24604697
74,6.76e-06,21.82211301,6.63e-06,2015-08-24T00:25:28.933,8.24e-06,6.63e-06,6.46e-06,BTC-GCR,91,3988,6.51e-06,2017-11-07T15:21:15.07,2936435.59546805
75,0.00014104,7.96257012,0.00013845,2015-02-21T03:29:43.267,0.00014905,0.00013841,0.00013503,BTC-GEO,232,2681,0.00013738,2017-11-07T15:25:22.713,56292.86519886
76,2.1e-05,4.75494935,2.052e-05,2014-03-22T16:00:00,2.152e-05,2.095e-05,1.919e-05,BTC-GLD,273,2203,1.973e-05,2017-11-07T15:25:21.713,234941.54797691
77,0.00861988,10.24305528,0.00850183,2017-04-28T02:43:12,0.0087571,0.00861927,0.00837988,BTC-GNO,156,2293,0.00845104,2017-11-07T15:25:18.59,1193.79851404
78,2.687e-05,114.86775004,2.683e-05,2017-04-17T21:35:59.26,2.8e-05,2.687e-05,2.567e-05,BTC-GNT,473,10534,2.65e-05,2017-11-07T15:24:11.48,4268474.51061416
79,1.63e-05,6.49204007,1.612e-05,2017-01-19T23:23:12.41,1.658e-05,1.63e-05,1.54e-05,BTC-GOLOS,190,2137,1.571e-05,2017-11-07T15:15:12.563,406632.76814188
80,5.68e-06,7.93668208,5.6e-06,2015-02-27T19:57:02.82,5.69e-06,5.69e-06,5.08e-06,BTC-GRC,241,3577,5.19e-06,2017-11-07T15:20:22.883,1468482.30615318
81,9.07e-05,1225.67188043,9.051e-05,2014-04-03T05:00:00,0.0001085,9.051e-05,8.7e-05,BTC-GRS,1784,5283,9.391e-05,2017-11-07T15:25:17.45,12539986.11294817
82,2.156e-05,92.18179233,2.14e-05,2017-04-29T18:08:12.39,2.711e-05,2.14e-05,1.868e-05,BTC-GUP,214,3631,1.93e-05,2017-11-07T15:25:19.667,4146658.91210351
83,1.265e-05,41.5256367,1.243e-05,2017-05-10T00:02:47.373,1.395e-05,1.24e-05,1.2e-05,BTC-HMQ,179,4047,1.234e-05,2017-11-07T15:25:22.45,3198565.35440756
84,2.142e-05,3.08929863,2.141e-05,2017-04-04T21:20:51.083,2.209e-05,2.142e-05,2.093e-05,BTC-INCNT,129,2709,2.182e-05,2017-11-07T05:43:44.113,142340.20175623
85,9.478e-05,3.80904371,9.156e-05,2015-10-03T20:41:41.403,9.535e-05,9.479e-05,8.904e-05,BTC-INFX,179,1548,9.016e-05,2017-11-07T15:25:22.667,41128.64983839
86,0.00035154,101.6707546,0.00034721,2014-07-29T16:57:43.787,0.0004897,0.00035,0.0003,BTC-IOC,213,1937,0.000312,2017-11-07T15:25:23.357,254837.24190944
87,0.00015126,6.24593335,0.00015065,2017-02-18T23:41:17.04,0.000152,0.00015065,0.00014226,BTC-ION,193,2176,0.00014814,2017-11-07T15:23:37.01,42167.9396708
88,0.00031859,55.03813321,0.00031384,2016-12-22T00:54:23.477,0.00033399,0.00031859,0.00029,BTC-IOP,360,5619,0.00031529,2017-11-07T15:25:22.043,173241.89715139
89,0.0003842,544.23792299,0.00038417,2017-02-11T23:04:01.853,0.00040898,0.0003842,0.00036,BTC-KMD,1586,6587,0.00038355,2017-11-07T15:25:20.637,1418975.83800624
90,0.000495,20.6069461,0.00049013,2014-06-17T05:46:29.303,0.00053644,0.000495,0.000475,BTC-KORE,260,2435,0.00050101,2017-11-07T15:24:36.48,40613.77600523
91,2.195e-05,30.80665358,2.167e-05,2016-07-05T21:50:07.81,2.219e-05,2.169e-05,1.995e-05,BTC-LBC,388,8891,2e-05,2017-11-07T15:25:23.2,1437068.59118877
92,0.00012796,122.58138698,0.00012683,2017-04-18T07:37:41.3,0.00014325,0.00012796,0.00011561,BTC-LGD,417,5379,0.00013606,2017-11-07T15:22:18.493,933282.15922951
93,6.3e-06,19.46274905,6.22e-06,2017-02-18T23:55:53.153,6.44e-06,6.22e-06,6.06e-06,BTC-LMC,205,5453,6.19e-06,2017-11-07T15:24:50.747,3142057.72400655
94,0.0006734,351.92063265,0.00067014,2016-05-24T18:49:52.77,0.0007,0.00067014,0.00062458,BTC-LSK,1739,8389,0.00062952,2017-11-07T15:25:21.073,533070.16399802
95,0.008135,1137.24891323,0.0081331,2014-02-13T00:00:00,0.0083,0.008135,0.0076,BTC-LTC,2413,12949,0.007655,2017-11-07T15:25:22.543,144003.64884784
96,0.00070509,10.923769,0.0007,2017-04-30T16:57:03.27,0.00072739,0.0007,0.000655,BTC-LUN,164,4096,0.000655,2017-11-07T15:25:05.903,15780.85393062
97,5.271e-05,53.13441306,5.233e-05,2016-01-18T20:38:22.707,5.5e-05,5.271e-05,4.603e-05,BTC-MAID,330,3911,4.722e-05,2017-11-07T15:25:08.777,1047100.61212021
98,1.8e-06,17.14619421,1.78e-06,2017-10-13T23:32:02.993,1.85e-06,1.78e-06,1.61e-06,BTC-MANA,177,2482,1.6e-06,2017-11-07T15:16:29.3,9877722.15668018
99,0.00081,225.202242,0.00080999,2017-07-02T00:37:16.957,0.00086821,0.00081002,0.00078754,BTC-MCO,470,10111,0.0008,2017-11-07T15:25:19.62,270901.88363887
100,3.194e-05,382.80338703,3.15e-05,2016-04-01T18:24:07.207,4.34e-05,3.15e-05,2.843e-05,BTC-MEME,327,1801,3.675e-05,2017-11-07T15:25:21.073,10575996.11749922
101,0.008178,13.66728409,0.00800003,2017-03-15T19:30:56.167,0.00864404,0.008178,0.00762766,BTC-MLN,112,1498,0.0085005,2017-11-07T15:25:19.59,1695.78720082
102,0.00037545,56.94646185,0.000375,2014-04-18T22:00:00,0.00038239,0.00037545,0.000362,BTC-MONA,472,3819,0.000373,2017-11-07T15:25:13.2,153858.77778263
103,0.00070978,194.04665385,0.00070408,2017-07-08T14:59:57.34,0.00077616,0.00070978,0.00067144,BTC-MTL,539,6214,0.000681,2017-11-07T15:25:03.527,270005.78323218
104,1.459e-05,14.60371069,1.428e-05,2015-04-09T17:31:31.113,1.65e-05,1.428e-05,1.401e-05,BTC-MUE,220,3082,1.47e-05,2017-11-07T15:25:21.87,982368.20327106
105,1.99e-06,36.65855521,1.98e-06,2017-03-27T19:59:13.073,2.52e-06,1.99e-06,1.86e-06,BTC-MUSIC,284,9390,1.88e-06,2017-11-07T15:12:42.497,17480647.2899541
106,8.502e-05,4.06402345,8.5e-05,2017-06-19T19:13:43.73,8.84e-05,8.5e-05,8.5e-05,BTC-MYST,231,3693,8.659e-05,2017-11-07T15:24:03.417,47379.83079242
107,0.000109,77.63505666,0.00010892,2014-07-08T03:37:28.39,0.00011375,0.00010892,0.0001059,BTC-NAV,553,5197,0.00010777,2017-11-07T15:22:14.417,706648.30952583
108,0.00014149,24.42894232,0.00014012,2015-04-08T03:57:37.33,0.000144,0.00014149,0.00013634,BTC-NBT,46,1774,0.00013697,2017-11-07T15:18:13.473,174172.31577885
109,0.0037225,1145.62828185,0.003721,2016-10-26T01:28:31.96,0.00382043,0.003721,0.003604,BTC-NEO,4817,27607,0.00362701,2017-11-07T15:25:15.543,309385.90807605
110,0.0003265,7.19731882,0.00032601,2014-08-20T00:06:59.63,0.0003435,0.000327,0.00031456,BTC-NEOS,264,2046,0.0003435,2017-11-07T15:25:09.387,22155.1088422
111,1.349e-05,26.94266973,1.325e-05,2014-04-04T22:00:00,1.419e-05,1.325e-05,1.196e-05,BTC-NLG,266,3306,1.207e-05,2017-11-07T15:25:21.607,2036318.97189728
112,0.00150991,16.0904579,0.00149028,2017-06-22T21:58:57.657,0.0016,0.00150997,0.00147258,BTC-NMR,144,4356,0.00149,2017-11-07T15:25:14.653,10559.63271104
113,2.731e-05,19.81220494,2.68e-05,2017-04-17T22:51:08.97,2.929e-05,2.731e-05,2.557e-05,BTC-NXC,102,3818,2.787e-05,2017-11-07T15:25:23.48,717914.66956224
114,0.00013685,24.89334385,0.000136,2015-01-25T03:00:35.143,0.0001419,0.00013685,0.00012792,BTC-NXS,524,4200,0.000128,2017-11-07T15:25:11.683,183539.31925666
115,8.2e-06,44.13212581,8.15e-06,2014-03-03T09:00:00,8.27e-06,8.13e-06,7.87e-06,BTC-NXT,350,8429,7.93e-06,2017-11-07T15:24:52.667,5443587.57383733
116,3.472e-05,143.76767309,3.451e-05,2015-05-30T19:26:37.523,3.749e-05,3.451e-05,3.451e-05,BTC-OK,956,10327,3.528e-05,2017-11-07T15:25:07.09,4031575.12718226
117,0.00088968,941.88097873,0.000888,2017-07-16T17:07:42.313,0.00096103,0.000888,0.00086968,BTC-OMG,2320,17518,0.00087454,2017-11-07T15:25:12.26,1023852.0521405
118,0.00334753,12.80537046,0.00330167,2015-11-03T19:13:33.197,0.00335788,0.00330167,0.00296994,BTC-OMNI,276,2315,0.00297006,2017-11-07T15:25:23.137,4018.01069342
119,0.00121914,28.4047255,0.00119456,2017-07-20T18:19:07.157,0.00124999,0.00119488,0.00111,BTC-PART,267,1899,0.00112254,2017-11-07T15:25:23.933,23976.11573335
120,0.00023113,240.48786222,0.00022931,2017-07-07T07:14:00.793,0.00024348,0.00022931,0.00021661,BTC-PAY,988,14491,0.0002169,2017-11-07T15:25:14.26,1045508.78088228
121,1.741e-05,11.72539946,1.73e-05,2016-06-02T04:39:35.21,1.774e-05,1.73e-05,1.435e-05,BTC-PDC,193,2399,1.486e-05,2017-11-07T15:24:46.87,723265.77464485
122,3.27e-06,34.01210763,3.25e-06,2014-07-29T07:41:09.4,3.53e-06,3.27e-06,3e-06,BTC-PINK,248,2925,3.22e-06,2017-11-07T15:22:41.823,10243679.11754037
123,0.00040202,178.57963699,0.00040201,2016-03-02T20:45:37.987,0.00043595,0.00040201,0.000395,BTC-PIVX,912,6483,0.0004338,2017-11-07T15:25:17.37,436126.46044214
124,6.897e-05,26.79599668,6.896e-05,2015-06-03T06:31:14.35,7.864e-05,6.896e-05,6.65e-05,BTC-PKB,322,2570,7.021e-05,2017-11-07T15:22:44.557,374607.39760201
125,1.713e-05,989.95138632,1.707e-05,2014-03-11T08:00:00,2.678e-05,1.713e-05,1.7e-05,BTC-POT,713,4162,2.62e-05,2017-11-07T15:25:24.06,45382911.99855294
126,0.00018724,5.34191238,0.00018719,2014-02-13T00:00:00,0.00019217,0.0001873,0.00018262,BTC-PPC,175,2793,0.00018567,2017-11-07T15:24:44.573,28570.549044
127,4.69e-06,3.39912141,4.65e-06,2014-03-27T18:00:00,4.87e-06,4.7e-06,4.46e-06,BTC-PTC,217,2464,4.78e-06,2017-11-07T15:24:19.167,730327.13486162
128,2.157e-05,84.74468933,2.152e-05,2017-06-18T17:04:24.1,2.59e-05,2.157e-05,2.027e-05,BTC-PTOY,370,6657,2.042e-05,2017-11-07T15:23:56.4,3670743.8479911
129,8.618e-05,7.31229094,8.488e-05,2017-06-10T00:01:39.293,8.613e-05,8.585e-05,8.101e-05,BTC-QRL,341,3515,8.1e-05,2017-11-07T15:25:18.637,87467.07377119
130,0.0015,742.66767841,0.00149998,2017-07-20T19:08:43.473,0.00155801,0.00149998,0.00142935,BTC-QTUM,894,11882,0.00145499,2017-11-07T15:25:24.167,497319.91961432
131,1.897e-05,37.45776387,1.873e-05,2017-03-05T19:30:16.853,2.135e-05,1.898e-05,1.867e-05,BTC-QWARK,245,5221,2.129e-05,2017-11-07T15:24:59.777,1857969.51798594
132,0.00045382,11.27166157,0.00044132,2016-01-26T23:22:16.193,0.00047099,0.00045387,0.00041861,BTC-RADS,124,2035,0.00042299,2017-11-07T15:25:17.027,25548.91855854
133,9.93e-05,10.72124452,9.818e-05,2014-04-05T08:00:00,0.00010556,9.928e-05,9.529e-05,BTC-RBY,1597,6047,9.614e-05,2017-11-07T15:18:45.507,107271.14517782
134,1.6e-07,60.76480941,1.5e-07,2014-02-25T09:00:00,1.6e-07,1.6e-07,1.4e-07,BTC-RDD,1265,18116,1.5e-07,2017-11-07T15:25:01.463,392895375.6572088
135,0.00245781,53.05353893,0.00243006,2016-10-04T15:45:37.14,0.00278,0.00243006,0.00228094,BTC-REP,177,1852,0.00231834,2017-11-07T15:25:23.12,21181.74849377
136,3.495e-05,102.50188294,3.486e-05,2016-06-24T17:00:00.043,3.65e-05,3.495e-05,3.396e-05,BTC-RISE,533,5701,3.476e-05,2017-11-07T15:25:09.637,2919927.27433266
137,7.438e-05,15.39456209,7.398e-05,2017-04-27T00:20:33.857,7.861e-05,7.438e-05,7.3e-05,BTC-RLC,186,3579,7.586e-05,2017-11-07T15:23:26.527,203982.33193739
138,1.22e-06,138.07022804,1.2e-06,2016-02-13T22:14:21.14,1.43e-06,1.2e-06,1.14e-06,BTC-SAFEX,512,6409,1.15e-06,2017-11-07T15:24:14.417,108972932.25542808
139,0.00041671,373.4180203,0.00041394,2017-10-16T17:32:48.777,0.00044108,0.00041394,0.00038142,BTC-SALT,558,1957,0.00038435,2017-11-07T15:25:02.81,921800.1398232
140,0.00014164,7.93356301,0.00013925,2016-07-09T19:02:08.943,0.000143,0.00014011,0.00013207,BTC-SBD,115,1849,0.00013206,2017-11-07T15:24:42.497,57104.41902962
141,5.3e-07,127.626718,5.2e-07,2017-05-22T21:30:29.16,5.4e-07,5.3e-07,4.8e-07,BTC-SC,1066,26906,4.8e-07,2017-11-07T15:23:54.23,245852147.21747655
142,1.754e-05,20.97229682,1.722e-05,2016-09-23T07:10:11.78,1.91e-05,1.721e-05,1.651e-05,BTC-SEQ,147,1721,1.696e-05,2017-11-07T15:24:27.323,1146528.74722549
143,0.0001425,7.9370761,0.00014105,2016-10-11T19:48:35.573,0.00014984,0.00014105,0.000135,BTC-SHIFT,147,2380,0.00014379,2017-11-07T15:21:00.74,55733.91148312
144,0.000153,4.13157839,0.00015013,2017-02-18T22:34:49.373,0.000155,0.00015013,0.00014507,BTC-SIB,124,2419,0.00014695,2017-11-07T15:18:37.083,27415.48920523
145,4.947e-05,34.78912199,4.939e-05,2014-03-23T06:00:00,5.274e-05,4.888e-05,3.88e-05,BTC-SLR,287,1977,3.9e-05,2017-11-07T15:25:24.027,759019.00172512
146,0.001952,10.88908195,0.00191162,2016-01-20T22:24:04.65,0.00204572,0.00197976,0.00171,BTC-SLS,205,1747,0.0017849,2017-11-07T15:25:21.51,5757.76574433
147,2.785e-05,459.50517414,2.78e-05,2016-10-02T22:16:04.773,3.653e-05,2.785e-05,2.113e-05,BTC-SNGLS,379,1947,2.209e-05,2017-11-07T15:25:23.823,15678084.73737893
148,0.00021903,17.24279127,0.00021487,2015-06-03T06:27:04.623,0.000237,0.00021904,0.000185,BTC-SNRG,290,1694,0.00019431,2017-11-07T15:25:24.027,84913.54752902
149,4.24e-06,96.77504565,4.21e-06,2017-06-28T18:26:15.73,4.33e-06,4.24e-06,4.08e-06,BTC-SNT,375,10248,4.18e-06,2017-11-07T15:25:22.37,23011056.11585438
150,0.0003972,6.62538964,0.0003915,2015-05-18T22:45:47.093,0.00040013,0.00039002,0.00037988,BTC-SPHR,137,1303,0.00038211,2017-11-07T15:25:24.153,17017.86787657
151,4.4e-05,14.66952103,4.398e-05,2014-12-19T02:33:07.747,4.595e-05,4.398e-05,4.101e-05,BTC-SPR,262,3403,4.298e-05,2017-11-07T15:24:43.2,338369.49425939
152,6.26e-06,13.47727101,6.11e-06,2014-06-14T07:09:15.327,7.21e-06,6.26e-06,6.1e-06,BTC-START,346,5900,6.9e-06,2017-11-07T15:25:19.81,2058271.69931309
153,0.00012295,74.30308959,0.00012201,2016-04-17T01:22:13.35,0.00013,0.0001225,0.00011906,BTC-STEEM,467,7611,0.00012172,2017-11-07T15:24:18.23,599264.28521747
154,7.241e-05,152.80993288,7.174e-05,2017-07-11T21:14:32.643,7.41e-05,7.241e-05,6.464e-05,BTC-STORJ,625,6698,6.612e-05,2017-11-07T15:25:12.777,2179313.31480948
155,0.00042245,334.66160791,0.00042022,2016-08-10T23:26:39.657,0.00044732,0.0004202,0.00041003,BTC-STRAT,1642,22233,0.00042265,2017-11-07T15:23:24.09,781465.12929539
156,0.00015299,51.24688095,0.00015181,2014-10-03T19:16:23.143,0.0001885,0.00015299,0.00014304,BTC-SWIFT,246,2005,0.00014457,2017-11-07T15:24:43.31,300905.21932847
157,0.00017446,6.6705272,0.00017414,2017-03-08T22:32:26.03,0.000179,0.00017415,0.00015394,BTC-SWT,116,1738,0.00017789,2017-11-07T15:21:48.977,39656.50095732
158,3.395e-05,37.79110456,3.352e-05,2016-08-25T21:23:15.27,3.709e-05,3.352e-05,3.253e-05,BTC-SYNX,181,2415,3.31e-05,2017-11-07T15:25:13.56,1099969.39793181
159,2.86e-05,158.5596167,2.857e-05,2014-08-16T19:57:48.823,2.892e-05,2.857e-05,2.732e-05,BTC-SYS,876,8139,2.774e-05,2017-11-07T15:25:18.137,5594917.49400382
160,2.32e-06,233.6317075,2.28e-06,2014-04-29T21:00:00,3.66e-06,2.32e-06,2.22e-06,BTC-THC,477,3986,3.27e-06,2017-11-07T15:24:19.183,81620684.98442942
161,0.0033454,2.88578213,0.00329715,2017-03-09T00:44:08.673,0.00336982,0.00334542,0.0032935,BTC-TIME,127,1584,0.00330242,2017-11-07T15:25:14.76,872.15357799
162,2.48e-05,26.52936698,2.472e-05,2017-10-25T21:01:08.287,2.739e-05,2.491e-05,2.413e-05,BTC-TIX,126,2275,2.475e-05,2017-11-07T15:25:24.107,1038765.95299269
163,0.00014936,23.9970161,0.00014667,2017-05-08T17:09:34.91,0.00016,0.00014898,0.00014546,BTC-TKN,174,3433,0.00015292,2017-11-07T15:25:16.903,158763.40043865
164,0.00025819,28.07444551,0.00025135,2017-03-23T00:48:15.94,0.000285,0.00025871,0.00022098,BTC-TKS,161,1464,0.00022526,2017-11-07T15:25:23.777,110034.89944399
165,8.338e-05,127.95635829,8.23e-05,2016-09-08T05:59:08.183,8.909e-05,8.238e-05,7.803e-05,BTC-TRIG,464,8793,8.299e-05,2017-11-07T15:25:21.653,1521361.92648971
166,3.441e-05,18.64935422,3.404e-05,2017-04-19T04:53:43.893,3.68e-05,3.441e-05,3.328e-05,BTC-TRST,246,3737,3.408e-05,2017-11-07T15:25:23.137,531438.93421991
167,1.671e-05,33.60240328,1.654e-05,2014-07-07T05:46:18.71,1.986e-05,1.654e-05,1.471e-05,BTC-TRUST,289,2089,1.599e-05,2017-11-07T15:25:20.777,1916914.18032087
168,0.00029311,30.66565189,0.00028861,2015-09-02T08:02:54.3,0.00030598,0.00029,0.0002851,BTC-TX,386,803,0.00029,2017-11-07T15:25:24.027,103988.25174718
169,0.0001602,34.27273083,0.00015999,2017-02-08T17:00:59.02,0.000165,0.00015999,0.00014771,BTC-UBQ,615,7583,0.00015068,2017-11-07T15:24:40.213,218717.62265923
170,3.88e-05,4.29206222,3.822e-05,2016-08-24T21:39:28.357,3.949e-05,3.879e-05,3.581e-05,BTC-UNB,145,1624,3.727e-05,2017-11-07T15:18:41.91,114194.71228306
171,0.00021094,58.6827074,0.00020907,2014-07-18T00:20:00.393,0.00022,0.00021103,0.0002056,BTC-VIA,472,3267,0.00021301,2017-11-07T15:25:22.59,277577.25431401
172,5.64e-06,44.94758372,5.53e-06,2015-12-30T04:21:47.31,6.49e-06,5.52e-06,5.26e-06,BTC-VOX,272,5943,5.94e-06,2017-11-07T15:24:29.887,7691686.1558288
173,7.61e-05,109.03934382,7.576e-05,2014-05-13T07:00:00,8.7e-05,7.576e-05,7.044e-05,BTC-VRC,500,2566,8.028e-05,2017-11-07T15:25:09.183,1377229.45962317
174,0.0004341,7.76871959,0.00042538,2016-09-16T04:52:17.637,0.00044711,0.00042538,0.00040502,BTC-VRM,213,1510,0.00041502,2017-11-07T15:24:52.713,18156.53469375
175,0.000508,952.74864784,0.00050667,2014-02-13T00:00:00,0.00054695,0.000508,0.00047569,BTC-VTC,2955,8506,0.000525,2017-11-07T15:24:30.277,1854606.48731662
176,2.996e-05,55.82000423,2.95e-05,2014-12-19T02:33:10.943,3.304e-05,2.996e-05,2.441e-05,BTC-VTR,249,1971,2.513e-05,2017-11-07T15:25:21.01,1930162.21167109
177,0.00051818,341.35360512,0.000516,2016-06-19T15:46:31.167,0.0005321,0.000516,0.00046,BTC-WAVES,1266,11388,0.00048239,2017-11-07T15:25:18.043,673765.34429198
178,5.237e-05,12.78985649,5.181e-05,2017-04-26T22:34:24.49,5.544e-05,5.237e-05,5.09e-05,BTC-WINGS,136,5104,5.202e-05,2017-11-07T15:24:34.027,239589.7060579
179,2.54e-05,4.56053736,2.499e-05,2016-09-25T00:15:16.103,2.54e-05,2.54e-05,2.426e-05,BTC-XAUR,89,1438,2.475e-05,2017-11-07T15:24:44.76,183423.18496247
180,0.00174911,35.29538771,0.00172523,2015-02-14T04:20:41,0.00185,0.00174911,0.0015793,BTC-XCP,459,3449,0.00157601,2017-11-07T15:25:01.51,20199.44565438
181,3.2e-07,12.25811411,3.1e-07,2014-06-21T18:37:57.64,3.3e-07,3.2e-07,3e-07,BTC-XDN,623,6592,3.2e-07,2017-11-07T15:15:45.237,38856609.66240759
182,3.95e-05,185.56898604,3.876e-05,2017-07-01T17:38:44.883,4.921e-05,3.95e-05,3.746e-05,BTC-XEL,346,7253,3.79e-05,2017-11-07T15:25:15.01,4348940.5564396
183,2.535e-05,239.84878207,2.534e-05,2015-04-10T21:06:00.043,2.689e-05,2.535e-05,2.393e-05,BTC-XEM,1146,12033,2.536e-05,2017-11-07T15:24:56.87,9423949.487804
184,4.33e-06,1124.40998042,4.32e-06,2015-11-17T20:06:44.92,4.8e-06,4.31e-06,3.75e-06,BTC-XLM,1699,15711,3.78e-06,2017-11-07T15:25:18.963,260363848.12535614
185,3.26e-05,9.09600066,3.257e-05,2014-11-10T06:25:07.533,3.65e-05,3.26e-05,3.205e-05,BTC-XMG,308,2274,3.568e-05,2017-11-07T15:24:59.12,263297.55319249
186,0.0136823,1016.9634605,0.013598,2014-06-04T07:38:39.24,0.014997,0.0136823,0.0129,BTC-XMR,1508,7142,0.01309999,2017-11-07T15:25:23.2,73179.89871352
187,4.1e-07,22.7802628,4e-07,2014-03-15T08:00:00,4.5e-07,4e-07,3.7e-07,BTC-XMY,440,4811,3.7e-07,2017-11-07T15:15:51.83,55556261.46553636
188,2.881e-05,989.51207118,2.878e-05,2014-12-22T19:30:27.45,2.931e-05,2.871e-05,2.773e-05,BTC-XRP,2383,26609,2.785e-05,2017-11-07T15:25:16.59,34670436.09597585
189,2.346e-05,17.11641546,2.287e-05,2014-07-09T20:33:00.59,2.535e-05,2.286e-05,2.171e-05,BTC-XST,219,1344,2.208e-05,2017-11-07T15:25:18.137,723836.93762785
190,0.00012342,433.46992657,0.000121,2016-03-12T19:37:38.863,0.00018694,0.000121,0.00012,BTC-XVC,668,3042,0.00017191,2017-11-07T15:25:22.59,2785986.36288984
191,1.06e-06,2186.50676401,1.05e-06,2016-02-17T22:42:03.61,1.31e-06,1.05e-06,9.5e-07,BTC-XVG,3340,16340,1.29e-06,2017-11-07T15:25:14.573,1961763763.6190326
192,7.09e-06,33.33428824,7.03e-06,2014-04-14T00:00:00,8e-06,7.13e-06,6.71e-06,BTC-XWC,487,1440,7.53e-06,2017-11-07T15:25:16.107,4389021.40465321
193,0.00211951,117.51966509,0.00210943,2016-10-20T04:48:30.387,0.00228,0.00211951,0.002054,BTC-XZC,885,3672,0.00208256,2017-11-07T15:25:23.23,54283.54052354
194,0.0002546,18.91299439,0.000252,2016-11-15T20:29:59.73,0.000255,0.000252,0.00023303,BTC-ZCL,210,5206,0.00023798,2017-11-07T15:25:21.607,77630.19538133
195,0.03299992,317.46257453,0.03293113,2016-10-28T17:13:10.833,0.03382818,0.03299992,0.0314,BTC-ZEC,930,11193,0.0315,2017-11-07T15:25:20.137,9743.64002907
196,0.00291528,152.63433262,0.00289359,2017-06-05T16:39:49.07,0.0031,0.00289359,0.002819,BTC-ZEN,1684,4449,0.00294999,2017-11-07T15:24:07.933,52058.67599917
197,0.00123103,476.76250557,0.00119148,2017-06-11T17:33:06.127,0.00172,0.00123357,0.00103153,ETH-1ST,111,337,0.00108472,2017-11-07T15:25:24.027,350264.6558387
198,6.656e-05,79.20496796,6.5e-05,2017-07-03T21:08:06.22,7.34e-05,6.5e-05,6.31e-05,ETH-ADT,69,536,6.447e-05,2017-11-07T15:25:15.903,1184873.88102658
199,0.00303579,613.19959112,0.00302371,2017-07-11T22:42:17.78,0.0033389,0.00302977,0.00289343,ETH-ADX,187,577,0.00293707,2017-11-07T15:25:20.137,195967.7104166
200,0.0038236,246.89164869,0.00376001,2017-05-19T15:55:11.293,0.00399598,0.00387865,0.00330006,ETH-ANT,86,411,0.00399666,2017-11-07T15:24:12.73,68201.02243217
201,0.00048697,157.6909009,0.00048188,2017-06-03T22:04:52.38,0.000487,0.00048188,0.00046003,ETH-BAT,181,1085,0.00046553,2017-11-07T15:25:19.277,332915.35202669
202,2.06999868,2948.000799,2.04949401,2017-08-01T18:34:04.763,2.1878999,2.06999871,1.96000003,ETH-BCC,437,447,2.18789988,2017-11-07T15:25:20.167,1449.39274253
203,0.00640899,105.54652462,0.00630792,2017-06-22T21:36:30.867,0.00640899,0.00640763,0.00621213,ETH-BNT,69,411,0.00624048,2017-11-07T15:25:20.56,16850.66253048
204,0.0,26.34440146,0.0,2017-08-04T18:01:27.853,0.00017062,0.00015172,0.00013,ETH-BTS,74,212,0.00014932,2017-11-05T04:03:45.967,175120.1443082
205,0.00031239,163.48018608,0.00030589,2017-06-19T19:59:14.89,0.00037576,0.00030588,0.00029,ETH-CFI,104,430,0.00030908,2017-11-07T15:24:41.573,498459.51682036
206,0.0013,173.134711,0.00122603,2017-06-13T19:40:35.217,0.00164498,0.0012729,0.0010229,ETH-CRB,62,173,0.00104409,2017-11-07T15:25:23.637,128379.37156468
207,0.00099429,391.09836407,0.0009805,2017-07-16T23:04:18.99,0.00099398,0.0009805,0.00092,ETH-CVC,186,1020,0.000951,2017-11-07T15:25:19.56,405282.43835333
208,0.988765,395.34251521,0.974,2017-07-14T17:10:05.143,0.99999999,0.97958872,0.909009,ETH-DASH,133,224,0.91999959,2017-11-07T15:24:31.887,412.02752077
209,2.947e-05,139.42322122,2.909e-05,2017-08-04T18:01:27.777,2.952e-05,2.905e-05,2.754e-05,ETH-DGB,74,601,2.831e-05,2017-11-07T15:25:24.23,4812331.04280851
210,0.22699476,11.04515306,0.21703107,2016-06-17T18:51:39.087,0.22699978,0.22699928,0.20593881,ETH-DGD,67,193,0.20925303,2017-11-07T15:25:23.62,52.10772773
211,0.00013694,89.54983608,0.00013207,2017-08-04T02:09:02.887,0.0001463,0.00013503,0.00012835,ETH-DNT,60,374,0.00013647,2017-11-07T15:25:10.293,659931.04622392
212,0.04656332,868.56391377,0.04640255,2016-07-28T21:45:59.05,0.04902917,0.0464998,0.04615162,ETH-ETC,194,1033,0.04902937,2017-11-07T15:25:21.213,18303.30819725
213,0.05913305,171.91753999,0.05913302,2017-08-04T18:01:27.853,0.05976,0.05913302,0.04755237,ETH-FCT,68,170,0.04781535,2017-11-07T15:25:15.963,3229.36618625
214,5.313e-05,140.80024222,5.149e-05,2017-07-04T18:45:47.143,5.443e-05,5.313e-05,4.7e-05,ETH-FUN,104,835,5.103e-05,2017-11-07T15:24:36.103,2715658.88920082
215,0.20845725,4.88571367,0.20491111,2017-04-30T18:42:52.17,0.2112,0.20846403,0.19999938,ETH-GNO,65,263,0.21086854,2017-11-07T15:24:54.73,23.95994987
216,0.00066484,593.78976304,0.00065278,2017-04-20T06:38:51.877,0.00066222,0.00066222,0.00061599,ETH-GNT,213,1419,0.000642,2017-11-07T15:25:23.793,932995.31178734
217,0.00052532,259.68829008,0.00051415,2017-04-30T18:40:42.213,0.000634,0.00052476,0.0004512,ETH-GUP,69,222,0.0004656,2017-11-07T15:25:24.23,514782.16676471
218,0.00031389,77.71055167,0.00030118,2017-05-10T07:27:27.597,0.00033111,0.00030632,0.00028302,ETH-HMQ,69,293,0.00029449,2017-11-07T15:25:22.73,257094.01800698
219,0.0030973,187.38623055,0.00303591,2017-06-17T15:02:02.783,0.00356244,0.0030973,0.00276021,ETH-LGD,75,327,0.00325574,2017-11-07T15:25:24.027,61429.60586691
220,0.19899946,1042.03255364,0.19696265,2017-06-25T03:06:46.83,0.19998348,0.1986003,0.18100002,ETH-LTC,307,530,0.18519999,2017-11-07T15:25:23.933,5482.47629979
221,0.01715155,55.40151541,0.0168134,2017-04-30T18:41:22.84,0.01715166,0.01715166,0.01580807,ETH-LUN,62,283,0.01591477,2017-11-07T15:25:16.56,3395.07812865
222,4.397e-05,40.50933897,4.302e-05,2017-10-13T23:32:03.027,4.525e-05,4.3e-05,3.867e-05,ETH-MANA,72,223,3.803e-05,2017-11-07T15:24:23.323,973660.73303155
223,0.01989999,359.5698147,0.01968506,2017-07-02T00:37:17.05,0.02049996,0.0199,0.019,ETH-MCO,187,1031,0.01932,2017-11-07T15:25:20.183,18353.95559624
224,0.01743045,141.53761847,0.01689062,2017-07-08T14:59:57.37,0.01799422,0.01714241,0.0160001,ETH-MTL,118,528,0.01632,2017-11-07T15:25:19.167,8387.6757902
225,0.00208112,3.28018207,0.00203454,2017-06-19T19:13:43.743,0.0021976,0.00205929,0.0020101,ETH-MYST,44,375,0.00208123,2017-11-07T15:25:17.027,1593.4877659
226,0.0909,1557.41495758,0.0908888,2017-07-21T01:08:49.397,0.0908888,0.0908888,0.0862,ETH-NEO,925,1718,0.08847491,2017-11-07T15:24:19.543,17684.38571531
227,0.03728573,16.32842132,0.03600258,2017-06-22T21:58:57.657,0.04,0.03728574,0.03435706,ETH-NMR,98,428,0.03655436,2017-11-07T15:25:16.433,449.93351629
228,0.02183649,1769.40788518,0.02165838,2017-07-16T17:07:42.41,0.0225,0.02178912,0.02085,ETH-OMG,560,2136,0.02108388,2017-11-07T15:25:21.667,81424.64032284
229,0.00559995,705.8928352,0.00550285,2017-07-07T07:14:00.873,0.00575931,0.00559992,0.00520201,ETH-PAY,307,1679,0.00526,2017-11-07T15:25:23.903,129973.64705106
230,0.00053398,195.95535371,0.00051738,2017-06-18T17:04:24.147,0.00061394,0.00053469,0.00048652,ETH-PTOY,79,532,0.00052192,2017-11-07T15:25:23.713,359188.53302051
231,0.00207748,13.77625624,0.00203491,2017-06-11T17:33:06.14,0.0020775,0.00207749,0.00190001,ETH-QRL,94,192,0.00204259,2017-11-07T15:25:19.213,6875.69668279
232,0.03664613,1308.89249643,0.03630085,2017-07-20T19:08:43.473,0.03736976,0.03630086,0.034,ETH-QTUM,366,1017,0.0355974,2017-11-07T15:25:23.027,36415.4086383
233,0.06092692,153.68339747,0.05875672,2017-04-20T06:43:49.19,0.06869237,0.058753,0.05519379,ETH-REP,100,179,0.05662639,2017-11-07T15:25:23.81,2624.62908244
234,0.00182595,29.574392,0.00177525,2017-04-30T18:41:22.823,0.00186341,0.00177126,0.00175,ETH-RLC,64,282,0.0018589,2017-11-07T15:25:06.073,16228.24989297
235,0.01012509,965.55105718,0.00996229,2017-10-16T17:32:48.84,0.01042752,0.01005445,0.00900744,ETH-SALT,96,195,0.00921495,2017-11-07T15:25:23.323,99963.36874738
236,1.275e-05,144.50677181,1.261e-05,2017-07-14T17:10:07.74,1.285e-05,1.263e-05,1.149e-05,ETH-SC,140,1167,1.182e-05,2017-11-07T15:25:11.06,11844270.20977758
237,0.00068067,1303.07146195,0.00067593,2017-04-30T18:41:22.853,0.00086196,0.00067763,0.000504,ETH-SNGLS,180,192,0.00053075,2017-11-07T15:25:20.81,1915607.65195166
238,0.00010298,267.17826114,0.00010152,2017-06-28T18:26:15.747,0.00010317,0.00010298,9.702e-05,ETH-SNT,175,1041,0.00010192,2017-11-07T15:24:50.027,2659823.39694407
239,0.00177,124.97937937,0.0017249,2017-07-11T21:14:32.643,0.00178,0.00177,0.00155,ETH-STORJ,128,444,0.00162,2017-11-07T15:25:23.81,76536.72712531
240,0.01036423,247.19961379,0.01016368,2017-08-04T18:01:27.713,0.01047204,0.01015306,0.00985906,ETH-STRAT,230,1174,0.01032375,2017-11-07T15:25:22.73,24423.92928425
241,0.08213298,6.09313182,0.0787831,2017-06-23T18:01:03.323,0.07838918,0.07838918,0.0766623,ETH-TIME,70,135,0.07834608,2017-11-07T15:25:23.887,77.88982641
242,0.000602,51.02567879,0.00058629,2017-10-25T21:01:08.287,0.000635,0.000605,0.00058002,ETH-TIX,36,308,0.0006,2017-11-07T15:24:52.48,83538.01938182
243,0.00364992,39.23753675,0.0035236,2017-05-09T04:43:46.723,0.00383058,0.00364992,0.00335111,ETH-TKN,66,491,0.0038783,2017-11-07T15:25:23.23,10882.91084872
244,0.00083715,65.38700737,0.00081567,2017-05-19T15:55:11.28,0.000882,0.000815,0.000802,ETH-TRST,78,210,0.00081629,2017-11-07T15:24:52.527,78493.0674014
245,0.01279938,273.59854454,0.01249478,2017-08-04T18:00:50.15,0.01280005,0.01240318,0.0111,ETH-WAVES,192,453,0.012,2017-11-07T15:25:22.56,22855.86755079
246,0.00126516,68.98315828,0.001252,2017-04-26T22:16:06.627,0.00129513,0.00126516,0.00123944,ETH-WINGS,48,319,0.00129125,2017-11-07T15:24:41.917,54668.42398792
247,0.00062426,577.193266,0.00061551,2017-07-21T01:08:49.38,0.00063419,0.000625,0.00057261,ETH-XEM,142,550,0.00061745,2017-11-07T15:25:23.903,943741.81557972
248,0.00010706,730.55895525,0.00010569,2017-07-21T01:08:49.38,0.00011195,0.00010569,9e-05,ETH-XLM,230,426,9.2e-05,2017-11-07T15:24:26.667,6999933.03728434
249,0.33599597,913.41171337,0.3284623,2017-07-21T01:08:49.367,0.34985,0.32843586,0.30697505,ETH-XMR,149,267,0.31137448,2017-11-07T15:25:24.26,2759.91533888
250,0.00070146,781.64794102,0.00069601,2017-06-25T03:07:09.677,0.000705,0.00069577,0.000666,ETH-XRP,458,838,0.00068004,2017-11-07T15:25:23.213,1143944.60905569
251,0.799,489.20292872,0.79800022,2017-07-14T17:10:07.8,0.807,0.79800017,0.75149496,ETH-ZEC,265,528,0.765,2017-11-07T15:25:22.7,628.42346696
252,591.0,4782962.22552603,590.21802592,2017-08-01T18:34:04.873,642.79999999,591.0,585.012,USDT-BCC,1270,2118,640.71347092,2017-11-07T15:25:21.06,7921.63066502
253,7006.0,41160629.56456727,7000.0,2015-12-11T06:31:40.633,7282.66196574,7006.0,6923.0,USDT-BTC,9587,4030,7200.0,2017-11-07T15:25:21.463,5827.90768646
254,282.0,1035864.98239596,281.55,2017-07-21T01:08:49.413,301.61904399,281.55,272.17444411,USDT-DASH,416,1051,272.1632695,2017-11-07T15:23:09.87,3607.16100366
255,13.39999998,2623255.06251221,13.302,2017-07-14T17:10:10.72,14.72,13.39999999,13.20000001,USDT-ETC,575,2157,14.53659916,2017-11-07T15:25:06.84,186550.03425906
256,288.41,4735411.77242348,288.1000002,2017-04-20T17:26:37.647,304.04122641,288.1000002,285.00000001,USDT-ETH,1730,4304,298.60000004,2017-11-07T15:25:21.683,16035.6783411
257,57.2489993,1776760.75500856,56.9,2017-07-14T17:10:10.72,58.68,57.24899939,54.28713508,USDT-LTC,931,2479,55.2155243,2017-11-07T15:25:22.823,31484.75907006
258,26.19999999,1377854.09294269,26.01,2017-08-04T16:58:43.087,26.5799999,26.01,25.5,USDT-NEO,1317,5021,26.2,2017-11-07T15:24:54.76,52785.56733996
259,6.26279995,1002618.2781191,6.25,2017-09-15T23:49:44.83,6.6999,6.25,6.2,USDT-OMG,922,4773,6.36942,2017-11-07T15:25:06.357,154485.75057193
260,95.92599261,2182903.89785319,95.3000002,2017-07-21T01:08:49.397,104.5,95.3000002,92.93439367,USDT-XMR,495,900,93.63417304,2017-11-07T15:25:19.917,22159.3245403
261,0.20100011,626399.44372545,0.2010001,2017-07-14T17:10:10.737,0.206,0.2010001,0.19934411,USDT-XRP,1153,4267,0.20174,2017-11-07T15:24:42.853,3092351.82206901
262,231.63179998,460043.88897259,229.77,2017-07-14T17:10:10.673,235.99999955,230.0,226.0,USDT-ZEC,728,2855,226.30213137,2017-11-07T15:25:01.653,1990.77062714
263,2.033e-05,1679.96272467,2.025e-05,2017-11-07T07:59:10.913,0.0002001,2.033e-05,1.7e-05,BTC-RCN,608,2201,0.0002,2017-11-07T15:25:22.7,76247150.86663716
264,0.00050236,2878.90861503,0.00049637,2017-11-07T07:59:10.93,0.00089,0.00049637,0.00025124,ETH-RCN,116,242,0.00089,2017-11-07T15:24:56.213,5481122.33797036
