,Ask,BaseVolume,Bid,Created,High,Last,Low,MarketName,OpenBuyOrders,OpenSellOrders,PrevDay,TimeStamp,Volume
0,5.071e-05,571.45606648,5.03e-05,2017-06-06T01:22:35.727,7.245e-05,5.028e-05,4.402e-05,BTC-1ST,287,5798,4.448e-05,2017-11-07T14:59:56.87,9863786.07036449
1,8.6e-07,28.03830205,8.5e-07,2016-05-16T06:44:15.287,9.9e-07,8.7e-07,7.9e-07,BTC-2GIVE,320,2262,8.1e-07,2017-11-07T15:00:02.45,31945081.77319185
2,8.5e-07,17.36921175,8.3e-07,2014-10-31T01:43:25.743,9.9e-07,8.5e-07,8e-07,BTC-ABY,269,4896,8.6e-07,2017-11-07T14:56:00.99,19721920.1001309
3,3.12e-06,584.29386027,3.11e-06,2017-09-29T07:01:58.873,3.35e-06,3.12e-06,2.94e-06,BTC-ADA,1581,9314,2.97e-06,2017-11-07T14:59:38.73,185741574.47828808
4,2.72e-06,22.88105514,2.68e-06,2017-07-03T21:08:06.11,2.99e-06,2.67e-06,2.61e-06,BTC-ADT,158,3149,2.65e-06,2017-11-07T14:59:31.653,8169090.22830189
5,0.00012678,536.42323782,0.00012676,2017-07-11T22:42:17.78,0.0001429,0.00012676,0.0001199,BTC-ADX,698,8805,0.00011998,2017-11-07T14:59:59.403,4077223.67360064
6,0.000215,15.99605745,0.00021322,2015-07-31T00:50:47.11,0.00021999,0.00021322,0.00019103,BTC-AEON,253,2143,0.00020235,2017-11-07T14:50:53.3,76514.48002476
7,5.031e-05,2.89317391,4.976e-05,2015-11-10T00:53:59.643,5.117e-05,5.014e-05,4.74e-05,BTC-AGRS,200,2516,4.695e-05,2017-11-07T14:59:55.137,58645.17980437
8,2.099e-05,22.81447396,2.054e-05,2015-11-03T19:13:55.18,2.176e-05,2.088e-05,1.951e-05,BTC-AMP,157,5690,2.055e-05,2017-11-07T15:00:13.31,1098302.37096303
9,0.00015615,49.12201212,0.00015395,2017-05-17T19:54:30.143,0.00016761,0.00015621,0.00014116,BTC-ANT,193,4287,0.00015907,2017-11-07T14:58:06.73,323513.47739419
10,0.00076821,2.85582655,0.00074634,2017-05-02T06:26:32.897,0.00076874,0.00076871,0.000725,BTC-APX,187,1877,0.000751,2017-11-07T15:00:10.933,3813.419263
11,2.816e-05,43.4900429,2.782e-05,2016-10-13T18:59:37.407,2.905e-05,2.816e-05,2.669e-05,BTC-ARDR,461,4256,2.702e-05,2017-11-07T14:59:34.37,1543837.2164878
12,0.00036199,286.73701189,0.00036117,2017-03-21T18:11:29.347,0.000378,0.00036117,0.00033723,BTC-ARK,2143,9738,0.00033853,2017-11-07T14:59:59.717,795419.20134461
13,8.653e-05,2.01075419,8.51e-05,2014-03-16T22:00:00,8.777e-05,8.505e-05,8.5e-05,BTC-AUR,107,1584,8.711e-05,2017-11-07T15:00:00.73,23404.08911815
14,1.999e-05,96.79849869,1.991e-05,2017-06-03T22:04:53.82,2.05e-05,1.999e-05,1.91e-05,BTC-BAT,679,12932,1.922e-05,2017-11-07T15:00:12.73,4853199.11352984
15,3.99e-06,118.79390709,3.93e-06,2014-11-18T17:34:21.083,4.89e-06,3.99e-06,3.11e-06,BTC-BAY,284,3910,3.28e-06,2017-11-07T14:59:56.433,28785319.18767627
16,0.08497999,2119.39766025,0.08465001,2017-08-01T18:34:04.967,0.08999999,0.08497999,0.083959,BTC-BCC,3314,12101,0.0866,2017-11-07T15:00:10.763,24653.67587806
17,4.799e-05,10.85775083,4.573e-05,2015-09-10T05:28:20.787,4.799e-05,4.799e-05,4.145e-05,BTC-BCY,137,2891,4.206e-05,2017-11-07T15:00:10.823,246403.0834093
18,3.9e-07,9.15218705,3.8e-07,2015-02-15T23:07:32.777,3.9e-07,3.9e-07,3.6e-07,BTC-BITB,517,5120,3.5e-07,2017-11-07T14:59:12.09,24252656.79615244
19,0.00012232,5.75579696,0.00012127,2014-11-13T20:20:21.443,0.00012586,0.00012021,0.00011603,BTC-BLITZ,139,2612,0.00011559,2017-11-07T15:00:07.48,47702.39818082
20,3e-05,20.91576885,2.999e-05,2014-03-14T09:00:00,3.285e-05,3e-05,2.916e-05,BTC-BLK,193,4603,2.96e-05,2017-11-07T14:59:52.107,672459.87206549
21,0.00288791,27.39664577,0.00286,2014-10-29T06:45:03.97,0.00299999,0.00286,0.00246868,BTC-BLOCK,266,1530,0.00251214,2017-11-07T14:59:57.933,9813.23761208
22,0.00026171,10.66383365,0.00026083,2017-06-22T21:36:30.85,0.00027499,0.00026083,0.00025388,BTC-BNT,138,3314,0.000259,2017-11-07T14:59:23.62,40401.9697731
23,2.095e-05,4.16439294,2.05e-05,2016-06-13T02:27:33.34,2.252e-05,2.095e-05,2.026e-05,BTC-BRK,126,2200,2.055e-05,2017-11-07T14:59:54.387,194299.64893162
24,6.962e-05,17.24968024,6.811e-05,2016-07-10T21:25:05.127,7.207e-05,6.838e-05,6.251e-05,BTC-BRX,140,2037,7.011e-05,2017-11-07T15:00:11.263,256392.14259748
25,8.214e-05,7.66280205,8.144e-05,2016-02-17T00:54:23.677,8.6e-05,8.214e-05,8.078e-05,BTC-BSD,186,2036,8.291e-05,2017-11-07T14:55:13.193,91618.90526874
26,0.01761979,9.04873027,0.0175,2014-07-14T06:05:04.567,0.018,0.01761959,0.01593002,BTC-BTCD,167,712,0.01740055,2017-11-07T14:59:25.463,525.36693885
27,0.0,63.85828478,0.0,2014-11-24T08:18:16.53,9.98e-06,8.86e-06,8.44e-06,BTC-BTS,229,4558,8.63e-06,2017-11-05T04:00:22.963,6871090.19001538
28,8.4e-07,14.24640059,8.2e-07,2014-09-16T07:41:56.047,8.8e-07,8.3e-07,7.5e-07,BTC-BURST,315,6355,7.9e-07,2017-11-07T14:58:03.04,17565014.04471806
29,0.00012406,41.96050648,0.00010905,2014-11-03T19:02:45.96,0.00012722,0.00010905,7.455e-05,BTC-BYC,209,1107,7.526e-05,2017-11-07T15:00:13.23,428045.61024097
30,3.71e-06,24.65038915,3.7e-06,2014-08-10T06:48:44.83,4.49e-06,3.71e-06,3.58e-06,BTC-CANN,255,6245,3.96e-06,2017-11-07T14:59:53.76,6127599.60491548
31,1.28e-05,104.88070742,1.26e-05,2017-06-19T19:59:14.78,1.589e-05,1.279e-05,1.204e-05,BTC-CFI,242,5376,1.308e-05,2017-11-07T14:59:12.01,7487520.9682154
32,0.00068974,7.35162747,0.0006799,2015-04-18T22:04:25.183,0.00072071,0.00068967,0.00064184,BTC-CLAM,241,1467,0.00064903,2017-11-07T15:00:12.607,10679.59294207
33,0.00069527,19.52019599,0.00068171,2014-06-04T08:53:18.563,0.0007666,0.00069528,0.00060111,BTC-CLOAK,304,2836,0.0006536,2017-11-07T15:00:06.967,28729.20069691
34,0.0002181,62.71908315,0.00021748,2015-12-18T00:30:10.31,0.00021878,0.0002181,0.0001996,BTC-CLUB,406,1823,0.00020127,2017-11-07T15:00:03.357,299683.10604218
35,6.9e-07,11.46534656,6.7e-07,2015-01-22T19:11:45.903,7.1e-07,6.7e-07,6.4e-07,BTC-COVAL,299,4722,6.6e-07,2017-11-07T14:59:17.683,16803989.15731294
36,5.324e-05,18.79464959,5.322e-05,2015-07-25T06:30:32.53,6.187e-05,5.324e-05,5.2e-05,BTC-CPC,116,2773,6.142e-05,2017-11-07T14:59:50.23,333024.34961861
37,5.096e-05,227.57495983,5.078e-05,2017-06-13T19:40:35.203,6.999e-05,5.078e-05,4.252e-05,BTC-CRB,130,2977,4.215e-05,2017-11-07T15:00:07.777,3747978.63208099
38,0.00019552,14.15928214,0.00018964,2017-03-06T21:10:15.663,0.00020631,0.00019553,0.0001883,BTC-CRW,178,1708,0.00020115,2017-11-07T15:00:11.637,72233.40442302
39,4.44e-05,88.70997979,4.37e-05,2014-05-13T09:00:00,6.146e-05,4.44e-05,4.23e-05,BTC-CURE,321,2204,5.809e-05,2017-11-07T14:59:26.667,1672724.47312839
40,4.047e-05,139.95163701,4.045e-05,2017-07-16T23:04:18.867,4.18e-05,4.047e-05,3.905e-05,BTC-CVC,886,12012,3.921e-05,2017-11-07T14:59:48.87,3456072.55975648
41,0.0403,506.99695003,0.04025006,2014-03-11T08:00:00,0.0421155,0.04025006,0.03759549,BTC-DASH,1208,6058,0.03759549,2017-11-07T15:00:13.403,12625.42048866
42,0.00400999,50.19170439,0.00400594,2016-02-09T21:06:51.577,0.0042,0.00401262,0.00379997,BTC-DCR,523,4639,0.00379999,2017-11-07T14:59:33.76,12434.89520402
43,5.99e-05,12.25586218,5.92e-05,2017-06-30T16:35:24.643,6.298e-05,5.99e-05,5.694e-05,BTC-DCT,153,4815,5.849e-05,2017-11-07T14:59:56.42,205579.7189594
44,1.19e-06,238.77758178,1.18e-06,2014-08-20T07:09:57.207,1.27e-06,1.18e-06,1.15e-06,BTC-DGB,966,25425,1.17e-06,2017-11-07T15:00:12.247,197603983.8638236
45,0.00898019,5.54605452,0.00898008,2016-06-14T16:25:12.063,0.00916,0.00898008,0.00856101,BTC-DGD,153,1099,0.00879498,2017-11-07T14:52:33.643,621.68607828
46,0.001334,36.84635796,0.00132374,2015-05-01T17:31:24.97,0.00144435,0.00134298,0.00089003,BTC-DMD,357,1641,0.00091857,2017-11-07T14:59:51.527,32664.50869571
47,5.42e-06,29.34578282,5.32e-06,2017-08-04T02:09:02.873,5.95e-06,5.42e-06,5.28e-06,BTC-DNT,147,1963,5.6e-06,2017-11-07T15:00:08.653,5173278.43561048
48,1.7e-07,30.80650911,1.6e-07,2014-02-13T00:00:00,1.7e-07,1.6e-07,1.5e-07,BTC-DOGE,1636,18032,1.6e-07,2017-11-07T15:00:00.59,187971675.7237336
49,3.02e-06,33.66847934,2.94e-06,2014-10-17T19:09:32.6,3.88e-06,2.94e-06,2.83e-06,BTC-DOPE,287,3390,3.39e-06,2017-11-07T15:00:07.467,10439063.76526371
50,5.921e-05,8.26736026,5.92e-05,2017-04-01T04:06:13.887,6.366e-05,5.921e-05,5.302e-05,BTC-DTB,148,3066,5.583e-05,2017-11-07T14:53:44.363,142842.030304
51,0.000433,1.65457406,0.00042531,2017-03-23T00:10:19.403,0.0004499,0.00042526,0.000418,BTC-DYN,155,922,0.00041897,2017-11-07T14:59:59.527,3835.54170511
52,1.493e-05,7.37386993,1.492e-05,2016-09-15T15:47:38.92,1.541e-05,1.492e-05,1.425e-05,BTC-EBST,152,4421,1.47e-05,2017-11-07T14:58:25.68,495894.35418012
53,7.69e-05,40.53952332,7.688e-05,2017-04-18T00:56:59.243,7.799e-05,7.688e-05,7.153e-05,BTC-EDG,319,6209,7.32e-05,2017-11-07T14:58:41.62,541255.28149421
54,1.724e-05,1.54838144,1.698e-05,2014-03-20T20:00:00,1.75e-05,1.723e-05,1.621e-05,BTC-EFL,129,1581,1.621e-05,2017-11-07T15:00:07.607,92532.7969353
55,3.17e-05,4.13220253,3.157e-05,2016-01-18T21:01:43.837,3.2e-05,3.17e-05,2.991e-05,BTC-EGC,258,2896,3.138e-05,2017-11-07T14:57:31.977,133661.23834447
56,8.792e-05,73.69485359,8.61e-05,2016-01-06T05:28:04.553,0.00010274,8.61e-05,8.307e-05,BTC-EMC,253,3104,8.6e-05,2017-11-07T15:00:11.62,796900.53429966
57,9.13e-06,114.76508307,9.12e-06,2014-12-24T00:00:00,9.83e-06,9.12e-06,8.28e-06,BTC-EMC2,344,7065,8.46e-06,2017-11-07T15:00:00.34,12843565.01764635
58,1.787e-05,29.33236166,1.745e-05,2014-05-04T00:00:00,2.025e-05,1.786e-05,1.477e-05,BTC-ENRG,256,2282,1.516e-05,2017-11-07T15:00:13.043,1656481.36401125
59,7.375e-05,154.81902036,7.2e-05,2014-05-10T17:00:00,0.0001125,7.2e-05,5.95e-05,BTC-ERC,207,1946,6.083e-05,2017-11-07T14:59:52.23,1768186.18399725
60,0.0019335,579.10396518,0.00193253,2016-07-26T18:10:22.82,0.00206832,0.0019335,0.0019201,BTC-ETC,1084,8241,0.00203,2017-11-07T15:00:12.217,289634.52293825
61,0.0413,2878.39285101,0.041295,2015-08-14T09:02:24.817,0.04340655,0.0413,0.04021202,BTC-ETH,3838,19966,0.041015,2017-11-07T15:00:13.247,68461.89228774
62,0.00017249,11.54544819,0.00017025,2014-09-28T20:33:27.633,0.00020025,0.00017025,0.00016702,BTC-EXCL,203,1514,0.000195,2017-11-07T15:00:05.62,62216.84102062
63,0.00025573,45.7631606,0.00025002,2015-09-16T17:10:15.253,0.00029499,0.00025573,0.00023995,BTC-EXP,184,4157,0.00023995,2017-11-07T15:00:10.84,173325.03047606
64,0.00011999,1.66539453,0.00011801,2014-12-12T19:51:07.703,0.000124,0.000118,0.00011504,BTC-FAIR,184,929,0.000123,2017-11-07T14:56:14.65,13698.26753617
65,0.00232254,192.79826051,0.00231099,2016-01-09T03:47:07.803,0.00246935,0.00232294,0.00199,BTC-FCT,580,3935,0.00199,2017-11-07T15:00:02.043,86007.65767532
66,1.48e-06,13.08043059,1.47e-06,2015-02-23T23:01:53.92,1.57e-06,1.48e-06,1.44e-06,BTC-FLDC,292,3724,1.48e-06,2017-11-07T14:59:51.23,8709769.42260588
67,1.272e-05,13.28099837,1.271e-05,2015-03-11T05:43:30.193,1.272e-05,1.272e-05,1.052e-05,BTC-FLO,192,2395,1.055e-05,2017-11-07T15:00:12.217,1161617.51083566
68,1.658e-05,130.37161666,1.651e-05,2014-02-13T00:00:00,1.702e-05,1.633e-05,1.345e-05,BTC-FTC,938,5232,1.657e-05,2017-11-07T15:00:05.2,8365930.51743275
69,2.21e-06,107.34361306,2.2e-06,2017-07-04T18:45:47.13,2.3e-06,2.2e-06,1.96e-06,BTC-FUN,270,6211,2.08e-06,2017-11-07T14:59:45.497,49140656.64721526
70,0.00101889,1.40669728,0.00099523,2015-05-05T22:38:44.963,0.0010189,0.00101889,0.00093348,BTC-GAM,109,826,0.00095202,2017-11-07T15:00:13.217,1424.49595034
71,0.00023352,65.21991833,0.00023024,2015-04-08T04:09:53.013,0.00024778,0.00023352,0.00022714,BTC-GAME,251,5386,0.00022804,2017-11-07T14:59:51.357,276564.25798637
72,1.539e-05,22.0813673,1.53e-05,2017-02-12T00:38:21.023,1.7e-05,1.53e-05,1.44e-05,BTC-GBG,169,2923,1.446e-05,2017-11-07T14:58:57.06,1383539.51406802
73,0.02334225,87.68088978,0.02307818,2017-04-13T20:46:39.83,0.0253,0.02307818,0.02070022,BTC-GBYTE,344,3565,0.02112034,2017-11-07T14:59:57.59,3725.67680732
74,6.78e-06,21.7650536,6.77e-06,2015-08-24T00:25:28.933,8.24e-06,6.78e-06,6.46e-06,BTC-GCR,90,3986,6.6e-06,2017-11-07T14:52:20.02,2927871.00385027
75,0.00014123,8.02855195,0.00013905,2015-02-21T03:29:43.267,0.00014905,0.00013904,0.00013503,BTC-GEO,312,2674,0.00013943,2017-11-07T14:59:58.92,56764.8474296
76,2.129e-05,4.76599085,2.073e-05,2014-03-22T16:00:00,2.152e-05,2.129e-05,1.919e-05,BTC-GLD,275,2197,1.99e-05,2017-11-07T14:59:54.98,235511.40758823
77,0.00862187,10.19053433,0.00850005,2017-04-28T02:43:12,0.0087571,0.00862397,0.00837988,BTC-GNO,159,2286,0.00833374,2017-11-07T15:00:13.37,1187.70844818
78,2.698e-05,108.8707969,2.677e-05,2017-04-17T21:35:59.26,2.791e-05,2.676e-05,2.567e-05,BTC-GNT,488,10612,2.676e-05,2017-11-07T14:59:54.62,4054581.32945926
79,1.631e-05,6.44750029,1.612e-05,2017-01-19T23:23:12.41,1.658e-05,1.631e-05,1.54e-05,BTC-GOLOS,193,2138,1.556e-05,2017-11-07T14:59:46.573,403882.73694289
80,5.53e-06,7.86705036,5.45e-06,2015-02-27T19:57:02.82,5.66e-06,5.46e-06,5.08e-06,BTC-GRC,234,3593,5.19e-06,2017-11-07T14:59:18.857,1457665.37072985
81,9.228e-05,1219.5891017,9.2e-05,2014-04-03T05:00:00,0.0001085,9.228e-05,8.7e-05,BTC-GRS,1760,5201,9.501e-05,2017-11-07T15:00:06.933,12469395.26495372
82,2.259e-05,89.90873354,2.258e-05,2017-04-29T18:08:12.39,2.711e-05,2.258e-05,1.868e-05,BTC-GUP,216,3608,1.915e-05,2017-11-07T15:00:13.107,4042727.08425985
83,1.395e-05,34.77028972,1.383e-05,2017-05-10T00:02:47.373,1.395e-05,1.395e-05,1.2e-05,BTC-HMQ,214,3970,1.2e-05,2017-11-07T15:00:12.84,2682935.89080398
84,2.142e-05,3.08929863,2.141e-05,2017-04-04T21:20:51.083,2.209e-05,2.142e-05,2.093e-05,BTC-INCNT,129,2709,2.182e-05,2017-11-07T05:43:44.113,142340.20175623
85,9.462e-05,3.75336743,9.109e-05,2015-10-03T20:41:41.403,9.535e-05,9.109e-05,8.904e-05,BTC-INFX,179,1548,8.902e-05,2017-11-07T14:59:41.167,40578.39414079
86,0.00035693,101.37671751,0.00035172,2014-07-29T16:57:43.787,0.0004897,0.00035717,0.0003,BTC-IOC,220,1941,0.00031176,2017-11-07T15:00:12.84,254010.76050338
87,0.00015,6.19719668,0.00014753,2017-02-18T23:41:17.04,0.000152,0.00015,0.00014226,BTC-ION,193,2179,0.00015157,2017-11-07T14:59:58.043,41842.26372233
88,0.00031728,56.67653146,0.00031342,2016-12-22T00:54:23.477,0.00033399,0.00031674,0.00029,BTC-IOP,348,5662,0.00030967,2017-11-07T14:58:52.45,178564.42678155
89,0.00038469,558.27902238,0.00038437,2017-02-11T23:04:01.853,0.00040898,0.00038448,0.00036,BTC-KMD,1580,6563,0.00037205,2017-11-07T15:00:01.433,1456317.98346128
90,0.00051124,20.47583978,0.00050915,2014-06-17T05:46:29.303,0.00053644,0.000511,0.000475,BTC-KORE,274,2425,0.0005002,2017-11-07T15:00:10.73,40343.45589475
91,2.16e-05,31.72114452,2.152e-05,2016-07-05T21:50:07.81,2.219e-05,2.151e-05,1.96e-05,BTC-LBC,382,8893,1.999e-05,2017-11-07T14:59:58.323,1484814.73498607
92,0.00012864,121.94954001,0.00012662,2017-04-18T07:37:41.3,0.00014325,0.00012864,0.00011561,BTC-LGD,316,5377,0.00013777,2017-11-07T15:00:04.81,928165.68015539
93,6.27e-06,19.59425015,6.23e-06,2017-02-18T23:55:53.153,6.44e-06,6.22e-06,6.06e-06,BTC-LMC,203,5455,6.4e-06,2017-11-07T15:00:09.823,3162702.97267328
94,0.00068747,352.56527065,0.00068276,2016-05-24T18:49:52.77,0.0007,0.00068276,0.00062458,BTC-LSK,1808,8403,0.0006298,2017-11-07T14:59:19.027,534535.67110942
95,0.00816303,1124.02491602,0.0081534,2014-02-13T00:00:00,0.0083,0.00815339,0.0076,BTC-LTC,2359,13143,0.007602,2017-11-07T15:00:13.293,142449.55776038
96,0.00070506,10.87652432,0.00069488,2017-04-30T16:57:03.27,0.00072739,0.0007051,0.00065,BTC-LUN,167,4094,0.00065081,2017-11-07T15:00:06.92,15719.08524503
97,5.387e-05,52.8319273,5.314e-05,2016-01-18T20:38:22.707,5.5e-05,5.32e-05,4.603e-05,BTC-MAID,339,3902,4.701e-05,2017-11-07T15:00:09.637,1042656.531358
98,1.81e-06,17.14021785,1.78e-06,2017-10-13T23:32:02.993,1.85e-06,1.78e-06,1.59e-06,BTC-MANA,170,2479,1.61e-06,2017-11-07T14:53:54.317,9879035.83769081
99,0.00082418,225.47893489,0.00082,2017-07-02T00:37:16.957,0.00086821,0.00082,0.00078754,BTC-MCO,492,10137,0.00079886,2017-11-07T14:58:55.637,271321.27617665
100,3.25e-05,389.76837401,3.237e-05,2016-04-01T18:24:07.207,4.34e-05,3.25e-05,2.843e-05,BTC-MEME,323,1785,3.787e-05,2017-11-07T15:00:07.12,10764699.73936216
101,0.00818195,13.85555509,0.00793031,2017-03-15T19:30:56.167,0.00864404,0.00792701,0.00762766,BTC-MLN,106,1496,0.00865097,2017-11-07T15:00:12.09,1717.51692216
102,0.00037158,59.96396666,0.00037,2014-04-18T22:00:00,0.00038239,0.00037158,0.000362,BTC-MONA,460,3830,0.00037301,2017-11-07T14:58:42.2,161936.09881124
103,0.00071124,194.94599227,0.00070319,2017-07-08T14:59:57.34,0.00077616,0.00070323,0.00067144,BTC-MTL,533,6208,0.00067999,2017-11-07T15:00:12.763,271373.21600669
104,1.48e-05,14.22400057,1.463e-05,2015-04-09T17:31:31.113,1.65e-05,1.463e-05,1.401e-05,BTC-MUE,230,3075,1.405e-05,2017-11-07T14:58:40.793,956319.85111704
105,2e-06,36.68460463,1.97e-06,2017-03-27T19:59:13.073,2.52e-06,1.97e-06,1.86e-06,BTC-MUSIC,284,9381,1.86e-06,2017-11-07T14:59:33.84,17494726.59053173
106,8.502e-05,4.16120359,8.5e-05,2017-06-19T19:13:43.73,8.84e-05,8.502e-05,8.5e-05,BTC-MYST,232,3694,8.628e-05,2017-11-07T14:51:24.177,48514.76033685
107,0.00010807,78.65977788,0.00010728,2014-07-08T03:37:28.39,0.00011375,0.00010807,0.00010501,BTC-NAV,549,5197,0.000105,2017-11-07T14:59:08.497,716425.58960361
108,0.00014124,24.48245336,0.00013986,2015-04-08T03:57:37.33,0.000144,0.00014158,0.00013634,BTC-NBT,45,1774,0.0001365,2017-11-07T14:54:53.74,174575.99964033
109,0.00372095,1131.43162966,0.00372093,2016-10-26T01:28:31.96,0.00382043,0.00372093,0.0036003,BTC-NEO,4843,27794,0.00362502,2017-11-07T15:00:13.31,305691.47606881
110,0.00032966,7.11027919,0.000328,2014-08-20T00:06:59.63,0.00034504,0.00032972,0.00031456,BTC-NEOS,265,2031,0.00034504,2017-11-07T14:58:52.387,21869.66313717
111,1.355e-05,26.95573727,1.343e-05,2014-04-04T22:00:00,1.419e-05,1.355e-05,1.196e-05,BTC-NLG,273,3296,1.223e-05,2017-11-07T15:00:10.717,2039433.43990202
112,0.00154113,15.68692958,0.00150002,2017-06-22T21:58:57.657,0.0016,0.00154091,0.00147258,BTC-NMR,148,4353,0.00149,2017-11-07T15:00:12.81,10292.8333669
113,2.725e-05,20.13723361,2.694e-05,2017-04-17T22:51:08.97,2.929e-05,2.725e-05,2.557e-05,BTC-NXC,103,3813,2.753e-05,2017-11-07T14:58:08.62,729792.85505617
114,0.00013654,24.26989844,0.00013612,2015-01-25T03:00:35.143,0.0001419,0.00013654,0.00012577,BTC-NXS,526,4201,0.00012577,2017-11-07T15:00:02.06,179008.93273019
115,8.23e-06,44.60428732,8.16e-06,2014-03-03T09:00:00,8.27e-06,8.23e-06,7.85e-06,BTC-NXT,354,8430,7.93e-06,2017-11-07T14:57:51.48,5506878.93369572
116,3.507e-05,142.30870512,3.48e-05,2015-05-30T19:26:37.523,3.749e-05,3.506e-05,3.437e-05,BTC-OK,977,10320,3.438e-05,2017-11-07T14:59:56.467,3988345.14891894
117,0.0008937,949.37153908,0.00089353,2017-07-16T17:07:42.313,0.00096103,0.00089353,0.00086706,BTC-OMG,2364,17566,0.00086951,2017-11-07T15:00:12.31,1032651.39439767
118,0.00334,12.2842796,0.00330182,2015-11-03T19:13:33.197,0.00335788,0.00334,0.00296994,BTC-OMNI,337,2314,0.00297005,2017-11-07T15:00:10.7,3862.07511498
119,0.001195,28.32769005,0.00119488,2017-07-20T18:19:07.157,0.00124999,0.001195,0.00111,BTC-PART,271,1902,0.00112079,2017-11-07T14:59:09.607,23935.60925826
120,0.00022823,238.59479367,0.0002269,2017-07-07T07:14:00.793,0.00024348,0.00022682,0.0002166,BTC-PAY,965,14493,0.000217,2017-11-07T15:00:10.263,1037716.55840406
121,1.7e-05,10.30148098,1.689e-05,2016-06-02T04:39:35.21,1.72e-05,1.687e-05,1.435e-05,BTC-PDC,192,2446,1.466e-05,2017-11-07T15:00:11.92,642019.72354475
122,3.27e-06,34.97802641,3.25e-06,2014-07-29T07:41:09.4,3.53e-06,3.27e-06,3e-06,BTC-PINK,252,2928,3.4e-06,2017-11-07T14:57:53.853,10535410.45498718
123,0.00040577,177.47094571,0.00040201,2016-03-02T20:45:37.987,0.00043598,0.00040201,0.000395,BTC-PIVX,904,6512,0.00043351,2017-11-07T15:00:04.81,433177.10127952
124,7.113e-05,26.79689566,6.914e-05,2015-06-03T06:31:14.35,7.864e-05,6.904e-05,6.65e-05,BTC-PKB,322,2561,7.056e-05,2017-11-07T15:00:12.2,374550.39077585
125,1.817e-05,1057.40291362,1.813e-05,2014-03-11T08:00:00,2.692e-05,1.818e-05,1.77e-05,BTC-POT,788,4144,2.37e-05,2017-11-07T15:00:04.01,47760295.01411947
126,0.00018987,5.29424448,0.00018744,2014-02-13T00:00:00,0.00019217,0.00018987,0.00018262,BTC-PPC,179,2791,0.00018401,2017-11-07T15:00:09.857,28316.21511208
127,4.7e-06,3.39705965,4.62e-06,2014-03-27T18:00:00,4.87e-06,4.66e-06,4.46e-06,BTC-PTC,217,2460,4.69e-06,2017-11-07T14:59:45.027,729844.31735723
128,2.18e-05,84.23648669,2.17e-05,2017-06-18T17:04:24.1,2.59e-05,2.18e-05,2.027e-05,BTC-PTOY,365,6649,2.06e-05,2017-11-07T14:58:32.277,3647729.38172555
129,8.556e-05,7.053834,8.501e-05,2017-06-10T00:01:39.293,8.613e-05,8.556e-05,8.1e-05,BTC-QRL,336,3510,8.101e-05,2017-11-07T14:59:00.26,84641.84105552
130,0.00149,761.47174774,0.001483,2017-07-20T19:08:43.473,0.00155801,0.00148201,0.00142935,BTC-QTUM,876,11894,0.0014548,2017-11-07T14:59:48.747,510411.27571162
131,1.958e-05,37.82785188,1.929e-05,2017-03-05T19:30:16.853,2.135e-05,1.958e-05,1.91e-05,BTC-QWARK,269,5212,2.105e-05,2017-11-07T15:00:11.153,1869940.63152351
132,0.00046595,9.3658253,0.00045934,2016-01-26T23:22:16.193,0.00047099,0.00045933,0.00041861,BTC-RADS,127,2034,0.00043342,2017-11-07T15:00:12.42,21308.36066431
133,9.928e-05,10.75880123,9.821e-05,2014-04-05T08:00:00,0.00010556,9.928e-05,9.529e-05,BTC-RBY,1664,6053,9.614e-05,2017-11-07T14:58:42.277,107672.34170982
134,1.6e-07,68.13208157,1.5e-07,2014-02-25T09:00:00,1.6e-07,1.5e-07,1.4e-07,BTC-RDD,1263,18131,1.4e-07,2017-11-07T14:56:26.477,443217347.0697071
135,0.00246242,53.1490657,0.00243006,2016-10-04T15:45:37.14,0.00278,0.00243418,0.00227761,BTC-REP,174,1853,0.00233027,2017-11-07T15:00:12.043,21223.15541181
136,3.48e-05,100.41646956,3.476e-05,2016-06-24T17:00:00.043,3.65e-05,3.476e-05,3.396e-05,BTC-RISE,521,5713,3.463e-05,2017-11-07T15:00:04.607,2861059.90353783
137,7.437e-05,15.45158945,7.401e-05,2017-04-27T00:20:33.857,7.861e-05,7.434e-05,7.3e-05,BTC-RLC,183,3576,7.585e-05,2017-11-07T15:00:10.06,204715.23557844
138,1.23e-06,139.97898585,1.21e-06,2016-02-13T22:14:21.14,1.43e-06,1.23e-06,1.13e-06,BTC-SAFEX,524,6404,1.14e-06,2017-11-07T14:56:22.243,110625468.030131
139,0.00041433,382.62587529,0.00041144,2017-10-16T17:32:48.777,0.00044108,0.0004111,0.00037129,BTC-SALT,574,2020,0.00041831,2017-11-07T15:00:12.23,948927.33230841
140,0.0001425,7.5030767,0.00014153,2016-07-09T19:02:08.943,0.000143,0.00014152,0.00013206,BTC-SBD,126,1824,0.00013206,2017-11-07T15:00:03.573,54090.00251709
141,5.3e-07,131.27007413,5.2e-07,2017-05-22T21:30:29.16,5.4e-07,5.3e-07,4.8e-07,BTC-SC,1121,27000,4.9e-07,2017-11-07T14:59:44.433,253560638.3872567
142,1.761e-05,20.86518519,1.722e-05,2016-09-23T07:10:11.78,1.91e-05,1.721e-05,1.651e-05,BTC-SEQ,146,1722,1.665e-05,2017-11-07T14:55:10.147,1140320.27230489
143,0.0001425,8.41789753,0.00014105,2016-10-11T19:48:35.573,0.00015095,0.0001425,0.000135,BTC-SHIFT,148,2382,0.0001455,2017-11-07T14:57:37.04,58952.2736966
144,0.00015362,4.13353309,0.00015013,2017-02-18T22:34:49.373,0.000155,0.00015013,0.00014415,BTC-SIB,124,2419,0.000145,2017-11-07T14:59:14.607,27431.81714703
145,4.913e-05,34.39872491,4.898e-05,2014-03-23T06:00:00,5.274e-05,4.897e-05,3.88e-05,BTC-SLR,277,1976,3.861e-05,2017-11-07T14:59:41.2,751101.95118743
146,0.00198577,10.89710894,0.00191307,2016-01-20T22:24:04.65,0.00204572,0.00191271,0.00171,BTC-SLS,201,1746,0.0017849,2017-11-07T15:00:10.67,5762.89046354
147,2.598e-05,456.37319872,2.581e-05,2016-10-02T22:16:04.773,3.653e-05,2.58e-05,2.113e-05,BTC-SNGLS,372,1975,2.197e-05,2017-11-07T14:59:58.183,15605742.01589702
148,0.00022839,14.86466801,0.00022833,2015-06-03T06:27:04.623,0.00022833,0.00022833,0.000185,BTC-SNRG,280,1645,0.00019429,2017-11-07T15:00:10.153,74325.44916217
149,4.2e-06,94.89237419,4.19e-06,2017-06-28T18:26:15.73,4.33e-06,4.19e-06,4.08e-06,BTC-SNT,362,10240,4.17e-06,2017-11-07T14:59:59.76,22571809.98800953
150,0.00039499,6.59161996,0.00039,2015-05-18T22:45:47.093,0.00040013,0.00039,0.00037988,BTC-SPHR,138,1304,0.00038865,2017-11-07T14:58:52.417,16933.74961002
151,4.472e-05,14.74736427,4.34e-05,2014-12-19T02:33:07.747,4.595e-05,4.326e-05,4.055e-05,BTC-SPR,255,3406,4.41e-05,2017-11-07T15:00:07.81,341135.27453198
152,6.3e-06,14.72682184,6.29e-06,2014-06-14T07:09:15.327,7.21e-06,6.29e-06,6.1e-06,BTC-START,347,5890,6.8e-06,2017-11-07T14:57:49.523,2237594.17532662
153,0.00012281,74.45863407,0.0001222,2016-04-17T01:22:13.35,0.00013,0.00012281,0.00011906,BTC-STEEM,480,7633,0.00012064,2017-11-07T14:59:33.48,600679.17460261
154,7.396e-05,149.27733719,7.32e-05,2017-07-11T21:14:32.643,7.41e-05,7.32e-05,6.464e-05,BTC-STORJ,625,6654,6.601e-05,2017-11-07T15:00:12.467,2133424.25023747
155,0.0004242,336.73937242,0.0004239,2016-08-10T23:26:39.657,0.00044732,0.0004239,0.00041003,BTC-STRAT,1716,22222,0.00042,2017-11-07T14:59:41.2,786367.04396836
156,0.00015751,51.13272974,0.00015517,2014-10-03T19:16:23.143,0.0001885,0.00015506,0.00014304,BTC-SWIFT,258,1992,0.00014404,2017-11-07T15:00:07.48,300166.34111234
157,0.00017446,7.69135226,0.00017416,2017-03-08T22:32:26.03,0.000179,0.00017416,0.00015394,BTC-SWT,119,1738,0.0001669,2017-11-07T14:59:53.62,45459.68945404
158,3.4e-05,37.39828154,3.364e-05,2016-08-25T21:23:15.27,3.709e-05,3.4e-05,3.228e-05,BTC-SYNX,185,2404,3.285e-05,2017-11-07T14:56:40.32,1088492.84467015
159,2.836e-05,158.81846259,2.827e-05,2014-08-16T19:57:48.823,2.892e-05,2.836e-05,2.731e-05,BTC-SYS,925,8192,2.731e-05,2017-11-07T15:00:08.81,5605690.1458964
160,2.3e-06,316.3737427,2.29e-06,2014-04-29T21:00:00,3.89e-06,2.3e-06,2.22e-06,BTC-THC,482,3977,2.55e-06,2017-11-07T14:59:56.527,106287616.23757151
161,0.00334541,2.88578213,0.00329715,2017-03-09T00:44:08.673,0.00336982,0.00334542,0.0032935,BTC-TIME,129,1582,0.00330242,2017-11-07T15:00:06.62,872.15357799
162,2.495e-05,26.54849806,2.494e-05,2017-10-25T21:01:08.287,2.739e-05,2.494e-05,2.416e-05,BTC-TIX,128,2275,2.475e-05,2017-11-07T14:58:36.95,1038965.14728871
163,0.00015119,24.41464987,0.00014839,2017-05-08T17:09:34.91,0.00016,0.00014846,0.00014546,BTC-TKN,175,3433,0.00015248,2017-11-07T15:00:11.81,161517.19302058
164,0.00026025,28.20634403,0.00024783,2017-03-23T00:48:15.94,0.000285,0.00024678,0.0002167,BTC-TKS,162,1464,0.00021648,2017-11-07T15:00:11.777,110654.31887638
165,8.328e-05,129.89827673,8.288e-05,2016-09-08T05:59:08.183,8.909e-05,8.326e-05,7.803e-05,BTC-TRIG,460,8793,8.022e-05,2017-11-07T15:00:10.48,1545135.04677994
166,3.436e-05,18.58339563,3.397e-05,2017-04-19T04:53:43.893,3.68e-05,3.397e-05,3.328e-05,BTC-TRST,249,3748,3.374e-05,2017-11-07T15:00:05.403,529550.07250361
167,1.701e-05,33.4807699,1.656e-05,2014-07-07T05:46:18.71,1.986e-05,1.652e-05,1.471e-05,BTC-TRUST,279,2066,1.589e-05,2017-11-07T15:00:00.027,1910726.08998957
168,0.00029295,30.84430863,0.00028862,2015-09-02T08:02:54.3,0.00030598,0.0002886,0.0002851,BTC-TX,386,805,0.00029099,2017-11-07T15:00:01.777,104602.65103454
169,0.00016024,34.96463715,0.00016023,2017-02-08T17:00:59.02,0.000165,0.00016023,0.00014636,BTC-UBQ,681,7577,0.00014994,2017-11-07T14:59:36.823,223424.98423074
170,3.878e-05,4.2315618,3.805e-05,2016-08-24T21:39:28.357,3.949e-05,3.831e-05,3.581e-05,BTC-UNB,144,1623,3.8e-05,2017-11-07T15:00:05.217,112637.06392619
171,0.00021089,59.14801116,0.00021087,2014-07-18T00:20:00.393,0.00022,0.00021089,0.0002056,BTC-VIA,479,3262,0.00020901,2017-11-07T14:59:21.247,279768.91883156
172,5.67e-06,45.99476357,5.57e-06,2015-12-30T04:21:47.31,6.49e-06,5.66e-06,5.26e-06,BTC-VOX,259,5940,6.06e-06,2017-11-07T15:00:13.247,7860499.97058477
173,7.532e-05,110.28794824,7.475e-05,2014-05-13T07:00:00,8.7e-05,7.532e-05,7.044e-05,BTC-VRC,493,2567,8.092e-05,2017-11-07T14:58:20.807,1391572.36990174
174,0.0004341,7.92286217,0.0004254,2016-09-16T04:52:17.637,0.00044711,0.0004341,0.00040502,BTC-VRM,212,1509,0.00041501,2017-11-07T14:59:46.59,18528.0526422
175,0.00051002,977.44087617,0.00051,2014-02-13T00:00:00,0.00054695,0.00051002,0.00047569,BTC-VTC,2975,8486,0.00051692,2017-11-07T15:00:12.45,1902028.85870065
176,2.935e-05,55.76160368,2.904e-05,2014-12-19T02:33:10.943,3.304e-05,2.905e-05,2.441e-05,BTC-VTR,245,1976,2.46e-05,2017-11-07T15:00:05.12,1932466.49716013
177,0.0005321,339.89297518,0.000531,2016-06-19T15:46:31.167,0.0005321,0.000531,0.00046,BTC-WAVES,1220,11382,0.00049811,2017-11-07T15:00:12.357,675002.89517441
178,5.22e-05,12.9675743,5.181e-05,2017-04-26T22:34:24.49,5.544e-05,5.238e-05,5.09e-05,BTC-WINGS,135,5104,5.207e-05,2017-11-07T14:59:26.903,243020.75757115
179,2.547e-05,4.58055654,2.497e-05,2016-09-25T00:15:16.103,2.54e-05,2.54e-05,2.426e-05,BTC-XAUR,82,1437,2.428e-05,2017-11-07T15:00:10.17,184233.49417003
180,0.00177154,34.41074447,0.00174448,2015-02-14T04:20:41,0.00185,0.00177191,0.00155331,BTC-XCP,459,3454,0.00158414,2017-11-07T15:00:13.293,19713.55393236
181,3.2e-07,12.68350478,3.1e-07,2014-06-21T18:37:57.64,3.3e-07,3.2e-07,3e-07,BTC-XDN,620,6591,3.2e-07,2017-11-07T14:54:44.193,40205621.88391137
182,3.875e-05,184.60485899,3.846e-05,2017-07-01T17:38:44.883,4.921e-05,3.846e-05,3.746e-05,BTC-XEL,340,7249,3.782e-05,2017-11-07T14:59:36.12,4324723.84544712
183,2.565e-05,242.42841366,2.545e-05,2015-04-10T21:06:00.043,2.689e-05,2.565e-05,2.393e-05,BTC-XEM,1158,12019,2.506e-05,2017-11-07T15:00:10.467,9526179.18262899
184,4.39e-06,1118.47677027,4.38e-06,2015-11-17T20:06:44.92,4.8e-06,4.39e-06,3.75e-06,BTC-XLM,1685,15677,3.8e-06,2017-11-07T14:59:38.81,259147924.55342782
185,3.315e-05,9.00210942,3.29e-05,2014-11-10T06:25:07.533,3.65e-05,3.315e-05,3.205e-05,BTC-XMG,307,2271,3.431e-05,2017-11-07T14:58:30.48,259569.84542061
186,0.0137056,1040.28273368,0.01370437,2014-06-04T07:38:39.24,0.014997,0.0137056,0.012345,BTC-XMR,1523,7138,0.0124,2017-11-07T15:00:10.543,75043.30624485
187,4.1e-07,22.77920227,4e-07,2014-03-15T08:00:00,4.5e-07,4.1e-07,3.6e-07,BTC-XMY,442,4807,3.7e-07,2017-11-07T14:57:23.337,55569131.15275806
188,2.89e-05,963.44912233,2.889e-05,2014-12-22T19:30:27.45,2.931e-05,2.89e-05,2.773e-05,BTC-XRP,2406,26571,2.789e-05,2017-11-07T15:00:10.793,33779486.71498209
189,2.346e-05,17.09185457,2.341e-05,2014-07-09T20:33:00.59,2.535e-05,2.34e-05,2.171e-05,BTC-XST,219,1345,2.242e-05,2017-11-07T14:59:28.76,722867.29907268
190,0.000129,437.75579039,0.00012854,2016-03-12T19:37:38.863,0.00018694,0.000129,0.000127,BTC-XVC,711,3024,0.00017998,2017-11-07T15:00:13.12,2789851.76952105
191,1.05e-06,2200.27690975,1.04e-06,2016-02-17T22:42:03.61,1.32e-06,1.04e-06,9.5e-07,BTC-XVG,3279,16271,1.32e-06,2017-11-07T15:00:11.653,1970218172.2456028
192,7.27e-06,31.31293829,7.25e-06,2014-04-14T00:00:00,8e-06,7.35e-06,6.86e-06,BTC-XWC,488,1429,7.57e-06,2017-11-07T15:00:12.403,4090357.39686492
193,0.00215,117.35796268,0.00214919,2016-10-20T04:48:30.387,0.00228,0.00215,0.002054,BTC-XZC,971,3685,0.00209882,2017-11-07T14:59:29.357,54199.99768584
194,0.00025195,18.56194142,0.00024821,2016-11-15T20:29:59.73,0.000255,0.00024816,0.00023303,BTC-ZCL,214,5200,0.00023665,2017-11-07T15:00:08.653,76304.93563191
195,0.03337984,321.36137294,0.03326614,2016-10-28T17:13:10.833,0.03382818,0.03337987,0.03100018,BTC-ZEC,951,11345,0.03109828,2017-11-07T15:00:08.62,9870.05680286
196,0.00291,155.86406972,0.00290106,2017-06-05T16:39:49.07,0.0031,0.00290106,0.002819,BTC-ZEN,1703,4449,0.00288487,2017-11-07T15:00:01.653,53160.68347876
197,0.00125,470.93831664,0.0012162,2017-06-11T17:33:06.127,0.00172,0.0012481,0.00103153,ETH-1ST,110,331,0.00107499,2017-11-07T14:59:06.433,345732.43606679
198,6.656e-05,81.45787025,6.526e-05,2017-07-03T21:08:06.22,7.34e-05,6.501e-05,6.31e-05,ETH-ADT,68,536,6.34e-05,2017-11-07T14:59:19.81,1220231.44910124
199,0.00309654,620.82829932,0.0030673,2017-07-11T22:42:17.78,0.0033389,0.00305436,0.00289343,ETH-ADX,189,572,0.00294243,2017-11-07T15:00:07.357,198587.06497839
200,0.00375999,240.79204734,0.00370072,2017-05-19T15:55:11.293,0.00399681,0.00375999,0.00330006,ETH-ANT,85,413,0.00390003,2017-11-07T14:59:51.76,66579.12817797
201,0.00048698,155.56965468,0.00048188,2017-06-03T22:04:52.38,0.000487,0.00048698,0.00046003,ETH-BAT,183,1083,0.0004655,2017-11-07T14:58:45.2,328561.48591177
202,2.06999671,3017.89107714,2.0498517,2017-08-01T18:34:04.763,2.1878999,2.05,1.96000003,ETH-BCC,436,452,2.09999999,2017-11-07T15:00:12.7,1481.00658016
203,0.00640662,105.96590951,0.00628825,2017-06-22T21:36:30.867,0.00640899,0.00640763,0.00621213,ETH-BNT,67,411,0.00621003,2017-11-07T15:00:08.7,16917.84150782
204,0.0,26.34440146,0.0,2017-08-04T18:01:27.853,0.00017062,0.00015172,0.00013,ETH-BTS,74,212,0.00014932,2017-11-05T04:03:45.967,175120.1443082
205,0.00031239,165.69878473,0.00030392,2017-06-19T19:59:14.89,0.00037576,0.00030784,0.00029,ETH-CFI,104,434,0.00032319,2017-11-07T14:59:06.887,505534.8701412
206,0.00130814,172.90252109,0.00118329,2017-06-13T19:40:35.217,0.00164498,0.0013,0.0010229,ETH-CRB,57,178,0.00104351,2017-11-07T15:00:13.357,128246.23107182
207,0.0009933,390.80921735,0.00098342,2017-07-16T23:04:18.99,0.00099398,0.00099353,0.00092,ETH-CVC,185,1016,0.000951,2017-11-07T15:00:11.48,404990.23907743
208,0.98927267,395.34251521,0.974,2017-07-14T17:10:05.143,0.99999999,0.97958872,0.909009,ETH-DASH,134,222,0.91999959,2017-11-07T15:00:12.653,412.02752077
209,2.94e-05,132.29154092,2.87e-05,2017-08-04T18:01:27.777,2.952e-05,2.872e-05,2.754e-05,ETH-DGB,78,598,2.779e-05,2017-11-07T15:00:12.277,4568274.85780771
210,0.21999967,10.34452684,0.21307486,2016-06-17T18:51:39.087,0.21999993,0.21,0.20593881,ETH-DGD,65,196,0.20925303,2017-11-07T14:59:50.62,48.93775833
211,0.00013514,89.23532149,0.00013003,2017-08-04T02:09:02.887,0.0001463,0.00013446,0.00012835,ETH-DNT,61,373,0.00013647,2017-11-07T15:00:12.59,657559.13575362
212,0.04774462,891.72275219,0.04700001,2016-07-28T21:45:59.05,0.04903084,0.04774467,0.04615162,ETH-ETC,208,1019,0.0494,2017-11-07T15:00:12.967,18757.38794461
213,0.05687314,168.68584374,0.05498369,2017-08-04T18:01:27.853,0.05976,0.05498019,0.04755237,ETH-FCT,78,174,0.04728749,2017-11-07T15:00:12.747,3174.58194019
214,5.313e-05,117.28526488,5.222e-05,2017-07-04T18:45:47.143,5.443e-05,5.313e-05,4.7e-05,ETH-FUN,101,835,5.103e-05,2017-11-07T15:00:07.467,2271515.83190619
215,0.20844448,4.88571367,0.20491111,2017-04-30T18:42:52.17,0.2112,0.20846403,0.19999938,ETH-GNO,49,265,0.21086854,2017-11-07T14:56:59.163,23.95994987
216,0.00065838,587.99052863,0.00065357,2017-04-20T06:38:51.877,0.00066075,0.00065525,0.00061599,ETH-GNT,204,1430,0.00065109,2017-11-07T15:00:06.467,924131.69042173
217,0.00054265,253.65394391,0.00054263,2017-04-30T18:40:42.213,0.000634,0.00054263,0.0004512,ETH-GUP,71,218,0.00046393,2017-11-07T15:00:13.137,503682.16386242
218,0.00033514,75.50974246,0.00033111,2017-05-10T07:27:27.597,0.00032984,0.00032887,0.00028302,ETH-HMQ,68,290,0.00029449,2017-11-07T15:00:12.793,250112.77600048
219,0.0030973,187.79931529,0.0029721,2017-06-17T15:02:02.783,0.00356244,0.0030973,0.00276021,ETH-LGD,80,326,0.00334832,2017-11-07T15:00:13.23,61553.73257947
220,0.1984003,1008.4604959,0.19696294,2017-06-25T03:06:46.83,0.19998348,0.1984003,0.18100002,ETH-LTC,305,529,0.185,2017-11-07T15:00:11.323,5313.45616995
221,0.01715166,55.69112266,0.01681043,2017-04-30T18:41:22.84,0.01715166,0.01715166,0.01580807,ETH-LUN,60,282,0.01591477,2017-11-07T14:59:32.637,3413.27551718
222,4.397e-05,40.50933897,4.3e-05,2017-10-13T23:32:03.027,4.525e-05,4.3e-05,3.867e-05,ETH-MANA,70,224,3.803e-05,2017-11-07T14:58:21.4,973660.73303155
223,0.01989039,362.16771701,0.01968506,2017-07-02T00:37:17.05,0.02049996,0.01968506,0.019,ETH-MCO,183,1032,0.019994,2017-11-07T14:52:04.643,18492.07048124
224,0.01714241,141.44438588,0.01678717,2017-07-08T14:59:57.37,0.01799422,0.01713404,0.0160001,ETH-MTL,117,531,0.01632,2017-11-07T15:00:11.59,8382.23701694
225,0.00208112,3.35049134,0.00203021,2017-06-19T19:13:43.743,0.0021976,0.00206051,0.0020101,ETH-MYST,43,375,0.00219137,2017-11-07T14:58:37.01,1627.20707905
226,0.08999987,1532.40120646,0.08940226,2017-07-21T01:08:49.397,0.08999991,0.08999987,0.0862,ETH-NEO,920,1744,0.0884772,2017-11-07T15:00:12.23,17430.23316535
227,0.03731947,16.16403766,0.03728574,2017-06-22T21:58:57.657,0.03728574,0.03728574,0.03435706,ETH-NMR,98,426,0.03655436,2017-11-07T14:51:50.113,445.66531726
228,0.02176655,1759.80593062,0.02143752,2017-07-16T17:07:42.41,0.0225,0.02176716,0.02085,ETH-OMG,560,2131,0.02124479,2017-11-07T15:00:13.37,81042.33085082
229,0.00559952,707.56673101,0.00550012,2017-07-07T07:14:00.873,0.00575931,0.00559998,0.00520201,ETH-PAY,302,1677,0.00528,2017-11-07T15:00:13.31,130296.98447947
230,0.00055231,193.71185079,0.00053001,2017-06-18T17:04:24.147,0.00061394,0.00053001,0.00048652,ETH-PTOY,77,530,0.00052192,2017-11-07T15:00:11.497,354891.23875627
231,0.00205981,9.96053414,0.00202218,2017-06-11T17:33:06.14,0.00201927,0.002,0.00190001,ETH-QRL,89,196,0.00204259,2017-11-07T14:59:30.667,5026.68231775
232,0.03649618,1304.56785074,0.0358514,2017-07-20T19:08:43.473,0.03736976,0.03585089,0.034,ETH-QTUM,355,1016,0.0356,2017-11-07T15:00:13.387,36317.09849891
233,0.06094484,154.07746993,0.05874861,2017-04-20T06:43:49.19,0.06869237,0.0609572,0.05519379,ETH-REP,105,176,0.05552946,2017-11-07T15:00:13.403,2631.65695456
234,0.00182944,29.574392,0.001775,2017-04-30T18:41:22.823,0.00186341,0.00177126,0.00175,ETH-RLC,65,283,0.0018589,2017-11-07T14:59:53.793,16228.24989297
235,0.01,980.21073142,0.00993467,2017-10-16T17:32:48.84,0.01042752,0.01,0.00900744,ETH-SALT,100,195,0.01010926,2017-11-07T15:00:03.637,101584.74976635
236,1.271e-05,146.39963109,1.26e-05,2017-07-14T17:10:07.74,1.285e-05,1.26e-05,1.149e-05,ETH-SC,142,1170,1.174e-05,2017-11-07T14:59:39.823,12007826.18041916
237,0.00062999,1319.08006337,0.0006256,2017-04-30T18:41:22.853,0.00086196,0.00062999,0.000504,ETH-SNGLS,178,202,0.00053414,2017-11-07T14:59:17.403,1949094.06644453
238,0.00010298,267.52854573,0.00010171,2017-06-28T18:26:15.747,0.00010317,0.00010298,9.702e-05,ETH-SNT,173,1046,0.00010159,2017-11-07T15:00:08.277,2663270.03159953
239,0.00178246,124.63521291,0.0017709,2017-07-11T21:14:32.643,0.00178,0.00178,0.00155,ETH-STORJ,128,439,0.00162,2017-11-07T14:57:47.807,76340.92718228
240,0.0103459,245.24052843,0.0101005,2017-08-04T18:01:27.713,0.01047204,0.01035644,0.00985906,ETH-STRAT,233,1177,0.01032496,2017-11-07T15:00:11.7,24226.59502484
241,0.08213298,6.09313182,0.07877205,2017-06-23T18:01:03.323,0.07838918,0.07838918,0.0766623,ETH-TIME,70,135,0.07834608,2017-11-07T14:59:52.92,77.88982641
242,0.00060496,51.05298749,0.00059065,2017-10-25T21:01:08.287,0.000635,0.000605,0.00058002,ETH-TIX,38,311,0.00061193,2017-11-07T15:00:09.92,83583.53388777
243,0.00364992,41.23212692,0.00352191,2017-05-09T04:43:46.723,0.0038783,0.00364992,0.00335111,ETH-TKN,63,492,0.00364099,2017-11-07T15:00:12.717,11397.20937904
244,0.00083715,67.84091695,0.00081197,2017-05-19T15:55:11.28,0.000882,0.000815,0.000802,ETH-TRST,74,210,0.00083,2017-11-07T14:59:55.963,81453.15694201
245,0.0128447,262.59479835,0.01280004,2017-08-04T18:00:50.15,0.01280005,0.01280005,0.0111,ETH-WAVES,187,450,0.01199999,2017-11-07T14:57:19.603,22004.52680578
246,0.00126518,68.96820082,0.001252,2017-04-26T22:16:06.627,0.00129513,0.00123944,0.00123944,ETH-WINGS,47,319,0.00129125,2017-11-07T14:58:50.247,54656.60139152
247,0.00062099,576.81503701,0.00061244,2017-07-21T01:08:49.38,0.00063419,0.000619,0.00057261,ETH-XEM,142,551,0.00061745,2017-11-07T15:00:10.763,943136.07269128
248,0.00010777,716.10330982,0.00010601,2017-07-21T01:08:49.38,0.00011195,0.000106,9e-05,ETH-XLM,231,428,9.212e-05,2017-11-07T15:00:11.387,6868041.24174879
249,0.33433898,881.6071696,0.3321,2017-07-21T01:08:49.367,0.34985,0.3321,0.30155102,ETH-XMR,152,267,0.30104782,2017-11-07T15:00:11.31,2665.7310441
250,0.00070136,697.28023899,0.00069543,2017-06-25T03:07:09.677,0.00070135,0.0007013,0.000666,ETH-XRP,456,836,0.00067807,2017-11-07T15:00:12.857,1023540.68747585
251,0.807,488.46625002,0.79800806,2017-07-14T17:10:07.8,0.807,0.7993,0.75149496,ETH-ZEC,263,526,0.75939371,2017-11-07T15:00:13.42,627.56166731
252,589.5,5181772.53820493,587.10000115,2017-08-01T18:34:04.873,648.99999805,590.0,585.012,USDT-BCC,1266,2117,629.0,2017-11-07T15:00:12.887,8527.02232366
253,6990.00050001,42169091.44683273,6985.0,2015-12-11T06:31:40.633,7302.0,6985.0,6923.0,USDT-BTC,9535,4016,7300.001,2017-11-07T15:00:07.293,5965.86051956
254,283.28999957,1023594.8221698,280.001101,2017-07-21T01:08:49.413,301.61904399,282.0,272.1632695,USDT-DASH,414,1046,274.00000001,2017-11-07T15:00:12.81,3563.90841394
255,13.56099963,2368975.15938473,13.55,2017-07-14T17:10:10.72,14.8,13.55,13.55,USDT-ETC,610,2159,14.7878601,2017-11-07T15:00:12.73,167171.53133849
256,287.163,4450912.54029291,287.16299999,2017-04-20T17:26:37.647,304.04122641,287.163,285.00000001,USDT-ETH,1662,4268,300.4554509,2017-11-07T15:00:11.637,15042.67111846
257,57.28,1759717.8739422,57.0,2017-07-14T17:10:10.72,58.68,57.0,54.28713508,USDT-LTC,929,2468,55.42,2017-11-07T14:59:53.09,31197.02160694
258,25.93702494,1396712.14928989,25.85000001,2017-08-04T16:58:43.087,26.5799999,25.93702494,25.5,USDT-NEO,1314,5029,26.49998999,2017-11-07T15:00:09.217,53501.43820743
259,6.27058467,973304.60363264,6.2177,2017-09-15T23:49:44.83,6.6999,6.27999997,6.2,USDT-OMG,906,4768,6.3727765,2017-11-07T15:00:01.7,149795.25884432
260,96.59999995,2238243.50980002,95.30953,2017-07-21T01:08:49.397,104.5,96.05789969,90.5,USDT-XMR,505,903,90.5,2017-11-07T15:00:06.573,22759.38719342
261,0.20199999,623303.57894857,0.20100001,2017-07-14T17:10:10.737,0.206,0.20199999,0.19934411,USDT-XRP,1156,4275,0.20479999,2017-11-07T15:00:06.933,3076895.81671223
262,232.0,456070.35136097,230.72307003,2017-07-14T17:10:10.673,235.99999955,231.0,226.0,USDT-ZEC,726,2858,226.37002906,2017-11-07T15:00:12.23,1973.53869276
263,2.168e-05,1634.0305136,2.165e-05,2017-11-07T07:59:10.913,0.0002001,2.165e-05,1.7e-05,BTC-RCN,667,2054,0.0002,2017-11-07T15:00:12.62,74102489.49297667
264,0.00052278,2786.08392791,0.00052277,2017-11-07T07:59:10.93,0.00089,0.00052277,0.00025124,ETH-RCN,125,233,0.00089,2017-11-07T15:00:13.043,5303756.67306607
