,Ask,BaseVolume,Bid,Created,High,Last,Low,MarketName,OpenBuyOrders,OpenSellOrders,PrevDay,TimeStamp,Volume
0,4.994e-05,572.08486767,4.932e-05,2017-06-06T01:22:35.727,7.245e-05,4.994e-05,4.451e-05,BTC-1ST,278,5804,4.451e-05,2017-11-07T15:07:13.627,9871603.30880636
1,8.7e-07,26.57410557,8.6e-07,2016-05-16T06:44:15.287,9.9e-07,8.6e-07,7.9e-07,BTC-2GIVE,322,2260,8.2e-07,2017-11-07T15:06:13.517,30244342.01620607
2,8.5e-07,17.35396474,8.4e-07,2014-10-31T01:43:25.743,9.9e-07,8.5e-07,8e-07,BTC-ABY,268,4896,8.5e-07,2017-11-07T15:03:36.547,19704014.21777796
3,3.11e-06,584.1232764,3.1e-06,2017-09-29T07:01:58.873,3.35e-06,3.11e-06,2.94e-06,BTC-ADA,1545,9201,2.98e-06,2017-11-07T15:07:05.253,185673295.13071465
4,2.72e-06,22.91115025,2.67e-06,2017-07-03T21:08:06.11,2.99e-06,2.72e-06,2.61e-06,BTC-ADT,159,3151,2.65e-06,2017-11-07T15:07:01.97,8179966.45513595
5,0.0001261,536.456531,0.00012554,2017-07-11T22:42:17.78,0.0001429,0.00012558,0.00011994,BTC-ADX,697,8774,0.00012052,2017-11-07T15:07:01.877,4077094.92679511
6,0.000215,16.00040713,0.00021322,2015-07-31T00:50:47.11,0.00021999,0.00021322,0.00019103,BTC-AEON,255,2145,0.00020235,2017-11-07T15:02:57.407,76534.88002476
7,5.031e-05,2.89637357,4.938e-05,2015-11-10T00:53:59.643,5.117e-05,4.953e-05,4.74e-05,BTC-AGRS,201,2517,4.695e-05,2017-11-07T15:07:14.207,58709.78031104
8,2.099e-05,22.75083918,2.061e-05,2015-11-03T19:13:55.18,2.176e-05,2.07e-05,1.951e-05,BTC-AMP,156,5690,2.055e-05,2017-11-07T15:07:14.41,1095200.6825721
9,0.0001565,49.14059439,0.00015396,2017-05-17T19:54:30.143,0.00016761,0.00015644,0.00014116,BTC-ANT,196,4288,0.00016259,2017-11-07T15:07:10.893,323636.59728304
10,0.00076777,2.95461388,0.00074634,2017-05-02T06:26:32.897,0.00076874,0.00074634,0.000725,BTC-APX,189,1878,0.00075148,2017-11-07T15:07:13.3,3945.7983662
11,2.826e-05,44.23592896,2.815e-05,2016-10-13T18:59:37.407,2.905e-05,2.826e-05,2.669e-05,BTC-ARDR,412,4170,2.673e-05,2017-11-07T15:04:27.33,1569023.79129586
12,0.00036102,287.86208376,0.000361,2017-03-21T18:11:29.347,0.000378,0.000361,0.00033723,BTC-ARK,2023,9743,0.00034079,2017-11-07T15:06:51.003,798354.01044201
13,8.647e-05,2.00184048,8.51e-05,2014-03-16T22:00:00,8.777e-05,8.51e-05,8.5e-05,BTC-AUR,108,1586,8.711e-05,2017-11-07T15:07:11.893,23303.91821529
14,1.996e-05,99.77686777,1.974e-05,2017-06-03T22:04:53.82,2.05e-05,1.98e-05,1.91e-05,BTC-BAT,657,12933,1.922e-05,2017-11-07T15:07:14.253,5004139.95328908
15,3.88e-06,118.98014403,3.86e-06,2014-11-18T17:34:21.083,4.89e-06,3.86e-06,3.11e-06,BTC-BAY,278,3919,3.28e-06,2017-11-07T15:07:05.8,28832466.22295558
16,0.08499979,2091.06872475,0.08465001,2017-08-01T18:34:04.967,0.08999999,0.08465001,0.083959,BTC-BCC,3192,12018,0.08789999,2017-11-07T15:07:06.347,24331.08139344
17,4.768e-05,11.42620604,4.628e-05,2015-09-10T05:28:20.787,4.799e-05,4.77e-05,4.145e-05,BTC-BCY,129,2894,4.212e-05,2017-11-07T15:07:04.16,258289.01066873
18,3.9e-07,9.15218705,3.8e-07,2015-02-15T23:07:32.777,3.9e-07,3.9e-07,3.6e-07,BTC-BITB,517,5120,3.5e-07,2017-11-07T14:59:12.09,24252656.79615244
19,0.00012127,5.75698631,0.00012,2014-11-13T20:20:21.443,0.00012586,0.00012127,0.00011603,BTC-BLITZ,139,2612,0.00011559,2017-11-07T15:02:32.217,47712.20568292
20,3.033e-05,20.91311496,3.03e-05,2014-03-14T09:00:00,3.285e-05,3.033e-05,2.916e-05,BTC-BLK,193,4608,3.021e-05,2017-11-07T15:07:04.66,672356.79638922
21,0.00289043,27.5167835,0.00287,2014-10-29T06:45:03.97,0.00299999,0.00288792,0.00246868,BTC-BLOCK,265,1530,0.00251213,2017-11-07T15:06:49.673,9853.98420254
22,0.00026171,10.66383365,0.00026083,2017-06-22T21:36:30.85,0.00027499,0.00026083,0.00025388,BTC-BNT,138,3314,0.000259,2017-11-07T14:59:23.62,40401.9697731
23,2.095e-05,4.16439294,2.058e-05,2016-06-13T02:27:33.34,2.252e-05,2.095e-05,2.026e-05,BTC-BRK,126,2200,2.055e-05,2017-11-07T15:02:52.22,194299.64893162
24,6.962e-05,17.11542008,6.861e-05,2016-07-10T21:25:05.127,7.207e-05,6.853e-05,6.251e-05,BTC-BRX,142,2034,6.666e-05,2017-11-07T15:06:48.97,254382.06616979
25,8.214e-05,7.66280205,8.145e-05,2016-02-17T00:54:23.677,8.6e-05,8.214e-05,8.078e-05,BTC-BSD,186,2036,8.291e-05,2017-11-07T15:01:09.39,91618.90526874
26,0.01761969,8.25222545,0.0175,2014-07-14T06:05:04.567,0.01790817,0.0175,0.01593002,BTC-BTCD,167,711,0.01784949,2017-11-07T15:07:02.22,480.46821828
27,0.0,63.85828478,0.0,2014-11-24T08:18:16.53,9.98e-06,8.86e-06,8.44e-06,BTC-BTS,229,4558,8.63e-06,2017-11-05T18:01:25.117,6871090.19001538
28,8.4e-07,14.24611007,8.3e-07,2014-09-16T07:41:56.047,8.8e-07,8.3e-07,7.5e-07,BTC-BURST,316,6355,7.8e-07,2017-11-07T15:05:22.14,17564561.5747561
29,0.00016,88.59956012,0.00015999,2014-11-03T19:02:45.96,0.00016477,0.00016,7.455e-05,BTC-BYC,264,937,7.6e-05,2017-11-07T15:07:13.52,751824.2490989
30,3.7e-06,24.65560966,3.68e-06,2014-08-10T06:48:44.83,4.49e-06,3.68e-06,3.58e-06,BTC-CANN,254,6245,3.9e-06,2017-11-07T15:05:05.877,6129037.0112006
31,1.29e-05,103.31664095,1.28e-05,2017-06-19T19:59:14.78,1.589e-05,1.28e-05,1.204e-05,BTC-CFI,246,5374,1.279e-05,2017-11-07T15:05:15.3,7363513.31301721
32,0.00068973,7.5597177,0.00067989,2015-04-18T22:04:25.183,0.00072071,0.00068007,0.00064184,BTC-CLAM,237,1468,0.00065339,2017-11-07T15:07:14.377,10984.67338498
33,0.0006952,19.52019599,0.00068293,2014-06-04T08:53:18.563,0.0007666,0.00069528,0.00060111,BTC-CLOAK,304,2836,0.0006536,2017-11-07T15:07:09.72,28729.20069691
34,0.00021621,63.43113424,0.00021401,2015-12-18T00:30:10.31,0.00021878,0.000217,0.0001996,BTC-CLUB,403,1825,0.00020459,2017-11-07T15:04:31.313,302963.81986991
35,6.9e-07,11.17278711,6.8e-07,2015-01-22T19:11:45.903,7.1e-07,6.9e-07,6.4e-07,BTC-COVAL,301,4722,6.7e-07,2017-11-07T15:02:35.657,16365683.16323584
36,5.196e-05,18.65242804,5.169e-05,2015-07-25T06:30:32.53,6.187e-05,5.199e-05,5.199e-05,BTC-CPC,105,2773,5.847e-05,2017-11-07T15:07:10.533,331082.09182652
37,4.978e-05,231.21507689,4.935e-05,2017-06-13T19:40:35.203,6.999e-05,4.978e-05,4.328e-05,BTC-CRB,113,2979,4.252e-05,2017-11-07T15:07:07.253,3821606.84413625
38,0.00019551,13.57153736,0.00019198,2017-03-06T21:10:15.663,0.00020631,0.00019552,0.0001883,BTC-CRW,183,1709,0.0001985,2017-11-07T15:06:24.143,69267.84451759
39,4.499e-05,88.12959431,4.492e-05,2014-05-13T09:00:00,6.146e-05,4.492e-05,4.23e-05,BTC-CURE,325,2201,5.643e-05,2017-11-07T15:07:10.347,1664788.34357037
40,4.046e-05,139.86374284,4.039e-05,2017-07-16T23:04:18.867,4.18e-05,4.046e-05,3.913e-05,BTC-CVC,829,11976,3.921e-05,2017-11-07T15:07:11.317,3453366.741594
41,0.0403,505.71931473,0.04025006,2014-03-11T08:00:00,0.0421155,0.0403,0.03784752,BTC-DASH,1126,5908,0.03784752,2017-11-07T15:06:04.66,12591.26053074
42,0.00400999,50.19485692,0.00400594,2016-02-09T21:06:51.577,0.0042,0.00400999,0.00379999,BTC-DCR,477,4545,0.00382462,2017-11-07T15:06:52.47,12434.9349461
43,6.015e-05,12.27988601,5.925e-05,2017-06-30T16:35:24.643,6.298e-05,6.015e-05,5.694e-05,BTC-DCT,153,4810,5.849e-05,2017-11-07T15:07:11.97,205979.7189594
44,1.2e-06,238.09361565,1.19e-06,2014-08-20T07:09:57.207,1.27e-06,1.19e-06,1.15e-06,BTC-DGB,862,25147,1.16e-06,2017-11-07T15:06:58.597,196991462.5669403
45,0.0089802,5.57941282,0.00858609,2016-06-14T16:25:12.063,0.00916,0.0089802,0.00856101,BTC-DGD,162,1099,0.00879498,2017-11-07T15:07:11.97,625.35819769
46,0.00129998,37.97055086,0.001291,2015-05-01T17:31:24.97,0.00144435,0.001291,0.00089003,BTC-DMD,350,1693,0.00092,2017-11-07T15:07:13.753,33500.17830573
47,5.47e-06,29.04151934,5.33e-06,2017-08-04T02:09:02.873,5.95e-06,5.49e-06,5.28e-06,BTC-DNT,148,1961,5.53e-06,2017-11-07T15:07:13.737,5119350.82351875
48,1.7e-07,30.36408844,1.6e-07,2014-02-13T00:00:00,1.7e-07,1.6e-07,1.5e-07,BTC-DOGE,1637,18028,1.6e-07,2017-11-07T15:07:00.737,185203967.3958192
49,2.94e-06,33.46722226,2.93e-06,2014-10-17T19:09:32.6,3.88e-06,2.94e-06,2.83e-06,BTC-DOPE,283,3390,3.38e-06,2017-11-07T15:07:12.707,10383639.06187602
50,6.08e-05,7.04675075,5.925e-05,2017-04-01T04:06:13.887,6.366e-05,5.921e-05,5.302e-05,BTC-DTB,150,3067,5.712e-05,2017-11-07T15:07:09.877,122588.18236839
51,0.000433,1.65457406,0.00042526,2017-03-23T00:10:19.403,0.0004499,0.00042526,0.000418,BTC-DYN,155,922,0.00041897,2017-11-07T15:01:00.967,3835.54170511
52,1.491e-05,7.3671907,1.467e-05,2016-09-15T15:47:38.92,1.541e-05,1.468e-05,1.425e-05,BTC-EBST,152,4421,1.47e-05,2017-11-07T15:06:54.533,495441.12227417
53,7.799e-05,39.5604449,7.7e-05,2017-04-18T00:56:59.243,7.799e-05,7.7e-05,7.153e-05,BTC-EDG,322,6208,7.355e-05,2017-11-07T15:05:07.533,527844.11668247
54,1.725e-05,1.54838144,1.704e-05,2014-03-20T20:00:00,1.75e-05,1.723e-05,1.621e-05,BTC-EFL,129,1581,1.621e-05,2017-11-07T15:03:46.483,92532.7969353
55,3.169e-05,4.13220253,3.159e-05,2016-01-18T21:01:43.837,3.2e-05,3.17e-05,2.991e-05,BTC-EGC,258,2896,3.138e-05,2017-11-07T15:07:12.47,133661.23834447
56,8.779e-05,73.01915295,8.61e-05,2016-01-06T05:28:04.553,0.00010274,8.61e-05,8.307e-05,BTC-EMC,250,3103,8.725e-05,2017-11-07T15:07:13.143,789158.06075513
57,9.11e-06,115.40145161,9.05e-06,2014-12-24T00:00:00,9.83e-06,9.05e-06,8.28e-06,BTC-EMC2,341,7060,8.44e-06,2017-11-07T15:06:36.97,12912018.50080405
58,1.772e-05,29.61709445,1.742e-05,2014-05-04T00:00:00,2.025e-05,1.742e-05,1.477e-05,BTC-ENRG,250,2283,1.516e-05,2017-11-07T15:06:57.94,1672545.67501038
59,7.485e-05,155.71133269,7.126e-05,2014-05-10T17:00:00,0.0001125,7.11e-05,6.074e-05,BTC-ERC,225,1944,5.965e-05,2017-11-07T15:07:14.44,1780544.29429377
60,0.00193253,573.66273064,0.00193052,2016-07-26T18:10:22.82,0.00206832,0.00193051,0.0019201,BTC-ETC,898,8063,0.00202394,2017-11-07T15:07:12.363,287010.78671883
61,0.0413,2883.70166262,0.04129123,2015-08-14T09:02:24.817,0.04340655,0.0413,0.04021202,BTC-ETH,3727,19377,0.04114916,2017-11-07T15:07:14.27,68589.51582675
62,0.00017249,7.38692354,0.00017025,2014-09-28T20:33:27.633,0.00019988,0.00017025,0.00016702,BTC-EXCL,204,1515,0.00019246,2017-11-07T15:06:17.61,40975.50845041
63,0.0002544,45.89263109,0.00025439,2015-09-16T17:10:15.253,0.00029499,0.00025439,0.00024083,BTC-EXP,187,4160,0.00023995,2017-11-07T15:06:07.47,173836.26439746
64,0.00011999,1.65802989,0.00011802,2014-12-12T19:51:07.703,0.000124,0.000118,0.00011504,BTC-FAIR,241,929,0.0001229,2017-11-07T15:06:55.27,13638.26753617
65,0.00232319,195.52472747,0.0023111,2016-01-09T03:47:07.803,0.00246935,0.0023232,0.00199499,BTC-FCT,582,3906,0.00199286,2017-11-07T15:07:11.457,87171.41295899
66,1.48e-06,13.01681079,1.47e-06,2015-02-23T23:01:53.92,1.57e-06,1.48e-06,1.44e-06,BTC-FLDC,291,3725,1.48e-06,2017-11-07T15:06:08.83,8666796.32197255
67,1.233e-05,13.80289274,1.222e-05,2015-03-11T05:43:30.193,1.272e-05,1.222e-05,1.052e-05,BTC-FLO,191,2380,1.068e-05,2017-11-07T15:07:02.237,1201392.00089772
68,1.679e-05,139.52627407,1.666e-05,2014-02-13T00:00:00,1.702e-05,1.682e-05,1.345e-05,BTC-FTC,950,5250,1.667e-05,2017-11-07T15:07:13.673,8928389.2233037
69,2.24e-06,108.4538823,2.2e-06,2017-07-04T18:45:47.13,2.3e-06,2.2e-06,1.96e-06,BTC-FUN,276,6197,2.13e-06,2017-11-07T15:06:59.19,49640459.40582964
70,0.00101889,1.40669728,0.00099592,2015-05-05T22:38:44.963,0.0010189,0.00101889,0.00093348,BTC-GAM,109,826,0.00095202,2017-11-07T15:07:09.91,1424.49595034
71,0.000235,67.46683437,0.00023454,2015-04-08T04:09:53.013,0.00024778,0.00023464,0.00022714,BTC-GAME,253,5381,0.00023067,2017-11-07T15:05:17.47,286111.89873682
72,1.539e-05,22.08408611,1.52e-05,2017-02-12T00:38:21.023,1.7e-05,1.52e-05,1.44e-05,BTC-GBG,167,2926,1.445e-05,2017-11-07T15:04:45.14,1383708.78680182
73,0.02334223,87.78633826,0.02293824,2017-04-13T20:46:39.83,0.0253,0.02293824,0.02070022,BTC-GBYTE,313,3569,0.02112034,2017-11-07T15:07:13.067,3729.84859321
74,6.78e-06,21.81504186,6.61e-06,2015-08-24T00:25:28.933,8.24e-06,6.78e-06,6.46e-06,BTC-GCR,85,3987,6.6e-06,2017-11-07T15:07:05.173,2935391.1007543
75,0.00014116,8.02855195,0.00013906,2015-02-21T03:29:43.267,0.00014905,0.00013904,0.00013503,BTC-GEO,312,2674,0.00013943,2017-11-07T15:07:10.503,56764.8474296
76,2.118e-05,4.75082878,2.073e-05,2014-03-22T16:00:00,2.152e-05,2.119e-05,1.919e-05,BTC-GLD,274,2200,1.973e-05,2017-11-07T15:07:08.83,234748.55238171
77,0.00862071,10.19053433,0.00850005,2017-04-28T02:43:12,0.0087571,0.00862397,0.00837988,BTC-GNO,159,2286,0.00833374,2017-11-07T15:07:09.363,1187.70844818
78,2.698e-05,107.21627821,2.676e-05,2017-04-17T21:35:59.26,2.791e-05,2.697e-05,2.567e-05,BTC-GNT,488,10585,2.636e-05,2017-11-07T15:07:04.457,3991809.38985231
79,1.63e-05,6.48185023,1.612e-05,2017-01-19T23:23:12.41,1.658e-05,1.63e-05,1.54e-05,BTC-GOLOS,194,2137,1.571e-05,2017-11-07T15:04:45.22,406007.62689184
80,5.65e-06,7.94015541,5.63e-06,2015-02-27T19:57:02.82,5.66e-06,5.64e-06,5.08e-06,BTC-GRC,248,3581,5.19e-06,2017-11-07T15:07:08.567,1470704.03788562
81,9.139e-05,1221.80928791,9.136e-05,2014-04-03T05:00:00,0.0001085,9.136e-05,8.7e-05,BTC-GRS,1771,5236,9.474e-05,2017-11-07T15:06:51.05,12494195.95264578
82,2.227e-05,90.23656743,2.211e-05,2017-04-29T18:08:12.39,2.711e-05,2.228e-05,1.868e-05,BTC-GUP,215,3616,1.916e-05,2017-11-07T15:07:08.707,4056819.00282558
83,1.288e-05,39.58053733,1.263e-05,2017-05-10T00:02:47.373,1.395e-05,1.3e-05,1.2e-05,BTC-HMQ,197,4001,1.218e-05,2017-11-07T15:07:13.127,3039928.31773647
84,2.142e-05,3.08929863,2.141e-05,2017-04-04T21:20:51.083,2.209e-05,2.142e-05,2.093e-05,BTC-INCNT,129,2709,2.182e-05,2017-11-07T05:43:44.113,142340.20175623
85,9.309e-05,3.70077365,9.109e-05,2015-10-03T20:41:41.403,9.535e-05,9.309e-05,8.904e-05,BTC-INFX,176,1547,8.904e-05,2017-11-07T15:06:46.33,39983.47070393
86,0.00035572,101.39684211,0.00035118,2014-07-29T16:57:43.787,0.0004897,0.00035179,0.0003,BTC-IOC,218,1942,0.00031176,2017-11-07T15:07:13.737,254067.96705183
87,0.00015,6.23534895,0.00014775,2017-02-18T23:41:17.04,0.000152,0.00015,0.00014226,BTC-ION,159,2181,0.00015157,2017-11-07T15:07:10.893,42097.65894083
88,0.00031728,56.67653146,0.00031343,2016-12-22T00:54:23.477,0.00033399,0.00031674,0.00029,BTC-IOP,348,5662,0.00030967,2017-11-07T15:02:23.39,178564.42678155
89,0.00038165,559.03432456,0.0003815,2017-02-11T23:04:01.853,0.00040898,0.00038165,0.00036,BTC-KMD,1447,6474,0.00037198,2017-11-07T15:07:04.783,1458104.82036903
90,0.00050915,20.41973069,0.00050124,2014-06-17T05:46:29.303,0.00053644,0.00050915,0.000475,BTC-KORE,272,2431,0.00050101,2017-11-07T15:07:07.987,40231.4166175
91,2.176e-05,31.21192857,2.154e-05,2016-07-05T21:50:07.81,2.219e-05,2.177e-05,1.96e-05,BTC-LBC,321,8789,1.973e-05,2017-11-07T15:07:03.33,1458880.62532598
92,0.000128,122.17373339,0.0001268,2017-04-18T07:37:41.3,0.00014325,0.000128,0.00011561,BTC-LGD,335,5338,0.00013808,2017-11-07T15:07:05.783,929979.82123671
93,6.24e-06,19.04358885,6.23e-06,2017-02-18T23:55:53.153,6.44e-06,6.24e-06,6.06e-06,BTC-LMC,203,5455,6.21e-06,2017-11-07T15:07:02.847,3074991.87053253
94,0.00068004,352.51166584,0.00067696,2016-05-24T18:49:52.77,0.0007,0.00067696,0.00062458,BTC-LSK,1732,8134,0.000626,2017-11-07T15:07:02.47,534368.33657181
95,0.00815198,1132.77738775,0.008151,2014-02-13T00:00:00,0.0083,0.008151,0.0076,BTC-LTC,2122,12844,0.00764,2017-11-07T15:07:11.97,143513.72559786
96,0.00070412,10.88881095,0.00069487,2017-04-30T16:57:03.27,0.00072739,0.00070495,0.00065,BTC-LUN,164,4099,0.00065,2017-11-07T15:07:11.347,15734.09480362
97,5.409e-05,52.79603939,5.339e-05,2016-01-18T20:38:22.707,5.5e-05,5.339e-05,4.603e-05,BTC-MAID,337,3900,4.72e-05,2017-11-07T15:06:10.063,1041823.1064176
98,1.81e-06,17.22441862,1.78e-06,2017-10-13T23:32:02.993,1.85e-06,1.78e-06,1.59e-06,BTC-MANA,172,2482,1.63e-06,2017-11-07T15:07:04.457,9925783.36897099
99,0.00082373,226.8497454,0.000817,2017-07-02T00:37:16.957,0.00086821,0.00081716,0.00078754,BTC-MCO,484,10137,0.000803,2017-11-07T15:06:52.377,272990.37823446
100,3.227e-05,387.43765629,3.189e-05,2016-04-01T18:24:07.207,4.34e-05,3.189e-05,2.843e-05,BTC-MEME,327,1790,3.673e-05,2017-11-07T15:06:33.813,10701480.78088032
101,0.00818077,13.85555509,0.0079302,2017-03-15T19:30:56.167,0.00864404,0.00792701,0.00762766,BTC-MLN,106,1496,0.00865097,2017-11-07T15:07:14.423,1717.51692216
102,0.00037292,58.96641922,0.00037158,2014-04-18T22:00:00,0.00038239,0.00037158,0.000362,BTC-MONA,461,3828,0.000373,2017-11-07T15:07:07.533,159259.54085472
103,0.0007098,195.03470785,0.00070401,2017-07-08T14:59:57.34,0.00077616,0.000704,0.00067144,BTC-MTL,528,6208,0.00067999,2017-11-07T15:07:12.363,271489.0315331
104,1.479e-05,14.22400057,1.463e-05,2015-04-09T17:31:31.113,1.65e-05,1.463e-05,1.401e-05,BTC-MUE,230,3075,1.405e-05,2017-11-07T15:06:46.707,956319.85111704
105,2e-06,36.65675328,1.99e-06,2017-03-27T19:59:13.073,2.52e-06,2e-06,1.86e-06,BTC-MUSIC,285,9387,1.88e-06,2017-11-07T15:06:55.58,17479745.02833718
106,8.502e-05,4.16527362,8.5e-05,2017-06-19T19:13:43.73,8.84e-05,8.502e-05,8.5e-05,BTC-MYST,162,3693,8.628e-05,2017-11-07T15:00:24.823,48562.63185368
107,0.000109,78.59062032,0.00010892,2014-07-08T03:37:28.39,0.00011375,0.00010892,0.00010544,BTC-NAV,511,5104,0.00010637,2017-11-07T15:06:47.893,715610.13984771
108,0.00014149,24.38972683,0.00014011,2015-04-08T03:57:37.33,0.000144,0.00014011,0.00013634,BTC-NBT,44,1774,0.00013719,2017-11-07T15:06:06.063,173899.82460258
109,0.0037262,1135.36486983,0.00372612,2016-10-26T01:28:31.96,0.00382043,0.00372612,0.0036003,BTC-NEO,4597,26988,0.00361917,2017-11-07T15:07:05.783,306707.72841581
110,0.00032959,7.11767096,0.000328,2014-08-20T00:06:59.63,0.00034401,0.0003285,0.00031456,BTC-NEOS,266,2036,0.00034504,2017-11-07T15:06:59.237,21892.46334102
111,1.369e-05,26.98271702,1.343e-05,2014-04-04T22:00:00,1.419e-05,1.343e-05,1.196e-05,BTC-NLG,254,3298,1.223e-05,2017-11-07T15:06:58.91,2041100.46694604
112,0.00154108,15.68692958,0.00150989,2017-06-22T21:58:57.657,0.0016,0.00154091,0.00147258,BTC-NMR,148,4353,0.00149,2017-11-07T15:07:11.77,10292.8333669
113,2.695e-05,20.05405861,2.675e-05,2017-04-17T22:51:08.97,2.929e-05,2.695e-05,2.557e-05,BTC-NXC,100,3821,2.72e-05,2017-11-07T15:07:01.237,726773.41350518
114,0.00013652,24.27409843,0.00013615,2015-01-25T03:00:35.143,0.0001419,0.00013652,0.00012577,BTC-NXS,528,4194,0.00012577,2017-11-07T15:06:49.8,179039.69745319
115,8.2e-06,44.74163052,8.13e-06,2014-03-03T09:00:00,8.27e-06,8.2e-06,7.85e-06,BTC-NXT,350,8430,7.86e-06,2017-11-07T15:07:11.863,5521756.16864564
116,3.493e-05,142.77737205,3.48e-05,2015-05-30T19:26:37.523,3.749e-05,3.48e-05,3.437e-05,BTC-OK,973,10323,3.441e-05,2017-11-07T15:06:46.36,4001544.43207542
117,0.0008937,951.40845935,0.00089124,2017-07-16T17:07:42.313,0.00096103,0.0008937,0.00086706,BTC-OMG,2263,17073,0.00087081,2017-11-07T15:07:09.377,1034898.15283954
118,0.00334788,12.50450745,0.00330167,2015-11-03T19:13:33.197,0.00335788,0.00330167,0.00296994,BTC-OMNI,336,2313,0.00297005,2017-11-07T15:06:48.707,3928.01246394
119,0.00119988,28.29461198,0.001195,2017-07-20T18:19:07.157,0.00124999,0.001195,0.00111,BTC-PART,268,1901,0.00112253,2017-11-07T15:06:49.52,23905.90831443
120,0.00023031,238.1963955,0.00023019,2017-07-07T07:14:00.793,0.00024348,0.00023019,0.0002166,BTC-PAY,974,14374,0.000217,2017-11-07T15:07:04.753,1035825.60289362
121,1.718e-05,10.47950846,1.691e-05,2016-06-02T04:39:35.21,1.72e-05,1.716e-05,1.435e-05,BTC-PDC,189,2436,1.466e-05,2017-11-07T15:07:13.47,652438.47078961
122,3.27e-06,34.75927665,3.25e-06,2014-07-29T07:41:09.4,3.53e-06,3.25e-06,3e-06,BTC-PINK,248,2925,3.33e-06,2017-11-07T15:04:39.53,10470831.36683151
123,0.00040575,177.65312356,0.00040201,2016-03-02T20:45:37.987,0.00043595,0.00040201,0.000395,BTC-PIVX,893,6422,0.00043351,2017-11-07T15:07:11.19,433779.00853002
124,7.084e-05,26.79689566,6.926e-05,2015-06-03T06:31:14.35,7.864e-05,6.904e-05,6.65e-05,BTC-PKB,322,2561,7.056e-05,2017-11-07T15:07:08.66,374550.39077585
125,1.739e-05,1032.8466967,1.708e-05,2014-03-11T08:00:00,2.692e-05,1.739e-05,1.704e-05,BTC-POT,706,4161,2.445e-05,2017-11-07T15:07:14.283,46836552.94246616
126,0.00018986,5.29620945,0.00018723,2014-02-13T00:00:00,0.00019217,0.0001873,0.00018262,BTC-PPC,176,2793,0.00018401,2017-11-07T15:07:12.597,28326.7061888
127,4.66e-06,3.39346591,4.62e-06,2014-03-27T18:00:00,4.87e-06,4.62e-06,4.46e-06,BTC-PTC,215,2457,4.82e-06,2017-11-07T15:05:20.783,729093.66329428
128,2.18e-05,84.25740463,2.17e-05,2017-06-18T17:04:24.1,2.59e-05,2.18e-05,2.027e-05,BTC-PTOY,268,6653,2.06e-05,2017-11-07T15:02:39.53,3648688.9206929
129,8.493e-05,7.25166451,8.46e-05,2017-06-10T00:01:39.293,8.613e-05,8.493e-05,8.1e-05,BTC-QRL,334,3511,8.101e-05,2017-11-07T15:06:04.33,86966.53948597
130,0.0014889,754.87690185,0.001486,2017-07-20T19:08:43.473,0.00155801,0.0014889,0.00142935,BTC-QTUM,768,11649,0.0014507,2017-11-07T15:07:00.957,505857.16921534
131,1.939e-05,37.80989645,1.926e-05,2017-03-05T19:30:16.853,2.135e-05,1.939e-05,1.91e-05,BTC-QWARK,275,5215,2.12e-05,2017-11-07T15:07:01.423,1869789.31742569
132,0.00046494,9.91478235,0.00045483,2016-01-26T23:22:16.193,0.00047099,0.00045483,0.00041861,BTC-RADS,126,2032,0.00042751,2017-11-07T15:07:12.863,22508.29097722
133,9.928e-05,10.75847321,9.821e-05,2014-04-05T08:00:00,0.00010556,9.928e-05,9.529e-05,BTC-RBY,1485,5823,9.608e-05,2017-11-07T15:03:34.313,107668.4966594
134,1.6e-07,61.93132755,1.5e-07,2014-02-25T09:00:00,1.6e-07,1.5e-07,1.4e-07,BTC-RDD,1262,18131,1.4e-07,2017-11-07T15:06:16.61,400711654.415248
135,0.00246354,53.14976569,0.00243006,2016-10-04T15:45:37.14,0.00278,0.00246239,0.00227761,BTC-REP,174,1851,0.00233027,2017-11-07T15:07:12.817,21223.43968615
136,3.476e-05,100.45379116,3.446e-05,2016-06-24T17:00:00.043,3.65e-05,3.476e-05,3.396e-05,BTC-RISE,495,5573,3.463e-05,2017-11-07T15:04:27.983,2862131.52283235
137,7.391e-05,15.4244851,7.364e-05,2017-04-27T00:20:33.857,7.861e-05,7.401e-05,7.3e-05,BTC-RLC,179,3546,7.585e-05,2017-11-07T15:07:10.923,204359.10683981
138,1.23e-06,138.36000091,1.21e-06,2016-02-13T22:14:21.14,1.43e-06,1.21e-06,1.13e-06,BTC-SAFEX,524,6405,1.15e-06,2017-11-07T15:06:12.877,109240597.34421428
139,0.00041707,386.82038746,0.00041279,2017-10-16T17:32:48.777,0.00044108,0.00041272,0.00037129,BTC-SALT,587,1972,0.00039,2017-11-07T15:07:13.423,958346.56180819
140,0.0001424,7.77827117,0.00014058,2016-07-09T19:02:08.943,0.000143,0.0001405,0.00013206,BTC-SBD,119,1829,0.00013206,2017-11-07T15:07:06.567,56037.11095845
141,5.3e-07,129.6505736,5.2e-07,2017-05-22T21:30:29.16,5.4e-07,5.3e-07,4.8e-07,BTC-SC,1025,26552,4.8e-07,2017-11-07T15:07:07.457,250187540.85941
142,1.765e-05,20.86923626,1.722e-05,2016-09-23T07:10:11.78,1.91e-05,1.761e-05,1.651e-05,BTC-SEQ,148,1721,1.69e-05,2017-11-07T15:05:46.487,1140545.49895117
143,0.0001425,8.43167253,0.00014105,2016-10-11T19:48:35.573,0.00015095,0.00014105,0.000135,BTC-SHIFT,146,2385,0.00014569,2017-11-07T15:05:58,59049.95104789
144,0.00015382,4.13353309,0.00015013,2017-02-18T22:34:49.373,0.000155,0.00015013,0.00014415,BTC-SIB,124,2419,0.000145,2017-11-07T15:06:51.44,27431.81714703
145,4.914e-05,34.40208383,4.901e-05,2014-03-23T06:00:00,5.274e-05,4.914e-05,3.88e-05,BTC-SLR,276,1977,3.9e-05,2017-11-07T15:06:40.457,751158.47142451
146,0.00198441,10.89710894,0.00191337,2016-01-20T22:24:04.65,0.00204572,0.00191271,0.00171,BTC-SLS,201,1746,0.0017849,2017-11-07T15:07:11.863,5762.89046354
147,2.607e-05,456.47343384,2.6e-05,2016-10-02T22:16:04.773,3.653e-05,2.6e-05,2.113e-05,BTC-SNGLS,377,1976,2.212e-05,2017-11-07T15:06:39.813,15607694.83300606
148,0.00021756,16.20429024,0.00021754,2015-06-03T06:27:04.623,0.000237,0.00021755,0.000185,BTC-SNRG,271,1656,0.0001943,2017-11-07T15:07:05.83,80113.59165311
149,4.19e-06,95.58235256,4.18e-06,2017-06-28T18:26:15.73,4.33e-06,4.19e-06,4.08e-06,BTC-SNT,361,10242,4.16e-06,2017-11-07T15:07:04.283,22734793.67121047
150,0.0003972,6.61611635,0.00039002,2015-05-18T22:45:47.093,0.00040013,0.00039002,0.00037988,BTC-SPHR,138,1302,0.000385,2017-11-07T15:07:03.533,16994.58484077
151,4.331e-05,14.36089846,4.3e-05,2014-12-19T02:33:07.747,4.595e-05,4.331e-05,4.101e-05,BTC-SPR,253,3401,4.315e-05,2017-11-07T15:05:02.11,331436.19755828
152,6.29e-06,14.52284805,6.21e-06,2014-06-14T07:09:15.327,7.21e-06,6.1e-06,6.1e-06,BTC-START,341,5891,6.78e-06,2017-11-07T15:07:12.363,2210186.9375096
153,0.00012298,74.66833321,0.00012201,2016-04-17T01:22:13.35,0.00013,0.00012298,0.00011906,BTC-STEEM,442,7487,0.00012001,2017-11-07T15:04:57.203,602351.71913948
154,7.23e-05,151.43266614,7.181e-05,2017-07-11T21:14:32.643,7.41e-05,7.181e-05,6.464e-05,BTC-STORJ,627,6687,6.56e-05,2017-11-07T15:07:12.19,2162905.83651961
155,0.0004242,337.0091864,0.00042251,2016-08-10T23:26:39.657,0.00044732,0.0004242,0.00041003,BTC-STRAT,1515,21921,0.000422,2017-11-07T15:06:31.783,787003.74280972
156,0.00015548,51.19201971,0.00015515,2014-10-03T19:16:23.143,0.0001885,0.0001556,0.00014304,BTC-SWIFT,192,1999,0.00014404,2017-11-07T15:05:17.237,300548.39445424
157,0.00017446,7.69135226,0.00017416,2017-03-08T22:32:26.03,0.000179,0.00017416,0.00015394,BTC-SWT,119,1738,0.0001669,2017-11-07T14:59:53.62,45459.68945404
158,3.408e-05,38.11357903,3.353e-05,2016-08-25T21:23:15.27,3.709e-05,3.419e-05,3.228e-05,BTC-SYNX,185,2406,3.294e-05,2017-11-07T15:07:12.58,1109811.15914166
159,2.836e-05,158.76763265,2.827e-05,2014-08-16T19:57:48.823,2.892e-05,2.836e-05,2.732e-05,BTC-SYS,894,8143,2.731e-05,2017-11-07T15:06:41.237,5603710.22257744
160,2.3e-06,312.37296537,2.28e-06,2014-04-29T21:00:00,3.89e-06,2.3e-06,2.22e-06,BTC-THC,480,3985,2.8e-06,2017-11-07T15:07:03.33,104821234.63181074
161,0.00334542,2.88578213,0.00329715,2017-03-09T00:44:08.673,0.00336982,0.00334542,0.0032935,BTC-TIME,129,1582,0.00330242,2017-11-07T15:06:52.817,872.15357799
162,2.495e-05,26.34222593,2.494e-05,2017-10-25T21:01:08.287,2.739e-05,2.494e-05,2.416e-05,BTC-TIX,131,2275,2.52e-05,2017-11-07T15:05:42.22,1030641.6367213
163,0.00014831,24.41911524,0.0001461,2017-05-08T17:09:34.91,0.00016,0.00014825,0.00014546,BTC-TKN,174,3437,0.00015297,2017-11-07T15:06:31.69,161548.83896387
164,0.00025968,28.0716462,0.00024917,2017-03-23T00:48:15.94,0.000285,0.00025978,0.00022098,BTC-TKS,167,1466,0.00022161,2017-11-07T15:07:14.44,110045.55340595
165,8.328e-05,129.86040946,8.288e-05,2016-09-08T05:59:08.183,8.909e-05,8.328e-05,7.803e-05,BTC-TRIG,461,8792,8.03e-05,2017-11-07T15:02:17.53,1544663.19598378
166,3.442e-05,18.58339563,3.41e-05,2017-04-19T04:53:43.893,3.68e-05,3.397e-05,3.328e-05,BTC-TRST,249,3748,3.374e-05,2017-11-07T15:07:13.613,529550.07250361
167,1.702e-05,33.80415721,1.664e-05,2014-07-07T05:46:18.71,1.986e-05,1.664e-05,1.471e-05,BTC-TRUST,286,2083,1.589e-05,2017-11-07T15:06:58.097,1930237.16304366
168,0.00029249,30.84929479,0.0002886,2015-09-02T08:02:54.3,0.00030598,0.00029304,0.0002851,BTC-TX,388,804,0.00029099,2017-11-07T15:07:10.533,104619.6663565
169,0.00016023,34.87756933,0.00016022,2017-02-08T17:00:59.02,0.000165,0.00016023,0.00014731,BTC-UBQ,622,7579,0.00014955,2017-11-07T15:07:01.253,222783.46338187
170,3.878e-05,4.23258433,3.813e-05,2016-08-24T21:39:28.357,3.949e-05,3.811e-05,3.581e-05,BTC-UNB,145,1625,3.8e-05,2017-11-07T15:03:04.827,112663.89515774
171,0.00021116,58.98161456,0.00020902,2014-07-18T00:20:00.393,0.00022,0.00020917,0.0002056,BTC-VIA,474,3261,0.00021084,2017-11-07T15:06:26.8,278975.01098113
172,5.79e-06,46.17480723,5.64e-06,2015-12-30T04:21:47.31,6.49e-06,5.79e-06,5.26e-06,BTC-VOX,264,5924,5.94e-06,2017-11-07T15:06:26.143,7895635.41772296
173,7.591e-05,110.17836947,7.577e-05,2014-05-13T07:00:00,8.7e-05,7.578e-05,7.044e-05,BTC-VRC,497,2558,8.092e-05,2017-11-07T15:07:12.72,1390635.44246741
174,0.0004341,7.92286217,0.0004254,2016-09-16T04:52:17.637,0.00044711,0.0004341,0.00040502,BTC-VRM,212,1509,0.00041501,2017-11-07T14:59:46.59,18528.0526422
175,0.0005091,970.0903459,0.00050901,2014-02-13T00:00:00,0.00054695,0.0005091,0.00047569,BTC-VTC,2933,8388,0.00051371,2017-11-07T15:07:06.533,1887898.2842967
176,2.983e-05,55.53122016,2.965e-05,2014-12-19T02:33:10.943,3.304e-05,2.983e-05,2.441e-05,BTC-VTR,246,1978,2.513e-05,2017-11-07T15:06:51.893,1923244.31228635
177,0.0005155,365.52799732,0.00051001,2016-06-19T15:46:31.167,0.0005321,0.00051,0.00046,BTC-WAVES,1085,11022,0.00049867,2017-11-07T15:07:11.987,723460.31638861
178,5.238e-05,12.96799515,5.2e-05,2017-04-26T22:34:24.49,5.544e-05,5.2e-05,5.09e-05,BTC-WINGS,134,5064,5.207e-05,2017-11-07T15:02:26.06,243028.90949113
179,2.547e-05,4.58055654,2.498e-05,2016-09-25T00:15:16.103,2.54e-05,2.54e-05,2.426e-05,BTC-XAUR,82,1437,2.428e-05,2017-11-07T15:06:40.707,184233.49417003
180,0.00175045,34.43048952,0.00174446,2015-02-14T04:20:41,0.00185,0.00174446,0.00155331,BTC-XCP,453,3450,0.00158414,2017-11-07T15:04:40.22,19724.84197778
181,3.2e-07,12.57159609,3.1e-07,2014-06-21T18:37:57.64,3.3e-07,3.1e-07,3e-07,BTC-XDN,620,6592,3.2e-07,2017-11-07T15:06:12.5,39856480.55148872
182,3.875e-05,184.57599289,3.852e-05,2017-07-01T17:38:44.883,4.921e-05,3.875e-05,3.746e-05,BTC-XEL,338,7251,3.782e-05,2017-11-07T15:07:08.847,4323952.90766462
183,2.564e-05,241.99748763,2.555e-05,2015-04-10T21:06:00.043,2.689e-05,2.564e-05,2.393e-05,BTC-XEM,1079,11769,2.526e-05,2017-11-07T15:07:03.753,9508995.52979466
184,4.4e-06,1120.64506414,4.38e-06,2015-11-17T20:06:44.92,4.8e-06,4.41e-06,3.75e-06,BTC-XLM,1623,15555,3.81e-06,2017-11-07T15:07:08.567,259594563.69132826
185,3.258e-05,9.02583364,3.216e-05,2014-11-10T06:25:07.533,3.65e-05,3.259e-05,3.205e-05,BTC-XMG,303,2276,3.598e-05,2017-11-07T15:07:07.923,260486.34441579
186,0.013704,1043.27404046,0.01368136,2014-06-04T07:38:39.24,0.014997,0.01368,0.01250084,BTC-XMR,1344,6906,0.01250879,2017-11-07T15:07:09.377,75252.28920917
187,4.1e-07,22.79293371,4e-07,2014-03-15T08:00:00,4.5e-07,4.1e-07,3.7e-07,BTC-XMY,443,4811,3.7e-07,2017-11-07T15:06:01.8,55595582.19054036
188,2.891e-05,969.19246507,2.885e-05,2014-12-22T19:30:27.45,2.931e-05,2.891e-05,2.773e-05,BTC-XRP,2376,26380,2.798e-05,2017-11-07T15:07:09.8,33975568.3078421
189,2.346e-05,17.11356232,2.29e-05,2014-07-09T20:33:00.59,2.535e-05,2.342e-05,2.171e-05,BTC-XST,213,1343,2.247e-05,2017-11-07T15:07:12.05,723772.66394946
190,0.00012957,436.20673142,0.00012905,2016-03-12T19:37:38.863,0.00018694,0.00012905,0.000127,BTC-XVC,671,2996,0.00017918,2017-11-07T15:07:07.69,2782232.0392984
191,1.06e-06,2201.1972919,1.05e-06,2016-02-17T22:42:03.61,1.31e-06,1.05e-06,9.5e-07,BTC-XVG,3182,16140,1.31e-06,2017-11-07T15:07:05.847,1971780422.6493945
192,7.32e-06,31.1766863,7.2e-06,2014-04-14T00:00:00,8e-06,7.2e-06,6.86e-06,BTC-XWC,480,1429,7.73e-06,2017-11-07T15:06:20.253,4072754.91895443
193,0.0021,118.42225815,0.00209869,2016-10-20T04:48:30.387,0.00228,0.00209869,0.002054,BTC-XZC,917,3688,0.00213724,2017-11-07T15:06:50.847,54704.16026136
194,0.00025188,18.56194142,0.00025,2016-11-15T20:29:59.73,0.000255,0.00024816,0.00023303,BTC-ZCL,214,5200,0.00023665,2017-11-07T15:07:07.94,76304.93563191
195,0.0330189,321.32386718,0.03300666,2016-10-28T17:13:10.833,0.03382818,0.03300666,0.03127079,BTC-ZEC,861,10860,0.03131134,2017-11-07T15:07:11.487,9867.98366231
196,0.00291,155.55586756,0.00290106,2017-06-05T16:39:49.07,0.0031,0.00290106,0.002819,BTC-ZEN,1597,4341,0.0029297,2017-11-07T15:06:25.033,53054.91513581
197,0.00124974,468.05204017,0.00119996,2017-06-11T17:33:06.127,0.00172,0.00119995,0.00103153,ETH-1ST,109,333,0.00108,2017-11-07T15:07:12.3,343009.12724127
198,6.656e-05,81.45787025,6.526e-05,2017-07-03T21:08:06.22,7.34e-05,6.501e-05,6.31e-05,ETH-ADT,68,536,6.34e-05,2017-11-07T15:06:10.33,1220231.44910124
199,0.00305319,620.04868779,0.00304802,2017-07-11T22:42:17.78,0.0033389,0.00304802,0.00289343,ETH-ADX,184,574,0.00293685,2017-11-07T15:04:42.36,198305.26636883
200,0.003773,240.87694618,0.00376,2017-05-19T15:55:11.293,0.00399598,0.003773,0.00330006,ETH-ANT,82,411,0.00399666,2017-11-07T15:07:07.237,66633.16481691
201,0.00048698,155.56965468,0.00048188,2017-06-03T22:04:52.38,0.000487,0.00048698,0.00046003,ETH-BAT,183,1083,0.0004655,2017-11-07T15:03:09.657,328561.48591177
202,2.06999745,2905.19041988,2.0498517,2017-08-01T18:34:04.763,2.1878999,2.06999781,1.96000003,ETH-BCC,435,455,2.129,2017-11-07T15:07:12.91,1427.96591021
203,0.00640529,105.96590951,0.00628896,2017-06-22T21:36:30.867,0.00640899,0.00640763,0.00621213,ETH-BNT,67,411,0.00621003,2017-11-07T15:07:12.847,16917.84150782
204,0.0,26.34440146,0.0,2017-08-04T18:01:27.853,0.00017062,0.00015172,0.00013,ETH-BTS,74,212,0.00014932,2017-11-05T18:04:55.45,175120.1443082
205,0.00031239,165.69878473,0.00030655,2017-06-19T19:59:14.89,0.00037576,0.00030784,0.00029,ETH-CFI,104,434,0.00032319,2017-11-07T15:07:08.737,505534.8701412
206,0.00129486,172.90252109,0.00118885,2017-06-13T19:40:35.217,0.00164498,0.0013,0.0010229,ETH-CRB,57,175,0.00104351,2017-11-07T15:07:13.987,128246.23107182
207,0.00099334,390.81322414,0.00098051,2017-07-16T23:04:18.99,0.00099398,0.00098342,0.00092,ETH-CVC,186,1018,0.000951,2017-11-07T15:07:13.003,404994.31342315
208,0.9892686,395.34251521,0.974,2017-07-14T17:10:05.143,0.99999999,0.97958872,0.909009,ETH-DASH,134,222,0.91999959,2017-11-07T15:07:14.33,412.02752077
209,2.929e-05,132.29154092,2.862e-05,2017-08-04T18:01:27.777,2.952e-05,2.872e-05,2.754e-05,ETH-DGB,78,598,2.779e-05,2017-11-07T15:07:13.003,4568274.85780771
210,0.22699961,11.04515306,0.21351368,2016-06-17T18:51:39.087,0.22699978,0.22699928,0.20593881,ETH-DGD,67,191,0.20925303,2017-11-07T15:07:13.3,52.10772773
211,0.00013545,89.31060647,0.00013101,2017-08-04T02:09:02.887,0.0001463,0.00013006,0.00012835,ETH-DNT,62,373,0.00013647,2017-11-07T15:07:10.847,658137.98386172
212,0.04773948,892.82827676,0.04680023,2016-07-28T21:45:59.05,0.04903084,0.04774005,0.04615162,ETH-ETC,204,1022,0.04903084,2017-11-07T15:07:14.52,18780.84426391
213,0.05687786,168.68584374,0.05535304,2017-08-04T18:01:27.853,0.05976,0.05498019,0.04755237,ETH-FCT,78,174,0.04728749,2017-11-07T15:07:13.253,3174.58194019
214,5.313e-05,126.42605252,5.252e-05,2017-07-04T18:45:47.143,5.443e-05,5.313e-05,4.7e-05,ETH-FUN,104,835,5.103e-05,2017-11-07T15:07:01.86,2445111.36713191
215,0.20844448,4.88571367,0.20491111,2017-04-30T18:42:52.17,0.2112,0.20846403,0.19999938,ETH-GNO,49,265,0.21086854,2017-11-07T15:06:19.94,23.95994987
216,0.00065911,591.32952447,0.00064864,2017-04-20T06:38:51.877,0.00066075,0.00064864,0.00061599,ETH-GNT,205,1430,0.000642,2017-11-07T15:07:12.423,929275.13644412
217,0.0005379,255.33372788,0.00053651,2017-04-30T18:40:42.213,0.000634,0.00053651,0.0004512,ETH-GUP,69,219,0.00046826,2017-11-07T15:05:24.407,506646.49206993
218,0.00032211,76.67243783,0.00031177,2017-05-10T07:27:27.597,0.00033111,0.00032304,0.00028302,ETH-HMQ,59,294,0.00029449,2017-11-07T15:07:12.66,253697.27630668
219,0.0030973,187.79931529,0.00299536,2017-06-17T15:02:02.783,0.00356244,0.0030973,0.00276021,ETH-LGD,80,326,0.00334832,2017-11-07T15:07:13.487,61553.73257947
220,0.1993764,1014.67391043,0.19696226,2017-06-25T03:06:46.83,0.19998348,0.19937655,0.18100002,ETH-LTC,304,527,0.18519999,2017-11-07T15:07:12.47,5344.63576955
221,0.01715166,55.69112266,0.01681043,2017-04-30T18:41:22.84,0.01715166,0.01715166,0.01580807,ETH-LUN,60,282,0.01591477,2017-11-07T15:06:56.783,3413.27551718
222,4.397e-05,40.50933897,4.3e-05,2017-10-13T23:32:03.027,4.525e-05,4.3e-05,3.867e-05,ETH-MANA,70,224,3.803e-05,2017-11-07T14:58:21.4,973660.73303155
223,0.01989039,362.16771701,0.01968506,2017-07-02T00:37:17.05,0.02049996,0.01968506,0.019,ETH-MCO,183,1032,0.019994,2017-11-07T14:52:04.643,18492.07048124
224,0.01714227,141.44438588,0.01681903,2017-07-08T14:59:57.37,0.01799422,0.01713404,0.0160001,ETH-MTL,120,529,0.01632,2017-11-07T15:07:14.05,8382.23701694
225,0.00208112,3.35049134,0.00203053,2017-06-19T19:13:43.743,0.0021976,0.00206051,0.0020101,ETH-MYST,43,375,0.00219137,2017-11-07T15:07:02.11,1627.20707905
226,0.08999987,1538.34121373,0.08950196,2017-07-21T01:08:49.397,0.08999991,0.08999987,0.0862,ETH-NEO,920,1746,0.0884772,2017-11-07T15:07:03.783,17496.23334215
227,0.03731946,16.16403766,0.03728574,2017-06-22T21:58:57.657,0.03728574,0.03728574,0.03435706,ETH-NMR,98,426,0.03655436,2017-11-07T15:03:32.157,445.66531726
228,0.02175537,1799.92135894,0.02149304,2017-07-16T17:07:42.41,0.0225,0.02175547,0.02085,ETH-OMG,563,2132,0.02125,2017-11-07T15:07:10.83,82882.55391868
229,0.00559986,708.17053889,0.00551475,2017-07-07T07:14:00.873,0.00575931,0.00559996,0.00520201,ETH-PAY,305,1679,0.00528,2017-11-07T15:07:14.097,130404.51826568
230,0.00054158,194.22043484,0.00052092,2017-06-18T17:04:24.147,0.00061394,0.00053001,0.00048652,ETH-PTOY,78,532,0.00052192,2017-11-07T15:07:14.41,355850.77772362
231,0.00205982,9.96053414,0.00202218,2017-06-11T17:33:06.14,0.00201927,0.002,0.00190001,ETH-QRL,89,196,0.00204259,2017-11-07T15:06:51.22,5026.68231775
232,0.03649323,1304.56785074,0.03585285,2017-07-20T19:08:43.473,0.03736976,0.03585089,0.034,ETH-QTUM,355,1016,0.0356,2017-11-07T15:07:13.33,36317.09849891
233,0.06093698,153.57590953,0.05874912,2017-04-20T06:43:49.19,0.06869237,0.0609572,0.05519379,ETH-REP,99,177,0.05662639,2017-11-07T15:07:14.44,2622.79959357
234,0.00182803,29.574392,0.001775,2017-04-30T18:41:22.823,0.00186341,0.00177126,0.00175,ETH-RLC,65,283,0.0018589,2017-11-07T15:07:13.613,16228.24989297
235,0.01003672,975.21373778,0.00984113,2017-10-16T17:32:48.84,0.01042752,0.01000501,0.00900744,ETH-SALT,97,196,0.00947785,2017-11-07T15:07:13.423,101069.37164987
236,1.271e-05,146.39963109,1.26e-05,2017-07-14T17:10:07.74,1.285e-05,1.26e-05,1.149e-05,ETH-SC,142,1170,1.174e-05,2017-11-07T15:00:47.34,12007826.18041916
237,0.00062903,1318.64635311,0.00062497,2017-04-30T18:41:22.853,0.00086196,0.00062903,0.000504,ETH-SNGLS,179,203,0.00053789,2017-11-07T15:06:43.893,1947954.15594826
238,0.00010297,267.6226903,0.00010078,2017-06-28T18:26:15.747,0.00010317,0.00010299,9.702e-05,ETH-SNT,173,1043,0.00010159,2017-11-07T15:07:13.847,2664183.39654407
239,0.00176998,124.71201129,0.00174606,2017-07-11T21:14:32.643,0.00178,0.0017709,0.00155,ETH-STORJ,125,442,0.00162,2017-11-07T15:02:34.907,76384.29405034
240,0.01035576,245.24052843,0.01011381,2017-08-04T18:01:27.713,0.01047204,0.01035644,0.00985906,ETH-STRAT,233,1177,0.01032496,2017-11-07T15:07:14.377,24226.59502484
241,0.08213298,6.09313182,0.0787728,2017-06-23T18:01:03.323,0.07838918,0.07838918,0.0766623,ETH-TIME,70,135,0.07834608,2017-11-07T15:06:57.72,77.88982641
242,0.00060486,51.05298749,0.00059253,2017-10-25T21:01:08.287,0.000635,0.000605,0.00058002,ETH-TIX,38,311,0.00061193,2017-11-07T15:07:04.02,83583.53388777
243,0.00364992,41.23212692,0.00353716,2017-05-09T04:43:46.723,0.0038783,0.00364992,0.00335111,ETH-TKN,63,492,0.00364099,2017-11-07T15:06:37.533,11397.20937904
244,0.00083715,67.60890636,0.0008125,2017-05-19T15:55:11.28,0.000882,0.000815,0.000802,ETH-TRST,77,209,0.00083,2017-11-07T15:07:03.173,81173.62610005
245,0.0128435,274.08404766,0.0124052,2017-08-04T18:00:50.15,0.01280005,0.01240318,0.0111,ETH-WAVES,184,451,0.01215432,2017-11-07T15:07:13.72,22896.31617567
246,0.00126516,68.96869966,0.001252,2017-04-26T22:16:06.627,0.00129513,0.00126516,0.00123944,ETH-WINGS,47,319,0.00129125,2017-11-07T15:06:48.737,54656.99568928
247,0.00062099,576.81503701,0.00061542,2017-07-21T01:08:49.38,0.00063419,0.000619,0.00057261,ETH-XEM,142,551,0.00061745,2017-11-07T15:07:13.77,943136.07269128
248,0.00010772,723.53452121,0.00010616,2017-07-21T01:08:49.38,0.00011195,0.00010616,9e-05,ETH-XLM,234,426,9.212e-05,2017-11-07T15:06:28.313,6938041.349078
249,0.33387613,904.02156607,0.332,2017-07-21T01:08:49.367,0.34985,0.332,0.30258844,ETH-XMR,146,267,0.30228857,2017-11-07T15:06:24.503,2732.54100857
250,0.00070135,732.20781157,0.00069935,2017-06-25T03:07:09.677,0.00070135,0.00069935,0.000666,ETH-XRP,455,836,0.00067807,2017-11-07T15:07:09.27,1073710.10184083
251,0.805,488.92474608,0.7993,2017-07-14T17:10:07.8,0.807,0.805,0.75149496,ETH-ZEC,264,525,0.75939371,2017-11-07T15:06:43.957,628.13325691
252,591.0,5189742.61039115,590.0,2017-08-01T18:34:04.873,648.99999805,591.0,585.012,USDT-BCC,1273,2114,634.20005945,2017-11-07T15:06:32.813,8547.05958332
253,6980.0,42064333.05257951,6973.0,2015-12-11T06:31:40.633,7285.89999999,6973.0,6923.0,USDT-BTC,9546,4029,7264.9,2017-11-07T15:07:12.41,5952.16089919
254,281.55555001,1031550.44275326,281.55555,2017-07-21T01:08:49.413,301.61904399,281.55555,272.1632695,USDT-DASH,413,1049,274.99999999,2017-11-07T15:07:13.423,3591.94121422
255,13.56099861,2541087.81257601,13.55,2017-07-14T17:10:10.72,14.72,13.55,13.55,USDT-ETC,615,2160,14.62000002,2017-11-07T15:07:14.44,180030.26646439
256,288.99999999,4503613.97350557,288.75,2017-04-20T17:26:37.647,304.04122641,288.75,285.00000001,USDT-ETH,1688,4292,298.5,2017-11-07T15:07:09.22,15225.75381934
257,57.11999991,1752713.50887898,56.8,2017-07-14T17:10:10.72,58.68,57.0,54.28713508,USDT-LTC,931,2472,55.42,2017-11-07T15:07:09.613,31069.02606981
258,25.93702496,1396735.61677436,25.9,2017-08-04T16:58:43.087,26.5799999,25.93702496,25.5,USDT-NEO,1316,5028,26.31097101,2017-11-07T15:06:32.127,53502.60359338
259,6.29734867,974235.6498905,6.2311,2017-09-15T23:49:44.83,6.6999,6.29734895,6.2,USDT-OMG,917,4774,6.3727765,2017-11-07T15:07:14.47,149947.55520017
260,96.21427538,2237979.33937386,95.3,2017-07-21T01:08:49.397,104.5,96.45517236,90.5,USDT-XMR,498,897,90.5,2017-11-07T15:07:01.877,22756.45322045
261,0.20199999,628427.03395061,0.20100002,2017-07-14T17:10:10.737,0.206,0.202,0.19934411,USDT-XRP,1144,4268,0.20369558,2017-11-07T15:07:13.283,3102291.34206739
262,231.99999899,456532.67443009,230.70000002,2017-07-14T17:10:10.673,235.99999955,230.70000001,226.0,USDT-ZEC,733,2853,227.0,2017-11-07T15:07:10.423,1975.53921016
263,2.13e-05,1659.9740147,2.1e-05,2017-11-07T07:59:10.913,0.0002001,2.1e-05,1.7e-05,BTC-RCN,603,2074,0.0002,2017-11-07T15:07:12.41,75293763.61869076
264,0.00052018,2856.73218526,0.00051179,2017-11-07T07:59:10.93,0.00089,0.00051979,0.00025124,ETH-RCN,122,230,0.00089,2017-11-07T15:07:06.08,5437925.07537616
