,Ask,BaseVolume,Bid,Created,High,Last,Low,MarketName,OpenBuyOrders,OpenSellOrders,PrevDay,TimeStamp,Volume
0,4.962e-05,574.23616628,4.92e-05,2017-06-06T01:22:35.727,7.245e-05,4.92e-05,4.451e-05,BTC-1ST,278,5810,4.452e-05,2017-11-07T15:23:20.103,9914770.65893018
1,8.7e-07,26.22849041,8.6e-07,2016-05-16T06:44:15.287,9.9e-07,8.6e-07,7.9e-07,BTC-2GIVE,328,2261,8.7e-07,2017-11-07T15:22:35.667,29831454.98402422
2,8.5e-07,17.66823956,8.2e-07,2014-10-31T01:43:25.743,9.9e-07,8.2e-07,8e-07,BTC-ABY,265,4898,8.4e-07,2017-11-07T15:23:20.917,20088005.67071552
3,3.09e-06,585.57866884,3.08e-06,2017-09-29T07:01:58.873,3.35e-06,3.09e-06,2.94e-06,BTC-ADA,1529,9341,2.98e-06,2017-11-07T15:23:14.573,186057085.30824417
4,2.73e-06,22.89325771,2.68e-06,2017-07-03T21:08:06.11,2.99e-06,2.73e-06,2.61e-06,BTC-ADT,154,3150,2.65e-06,2017-11-07T15:23:13.993,8171905.63795406
5,0.000125,531.44655339,0.00012459,2017-07-11T22:42:17.78,0.0001429,0.000125,0.0001205,BTC-ADX,710,8811,0.00012299,2017-11-07T15:22:20.65,4035885.72306826
6,0.000215,15.73128982,0.00021322,2015-07-31T00:50:47.11,0.00021999,0.00021322,0.00019103,BTC-AEON,253,2144,0.0002035,2017-11-07T15:22:45.18,75186.71419077
7,5.031e-05,2.77268135,4.957e-05,2015-11-10T00:53:59.643,5.117e-05,4.953e-05,4.74e-05,BTC-AGRS,199,2515,4.907e-05,2017-11-07T15:23:14.23,56186.78295932
8,2.128e-05,21.62600477,2.102e-05,2015-11-03T19:13:55.18,2.176e-05,2.126e-05,1.951e-05,BTC-AMP,157,5687,2.112e-05,2017-11-07T15:23:20.79,1041450.17211295
9,0.00015718,49.38960905,0.00015454,2017-05-17T19:54:30.143,0.00016761,0.00015724,0.00014116,BTC-ANT,193,4289,0.00015949,2017-11-07T15:23:21.137,325226.47348155
10,0.00076741,3.13569759,0.00074632,2017-05-02T06:26:32.897,0.00076874,0.00076755,0.000725,BTC-APX,188,1876,0.00075148,2017-11-07T15:23:21.197,4188.33274392
11,2.825e-05,43.85663994,2.815e-05,2016-10-13T18:59:37.407,2.905e-05,2.803e-05,2.687e-05,BTC-ARDR,467,4268,2.717e-05,2017-11-07T15:23:02.26,1553820.25378778
12,0.0003667,289.17660346,0.00036669,2017-03-21T18:11:29.347,0.000378,0.00036669,0.00033723,BTC-ARK,2001,9715,0.00034383,2017-11-07T15:23:17.917,801580.21190975
13,8.632e-05,2.00667156,8.51e-05,2014-03-16T22:00:00,8.777e-05,8.51e-05,8.5e-05,BTC-AUR,106,1584,8.711e-05,2017-11-07T15:23:12.59,23361.51452382
14,1.983e-05,99.66532746,1.974e-05,2017-06-03T22:04:53.82,2.05e-05,1.983e-05,1.91e-05,BTC-BAT,665,12936,1.935e-05,2017-11-07T15:23:21.387,4997475.09427768
15,3.96e-06,119.75966443,3.87e-06,2014-11-18T17:34:21.083,4.89e-06,3.87e-06,3.11e-06,BTC-BAY,284,3921,3.28e-06,2017-11-07T15:23:14.057,29027248.66448552
16,0.08502225,1959.91634409,0.085,2017-08-01T18:34:04.967,0.08931001,0.085,0.083959,BTC-BCC,3268,12080,0.08931,2017-11-07T15:23:22.933,22871.0160737
17,4.698e-05,11.75344254,4.58e-05,2015-09-10T05:28:20.787,4.799e-05,4.56e-05,4.145e-05,BTC-BCY,129,2896,4.268e-05,2017-11-07T15:23:13.62,265128.88361639
18,3.9e-07,8.79830072,3.8e-07,2015-02-15T23:07:32.777,3.9e-07,3.8e-07,3.6e-07,BTC-BITB,517,5117,3.7e-07,2017-11-07T15:19:10.007,23269692.84258241
19,0.00012248,5.7728954,0.00012061,2014-11-13T20:20:21.443,0.00012586,0.00012001,0.00011603,BTC-BLITZ,143,2610,0.00011955,2017-11-07T15:21:17.68,47842.76875828
20,3.079e-05,20.98517375,3.072e-05,2014-03-14T09:00:00,3.285e-05,3.078e-05,2.916e-05,BTC-BLK,197,4607,3e-05,2017-11-07T15:23:21.963,674687.95749637
21,0.00303575,32.23158272,0.00296069,2014-10-29T06:45:03.97,0.00303752,0.00303752,0.00246868,BTC-BLOCK,273,1495,0.00247433,2017-11-07T15:23:21.307,11425.5043094
22,0.00026171,10.55586169,0.00026084,2017-06-22T21:36:30.85,0.00027499,0.00026171,0.00025519,BTC-BNT,136,3314,0.00025525,2017-11-07T15:21:49.04,39981.01471113
23,2.129e-05,4.0944019,2.127e-05,2016-06-13T02:27:33.34,2.252e-05,2.099e-05,2.026e-05,BTC-BRK,130,2206,2.156e-05,2017-11-07T15:22:52.493,191045.8439142
24,6.962e-05,17.22351327,6.878e-05,2016-07-10T21:25:05.127,7.207e-05,6.874e-05,6.251e-05,BTC-BRX,142,2034,6.706e-05,2017-11-07T15:20:51.523,255933.25646867
25,8.148e-05,7.64753696,8.147e-05,2016-02-17T00:54:23.677,8.6e-05,8.148e-05,8.078e-05,BTC-BSD,191,2037,8.49e-05,2017-11-07T15:21:43.743,91438.361848
26,0.01761969,8.25750217,0.0175,2014-07-14T06:05:04.567,0.01790817,0.01761969,0.01593002,BTC-BTCD,167,711,0.01784949,2017-11-07T15:20:34.727,480.7676977
27,0.0,63.85828478,0.0,2014-11-24T08:18:16.53,9.98e-06,8.86e-06,8.44e-06,BTC-BTS,229,4558,8.63e-06,2017-11-05T18:01:25.117,6871090.19001538
28,8.3e-07,13.51321944,8.1e-07,2014-09-16T07:41:56.047,8.8e-07,8.3e-07,7.5e-07,BTC-BURST,314,6357,8.2e-07,2017-11-07T15:17:25.287,16659491.88103283
29,0.00013688,152.16500859,0.00013007,2014-11-03T19:02:45.96,0.00016843,0.00013007,7.455e-05,BTC-BYC,287,1089,7.5e-05,2017-11-07T15:23:22.933,1162289.02358987
30,3.7e-06,24.47371156,3.69e-06,2014-08-10T06:48:44.83,4.49e-06,3.68e-06,3.58e-06,BTC-CANN,258,6248,3.94e-06,2017-11-07T15:22:50.23,6083659.52667576
31,1.277e-05,102.42068224,1.266e-05,2017-06-19T19:59:14.78,1.589e-05,1.278e-05,1.204e-05,BTC-CFI,241,5373,1.26e-05,2017-11-07T15:22:30.197,7293008.93890362
32,0.00068968,7.44449712,0.0006817,2015-04-18T22:04:25.183,0.00072071,0.00068125,0.00064184,BTC-CLAM,235,1467,0.00066003,2017-11-07T15:23:23.027,10802.3876196
33,0.00069131,19.28061775,0.00068994,2014-06-04T08:53:18.563,0.0007666,0.00069147,0.00060111,BTC-CLOAK,315,2871,0.00066686,2017-11-07T15:23:18.697,28364.77483089
34,0.00021451,63.5436306,0.0002145,2015-12-18T00:30:10.31,0.00021878,0.00021451,0.0001996,BTC-CLUB,402,1826,0.00020366,2017-11-07T15:21:57.82,303467.86964513
35,6.9e-07,9.74663184,6.8e-07,2015-01-22T19:11:45.903,7.1e-07,6.9e-07,6.4e-07,BTC-COVAL,302,4726,7e-07,2017-11-07T15:19:42.553,14275160.28142558
36,5.089e-05,17.92078012,5.007e-05,2015-07-25T06:30:32.53,6.1e-05,5.09e-05,5.004e-05,BTC-CPC,107,2776,5.979e-05,2017-11-07T15:23:18.417,322553.88955144
37,5.267e-05,235.77935837,5.176e-05,2017-06-13T19:40:35.203,6.999e-05,5.268e-05,4.328e-05,BTC-CRB,136,2973,4.328e-05,2017-11-07T15:23:20.87,3910189.7369721
38,0.00021074,14.72018331,0.00021073,2017-03-06T21:10:15.663,0.00021049,0.00021049,0.0001883,BTC-CRW,196,1643,0.00019789,2017-11-07T15:23:08.103,74851.08771192
39,4.467e-05,87.47732572,4.401e-05,2014-05-13T09:00:00,6.146e-05,4.473e-05,4.23e-05,BTC-CURE,323,2205,5.714e-05,2017-11-07T15:23:20.84,1657682.84832507
40,4.065e-05,141.86567593,4.01e-05,2017-07-16T23:04:18.867,4.18e-05,4.003e-05,3.913e-05,BTC-CVC,871,12009,3.921e-05,2017-11-07T15:23:19.9,3502576.62658316
41,0.04025826,505.48572947,0.04000312,2014-03-11T08:00:00,0.0421155,0.04025826,0.0382,BTC-DASH,1134,6072,0.03823641,2017-11-07T15:23:19.933,12577.20765543
42,0.0040497,49.91100783,0.00400001,2016-02-09T21:06:51.577,0.0042,0.00400001,0.00379999,BTC-DCR,527,4640,0.00384014,2017-11-07T15:21:52.977,12353.68046768
43,6.015e-05,12.5967431,5.922e-05,2017-06-30T16:35:24.643,6.298e-05,5.922e-05,5.7e-05,BTC-DCT,159,4815,5.891e-05,2017-11-07T15:23:20.463,211018.40009659
44,1.2e-06,235.61630082,1.19e-06,2014-08-20T07:09:57.207,1.27e-06,1.19e-06,1.15e-06,BTC-DGB,914,25376,1.16e-06,2017-11-07T15:23:01.073,194855305.45726857
45,0.0090742,6.15017528,0.00904826,2016-06-14T16:25:12.063,0.00916,0.0090742,0.00856101,BTC-DGD,153,1089,0.00879497,2017-11-07T15:18:09.833,688.61171304
46,0.00118939,41.45747173,0.00118893,2015-05-01T17:31:24.97,0.00144435,0.00118893,0.00089003,BTC-DMD,329,1705,0.00091666,2017-11-07T15:23:22.527,36203.16105928
47,5.52e-06,28.25673815,5.42e-06,2017-08-04T02:09:02.873,5.95e-06,5.52e-06,5.28e-06,BTC-DNT,149,1965,5.64e-06,2017-11-07T15:23:04.34,4978577.7621249
48,1.7e-07,30.35445589,1.6e-07,2014-02-13T00:00:00,1.7e-07,1.7e-07,1.5e-07,BTC-DOGE,1645,18024,1.7e-07,2017-11-07T15:22:23.07,185058095.45877972
49,3e-06,31.93539796,2.91e-06,2014-10-17T19:09:32.6,3.88e-06,2.9e-06,2.83e-06,BTC-DOPE,283,3392,3.54e-06,2017-11-07T15:23:06.79,9957127.95290125
50,6.079e-05,6.42132842,5.916e-05,2017-04-01T04:06:13.887,6.366e-05,5.916e-05,5.38e-05,BTC-DTB,141,3069,5.43e-05,2017-11-07T15:22:39.12,110784.40374049
51,0.000433,1.640912,0.00042526,2017-03-23T00:10:19.403,0.0004499,0.00042526,0.000418,BTC-DYN,152,922,0.00041897,2017-11-07T15:23:05.133,3802.93299972
52,1.5e-05,7.59929073,1.476e-05,2016-09-15T15:47:38.92,1.541e-05,1.5e-05,1.425e-05,BTC-EBST,149,4420,1.462e-05,2017-11-07T15:23:14.68,510866.57801801
53,7.8e-05,39.49325478,7.794e-05,2017-04-18T00:56:59.243,7.799e-05,7.795e-05,7.153e-05,BTC-EDG,323,6198,7.396e-05,2017-11-07T15:23:11.417,526666.79394627
54,1.725e-05,1.44563448,1.696e-05,2014-03-20T20:00:00,1.75e-05,1.696e-05,1.626e-05,BTC-EFL,126,1582,1.637e-05,2017-11-07T15:21:34.743,86157.66567627
55,3.17e-05,4.13237369,3.169e-05,2016-01-18T21:01:43.837,3.2e-05,3.169e-05,2.991e-05,BTC-EGC,256,2893,3.143e-05,2017-11-07T15:19:13.57,133649.03984506
56,8.799e-05,70.08921203,8.75e-05,2016-01-06T05:28:04.553,0.00010274,8.607e-05,8.31e-05,BTC-EMC,255,3111,8.482e-05,2017-11-07T15:23:20.933,754912.31036589
57,9.18e-06,113.58033632,9.11e-06,2014-12-24T00:00:00,9.83e-06,9.18e-06,8.28e-06,BTC-EMC2,359,7058,8.44e-06,2017-11-07T15:23:10.93,12689803.41650066
58,1.771e-05,29.6885986,1.713e-05,2014-05-04T00:00:00,2.025e-05,1.771e-05,1.477e-05,BTC-ENRG,260,2283,1.516e-05,2017-11-07T15:23:20.387,1676609.37446789
59,8.098e-05,159.79140827,7.983e-05,2014-05-10T17:00:00,0.0001125,8.098e-05,6.077e-05,BTC-ERC,233,1911,6.075e-05,2017-11-07T15:23:21.307,1833353.97068787
60,0.00190904,571.75424944,0.001901,2016-07-26T18:10:22.82,0.00206832,0.00190904,0.00189387,BTC-ETC,1056,8255,0.00199981,2017-11-07T15:23:23.137,286392.23783977
61,0.0411339,2867.88300278,0.04109,2015-08-14T09:02:24.817,0.04340655,0.0411339,0.04021202,BTC-ETH,3857,20119,0.0414,2017-11-07T15:23:20.823,68208.09950981
62,0.0001725,6.45138186,0.00017249,2014-09-28T20:33:27.633,0.00019657,0.00017249,0.00016702,BTC-EXCL,203,1515,0.00019195,2017-11-07T15:14:47.67,36219.80432033
63,0.00025409,45.8048122,0.00025,2015-09-16T17:10:15.253,0.00029499,0.00025001,0.00024102,BTC-EXP,187,4164,0.00024083,2017-11-07T15:23:18.26,173466.91947014
64,0.00011997,1.65903971,0.00011802,2014-12-12T19:51:07.703,0.000124,0.00011997,0.00011504,BTC-FAIR,241,931,0.0001229,2017-11-07T15:20:07.693,13646.68484375
65,0.00244887,201.42118159,0.00239143,2016-01-09T03:47:07.803,0.00248,0.0023877,0.00200017,BTC-FCT,610,3866,0.00200007,2017-11-07T15:23:20.87,89507.65081474
66,1.48e-06,13.03465276,1.47e-06,2015-02-23T23:01:53.92,1.57e-06,1.47e-06,1.44e-06,BTC-FLDC,289,3723,1.47e-06,2017-11-07T15:13:29.403,8678898.07661867
67,1.207e-05,14.76720512,1.189e-05,2015-03-11T05:43:30.193,1.272e-05,1.206e-05,1.052e-05,BTC-FLO,192,2385,1.068e-05,2017-11-07T15:23:12.073,1278518.72376145
68,1.656e-05,146.64437333,1.613e-05,2014-02-13T00:00:00,1.702e-05,1.657e-05,1.345e-05,BTC-FTC,961,5272,1.659e-05,2017-11-07T15:23:22.04,9361555.50983868
69,2.19e-06,109.57041502,2.14e-06,2017-07-04T18:45:47.13,2.3e-06,2.18e-06,1.96e-06,BTC-FUN,261,6200,2.09e-06,2017-11-07T15:23:17.137,50150603.46228782
70,0.00101879,1.40911816,0.00099532,2015-05-05T22:38:44.963,0.0010189,0.00099489,0.00093348,BTC-GAM,107,829,0.00095202,2017-11-07T15:23:22.887,1426.900277
71,0.000235,66.98719377,0.00023454,2015-04-08T04:09:53.013,0.00024778,0.00023454,0.00022714,BTC-GAME,249,5383,0.00023302,2017-11-07T15:20:50.413,284039.29290272
72,1.538e-05,21.99956938,1.52e-05,2017-02-12T00:38:21.023,1.7e-05,1.52e-05,1.44e-05,BTC-GBG,167,2926,1.443e-05,2017-11-07T15:22:02.383,1377783.16798689
73,0.02334162,87.6463458,0.02292791,2017-04-13T20:46:39.83,0.0253,0.0234,0.02070022,BTC-GBYTE,317,3569,0.02135522,2017-11-07T15:23:22.65,3721.82812113
74,6.76e-06,21.82211301,6.63e-06,2015-08-24T00:25:28.933,8.24e-06,6.63e-06,6.46e-06,BTC-GCR,91,3988,6.51e-06,2017-11-07T15:21:15.07,2936435.59546805
75,0.00014106,7.96257012,0.00013845,2015-02-21T03:29:43.267,0.00014905,0.00013841,0.00013503,BTC-GEO,232,2681,0.00013738,2017-11-07T15:23:22.323,56292.86519886
76,2.098e-05,4.75727211,2.054e-05,2014-03-22T16:00:00,2.152e-05,2.099e-05,1.919e-05,BTC-GLD,276,2204,1.973e-05,2017-11-07T15:23:20.993,235059.47036394
77,0.00861858,10.24305528,0.00850161,2017-04-28T02:43:12,0.0087571,0.00861927,0.00837988,BTC-GNO,156,2293,0.00845104,2017-11-07T15:23:19.853,1193.79851404
78,2.689e-05,114.94644747,2.687e-05,2017-04-17T21:35:59.26,2.8e-05,2.689e-05,2.567e-05,BTC-GNT,505,10550,2.637e-05,2017-11-07T15:22:53.337,4271450.96084343
79,1.63e-05,6.49204007,1.612e-05,2017-01-19T23:23:12.41,1.658e-05,1.63e-05,1.54e-05,BTC-GOLOS,190,2137,1.571e-05,2017-11-07T15:15:17.517,406632.76814188
80,5.68e-06,7.93668208,5.6e-06,2015-02-27T19:57:02.82,5.69e-06,5.69e-06,5.08e-06,BTC-GRC,241,3577,5.19e-06,2017-11-07T15:20:22.883,1468482.30615318
81,9.119e-05,1225.06912167,9.052e-05,2014-04-03T05:00:00,0.0001085,9.052e-05,8.7e-05,BTC-GRS,1789,5277,9.299e-05,2017-11-07T15:23:21.947,12533207.98306269
82,2.119e-05,91.78058126,2.107e-05,2017-04-29T18:08:12.39,2.711e-05,2.119e-05,1.868e-05,BTC-GUP,208,3634,1.93e-05,2017-11-07T15:23:22.09,4127681.90904467
83,1.254e-05,41.5256367,1.234e-05,2017-05-10T00:02:47.373,1.395e-05,1.24e-05,1.2e-05,BTC-HMQ,179,4047,1.234e-05,2017-11-07T15:23:22.073,3198565.35440756
84,2.142e-05,3.08929863,2.141e-05,2017-04-04T21:20:51.083,2.209e-05,2.142e-05,2.093e-05,BTC-INCNT,129,2709,2.182e-05,2017-11-07T05:43:44.113,142340.20175623
85,9.479e-05,3.80754727,9.134e-05,2015-10-03T20:41:41.403,9.535e-05,9.479e-05,8.904e-05,BTC-INFX,178,1548,9.016e-05,2017-11-07T15:23:21.387,41112.8627916
86,0.00035208,101.66047591,0.00035,2014-07-29T16:57:43.787,0.0004897,0.00035,0.0003,BTC-IOC,212,1935,0.000312,2017-11-07T15:23:20.027,254808.26921198
87,0.00015126,6.24718126,0.00015004,2017-02-18T23:41:17.04,0.000152,0.00015126,0.00014226,BTC-ION,191,2177,0.00015157,2017-11-07T15:23:17.197,42176.47904518
88,0.00031916,54.92120289,0.00031859,2016-12-22T00:54:23.477,0.00033399,0.00031859,0.00029,BTC-IOP,348,5565,0.0003153,2017-11-07T15:23:13.48,172898.10285654
89,0.00038449,548.2350625,0.00038414,2017-02-11T23:04:01.853,0.00040898,0.00038414,0.00036,BTC-KMD,1585,6585,0.00038124,2017-11-07T15:23:19.917,1429360.12048548
90,0.000495,20.49958869,0.00049005,2014-06-17T05:46:29.303,0.00053644,0.00049005,0.000475,BTC-KORE,259,2434,0.00050101,2017-11-07T15:23:04.43,40396.89232084
91,2.2e-05,30.80665358,2.169e-05,2016-07-05T21:50:07.81,2.219e-05,2.169e-05,1.995e-05,BTC-LBC,388,8891,2e-05,2017-11-07T15:23:22.103,1437068.59118877
92,0.00012796,122.58138698,0.00012683,2017-04-18T07:37:41.3,0.00014325,0.00012796,0.00011561,BTC-LGD,417,5379,0.00013606,2017-11-07T15:22:18.493,933282.15922951
93,6.3e-06,19.42461914,6.22e-06,2017-02-18T23:55:53.153,6.44e-06,6.23e-06,6.06e-06,BTC-LMC,205,5450,6.19e-06,2017-11-07T15:22:27.87,3135930.62246709
94,0.00067,351.4114175,0.00066973,2016-05-24T18:49:52.77,0.0007,0.00067,0.00062458,BTC-LSK,1734,8388,0.00062978,2017-11-07T15:23:17.68,532329.70781494
95,0.00813,1136.41853879,0.00812504,2014-02-13T00:00:00,0.0083,0.00813,0.0076,BTC-LTC,2355,13186,0.007643,2017-11-07T15:23:22.243,143909.75413573
96,0.00070509,10.95188378,0.0007,2017-04-30T16:57:03.27,0.00072739,0.0007,0.00065,BTC-LUN,164,4096,0.00065,2017-11-07T15:13:42.64,15824.08647219
97,5.29e-05,53.56787975,5.272e-05,2016-01-18T20:38:22.707,5.5e-05,5.303e-05,4.603e-05,BTC-MAID,334,3907,4.67e-05,2017-11-07T15:22:32.963,1056316.99269131
98,1.8e-06,17.14619421,1.78e-06,2017-10-13T23:32:02.993,1.85e-06,1.78e-06,1.61e-06,BTC-MANA,177,2482,1.6e-06,2017-11-07T15:16:29.3,9877722.15668018
99,0.00081669,225.34333452,0.000815,2017-07-02T00:37:16.957,0.00086821,0.000815,0.00078754,BTC-MCO,447,10051,0.0008,2017-11-07T15:23:08.743,271079.05946221
100,3.216e-05,383.20743988,3.2e-05,2016-04-01T18:24:07.207,4.34e-05,3.2e-05,2.843e-05,BTC-MEME,328,1805,3.607e-05,2017-11-07T15:22:56.197,10586404.98121634
101,0.008178,13.66728409,0.00800035,2017-03-15T19:30:56.167,0.00864404,0.008178,0.00762766,BTC-MLN,112,1498,0.0085005,2017-11-07T15:23:14.777,1695.78720082
102,0.0003737,57.2916228,0.00037368,2014-04-18T22:00:00,0.00038239,0.00037368,0.000362,BTC-MONA,469,3823,0.000373,2017-11-07T15:23:20.76,154783.18135765
103,0.00070978,194.05014972,0.00070408,2017-07-08T14:59:57.34,0.00077616,0.00070978,0.00067144,BTC-MTL,538,6215,0.000678,2017-11-07T15:23:13.557,270010.94644001
104,1.478e-05,14.66118177,1.427e-05,2015-04-09T17:31:31.113,1.65e-05,1.477e-05,1.401e-05,BTC-MUE,220,3077,1.467e-05,2017-11-07T15:23:22.09,986258.01451566
105,1.99e-06,36.65855521,1.98e-06,2017-03-27T19:59:13.073,2.52e-06,1.99e-06,1.86e-06,BTC-MUSIC,284,9390,1.88e-06,2017-11-07T15:12:42.497,17480647.2899541
106,8.502e-05,4.09632757,8.5e-05,2017-06-19T19:13:43.73,8.84e-05,8.502e-05,8.5e-05,BTC-MYST,156,3694,8.501e-05,2017-11-07T15:16:15.923,47751.77900405
107,0.000109,77.63505666,0.00010892,2014-07-08T03:37:28.39,0.00011375,0.00010892,0.0001059,BTC-NAV,553,5197,0.00010777,2017-11-07T15:22:14.417,706648.30952583
108,0.00014149,24.42894232,0.00014012,2015-04-08T03:57:37.33,0.000144,0.00014149,0.00013634,BTC-NBT,46,1774,0.00013697,2017-11-07T15:18:13.473,174172.31577885
109,0.003723,1145.28336528,0.00372093,2016-10-26T01:28:31.96,0.00382043,0.00372093,0.003604,BTC-NEO,4688,27616,0.00362508,2017-11-07T15:23:22.603,309294.80525466
110,0.000327,7.26020453,0.000326,2014-08-20T00:06:59.63,0.0003435,0.000327,0.00031456,BTC-NEOS,263,2045,0.0003435,2017-11-07T15:21:50.103,22338.11450874
111,1.349e-05,26.95027345,1.326e-05,2014-04-04T22:00:00,1.419e-05,1.325e-05,1.196e-05,BTC-NLG,267,3304,1.228e-05,2017-11-07T15:23:21.743,2037026.25036697
112,0.00150991,16.0904579,0.00149027,2017-06-22T21:58:57.657,0.0016,0.00150997,0.00147258,BTC-NMR,144,4356,0.00149,2017-11-07T15:23:09.353,10559.63271104
113,2.737e-05,19.80715306,2.731e-05,2017-04-17T22:51:08.97,2.929e-05,2.716e-05,2.557e-05,BTC-NXC,102,3819,2.787e-05,2017-11-07T15:23:05.807,717729.68673711
114,0.00013652,24.92800796,0.00013599,2015-01-25T03:00:35.143,0.0001419,0.00013652,0.00012792,BTC-NXS,523,4201,0.000128,2017-11-07T15:22:07.87,183811.95439456
115,8.2e-06,44.13212581,8.1e-06,2014-03-03T09:00:00,8.27e-06,8.13e-06,7.87e-06,BTC-NXT,350,8429,7.93e-06,2017-11-07T15:23:21.557,5443587.57383733
116,3.493e-05,141.39181197,3.472e-05,2015-05-30T19:26:37.523,3.749e-05,3.493e-05,3.451e-05,BTC-OK,966,10321,3.528e-05,2017-11-07T15:21:32.26,3962560.89188594
117,0.00088968,943.86390604,0.0008881,2017-07-16T17:07:42.313,0.00096103,0.00088968,0.00086968,BTC-OMG,2216,17579,0.00088187,2017-11-07T15:23:22.243,1026119.22740256
118,0.00334782,12.80537046,0.00330167,2015-11-03T19:13:33.197,0.00335788,0.00330167,0.00296994,BTC-OMNI,276,2315,0.00297006,2017-11-07T15:23:23.213,4018.01069342
119,0.00121999,28.4047255,0.00119488,2017-07-20T18:19:07.157,0.00124999,0.00119488,0.00111,BTC-PART,267,1899,0.00112254,2017-11-07T15:23:22.947,23976.11573335
120,0.00023114,240.4534369,0.0002293,2017-07-07T07:14:00.793,0.00024348,0.00023114,0.00021661,BTC-PAY,974,14481,0.00021661,2017-11-07T15:22:51.68,1045364.88235255
121,1.76e-05,11.69270217,1.742e-05,2016-06-02T04:39:35.21,1.774e-05,1.76e-05,1.435e-05,BTC-PDC,192,2400,1.436e-05,2017-11-07T15:23:23.15,721413.05722485
122,3.27e-06,34.01210763,3.25e-06,2014-07-29T07:41:09.4,3.53e-06,3.27e-06,3e-06,BTC-PINK,248,2925,3.22e-06,2017-11-07T15:22:41.823,10243679.11754037
123,0.00040202,178.30839549,0.00040201,2016-03-02T20:45:37.987,0.00043595,0.00040201,0.000395,BTC-PIVX,874,6453,0.00043368,2017-11-07T15:23:20.637,435449.48670525
124,6.897e-05,26.79599668,6.896e-05,2015-06-03T06:31:14.35,7.864e-05,6.896e-05,6.65e-05,BTC-PKB,322,2570,7.021e-05,2017-11-07T15:22:44.557,374607.39760201
125,1.729e-05,1005.21921791,1.726e-05,2014-03-11T08:00:00,2.692e-05,1.729e-05,1.7e-05,BTC-POT,716,4166,2.559e-05,2017-11-07T15:23:20.79,45940479.90946433
126,0.0001873,5.32753698,0.00018719,2014-02-13T00:00:00,0.00019217,0.0001873,0.00018262,BTC-PPC,174,2795,0.00018401,2017-11-07T15:17:50.723,28493.85451522
127,4.7e-06,3.39855742,4.65e-06,2014-03-27T18:00:00,4.87e-06,4.63e-06,4.46e-06,BTC-PTC,216,2463,4.78e-06,2017-11-07T15:20:34.147,730207.13486162
128,2.134e-05,84.61681341,2.133e-05,2017-06-18T17:04:24.1,2.59e-05,2.134e-05,2.027e-05,BTC-PTOY,367,6657,2.042e-05,2017-11-07T15:23:03.48,3664813.18612416
129,8.487e-05,7.09183143,8.482e-05,2017-06-10T00:01:39.293,8.613e-05,8.482e-05,8.101e-05,BTC-QRL,342,3519,8.1e-05,2017-11-07T15:22:43.29,84903.505746
130,0.00149935,744.54989336,0.00148802,2017-07-20T19:08:43.473,0.00155801,0.00148799,0.00142935,BTC-QTUM,900,11862,0.00145,2017-11-07T15:23:23.197,498626.52246912
131,1.88e-05,37.43862634,1.865e-05,2017-03-05T19:30:16.853,2.135e-05,1.88e-05,1.867e-05,BTC-QWARK,241,5220,2.129e-05,2017-11-07T15:23:22.183,1856952.05832586
132,0.00045417,11.28923077,0.00044117,2016-01-26T23:22:16.193,0.00047099,0.00044098,0.00041861,BTC-RADS,119,2032,0.0004266,2017-11-07T15:23:23.12,25596.70111789
133,9.93e-05,10.72124452,9.818e-05,2014-04-05T08:00:00,0.00010556,9.928e-05,9.529e-05,BTC-RBY,1597,6047,9.614e-05,2017-11-07T15:18:45.663,107271.14517782
134,1.6e-07,60.90456116,1.5e-07,2014-02-25T09:00:00,1.6e-07,1.6e-07,1.4e-07,BTC-RDD,1264,18137,1.5e-07,2017-11-07T15:16:07.893,393829972.11407965
135,0.00245878,53.05353893,0.00243006,2016-10-04T15:45:37.14,0.00278,0.00243006,0.00228094,BTC-REP,177,1852,0.00231834,2017-11-07T15:23:23.197,21181.74849377
136,3.495e-05,102.51414672,3.484e-05,2016-06-24T17:00:00.043,3.65e-05,3.495e-05,3.396e-05,BTC-RISE,531,5697,3.456e-05,2017-11-07T15:23:21.84,2920284.06210562
137,7.439e-05,15.39456209,7.398e-05,2017-04-27T00:20:33.857,7.861e-05,7.438e-05,7.3e-05,BTC-RLC,186,3579,7.586e-05,2017-11-07T15:23:19.48,203982.33193739
138,1.22e-06,138.15345821,1.2e-06,2016-02-13T22:14:21.14,1.43e-06,1.23e-06,1.14e-06,BTC-SAFEX,511,6404,1.17e-06,2017-11-07T15:21:59.62,109044153.81350905
139,0.00041715,376.73400945,0.00041394,2017-10-16T17:32:48.777,0.00044108,0.00041435,0.00038079,BTC-SALT,575,1968,0.00038141,2017-11-07T15:23:22.4,930538.8635233
140,0.00014164,7.9177935,0.0001405,2016-07-09T19:02:08.943,0.000143,0.00014159,0.00013207,BTC-SBD,115,1845,0.00013206,2017-11-07T15:23:23.103,56991.99522698
141,5.3e-07,127.62485498,5.2e-07,2017-05-22T21:30:29.16,5.4e-07,5.3e-07,4.8e-07,BTC-SC,1128,26982,4.8e-07,2017-11-07T15:22:56.823,245849254.59172186
142,1.754e-05,20.97787769,1.722e-05,2016-09-23T07:10:11.78,1.91e-05,1.721e-05,1.651e-05,BTC-SEQ,145,1719,1.69e-05,2017-11-07T15:21:05.43,1146857.80839883
143,0.0001425,7.9370761,0.00014105,2016-10-11T19:48:35.573,0.00014984,0.00014105,0.000135,BTC-SHIFT,147,2380,0.00014379,2017-11-07T15:21:00.74,55733.91148312
144,0.000153,4.13157839,0.00015013,2017-02-18T22:34:49.373,0.000155,0.00015013,0.00014507,BTC-SIB,124,2419,0.00014695,2017-11-07T15:18:37.083,27415.48920523
145,4.937e-05,34.78912199,4.888e-05,2014-03-23T06:00:00,5.274e-05,4.888e-05,3.88e-05,BTC-SLR,287,1977,3.9e-05,2017-11-07T15:23:20.823,759019.00172512
146,0.00195221,10.88908195,0.00191162,2016-01-20T22:24:04.65,0.00204572,0.00197976,0.00171,BTC-SLS,205,1747,0.0017849,2017-11-07T15:23:19.34,5757.76574433
147,2.699e-05,456.46527744,2.692e-05,2016-10-02T22:16:04.773,3.653e-05,2.692e-05,2.113e-05,BTC-SNGLS,376,1963,2.196e-05,2017-11-07T15:23:22.23,15567270.03577975
148,0.00021909,17.18712677,0.00021484,2015-06-03T06:27:04.623,0.000237,0.00021909,0.000185,BTC-SNRG,284,1689,0.00019431,2017-11-07T15:23:05.103,84654.92618543
149,4.24e-06,96.72785122,4.2e-06,2017-06-28T18:26:15.73,4.33e-06,4.24e-06,4.08e-06,BTC-SNT,374,10247,4.18e-06,2017-11-07T15:23:18.993,23000029.51308745
150,0.0003972,6.62538964,0.00039052,2015-05-18T22:45:47.093,0.00040013,0.00039002,0.00037988,BTC-SPHR,137,1303,0.00038211,2017-11-07T15:22:23.417,17017.86787657
151,4.4e-05,14.6663421,4.398e-05,2014-12-19T02:33:07.747,4.595e-05,4.389e-05,4.101e-05,BTC-SPR,261,3403,4.299e-05,2017-11-07T15:22:52.243,338298.3777972
152,6.26e-06,13.85713507,6.12e-06,2014-06-14T07:09:15.327,7.21e-06,6.27e-06,6.1e-06,BTC-START,343,5896,6.9e-06,2017-11-07T15:23:05.167,2113381.41426014
153,0.00012294,74.64843989,0.0001225,2016-04-17T01:22:13.35,0.00013,0.00012297,0.00011906,BTC-STEEM,484,7650,0.00012008,2017-11-07T15:22:55.48,602121.055781
154,7.249e-05,152.71513181,7.174e-05,2017-07-11T21:14:32.643,7.41e-05,7.174e-05,6.464e-05,BTC-STORJ,623,6696,6.615e-05,2017-11-07T15:23:14.9,2178168.35743934
155,0.00042245,334.66160791,0.00042021,2016-08-10T23:26:39.657,0.00044732,0.0004202,0.00041003,BTC-STRAT,1642,22233,0.00042265,2017-11-07T15:22:51.853,781465.12929539
156,0.00015349,51.23634919,0.00015244,2014-10-03T19:16:23.143,0.0001885,0.00015244,0.00014304,BTC-SWIFT,246,2006,0.00014457,2017-11-07T15:22:59.947,300836.21979805
157,0.00017446,6.6705272,0.00017414,2017-03-08T22:32:26.03,0.000179,0.00017415,0.00015394,BTC-SWT,116,1738,0.00017789,2017-11-07T15:21:48.977,39656.50095732
158,3.396e-05,37.79110456,3.352e-05,2016-08-25T21:23:15.27,3.709e-05,3.352e-05,3.253e-05,BTC-SYNX,181,2415,3.31e-05,2017-11-07T15:23:17.73,1099969.39793181
159,2.852e-05,158.14354693,2.839e-05,2014-08-16T19:57:48.823,2.892e-05,2.851e-05,2.732e-05,BTC-SYS,870,8146,2.774e-05,2017-11-07T15:23:19.777,5580420.66787091
160,2.33e-06,244.55564641,2.28e-06,2014-04-29T21:00:00,3.66e-06,2.28e-06,2.22e-06,BTC-THC,475,3984,3.2e-06,2017-11-07T15:22:08.727,84889415.07450552
161,0.0033454,2.88578213,0.00329715,2017-03-09T00:44:08.673,0.00336982,0.00334542,0.0032935,BTC-TIME,127,1584,0.00330242,2017-11-07T15:22:24.307,872.15357799
162,2.489e-05,26.52280216,2.432e-05,2017-10-25T21:01:08.287,2.739e-05,2.433e-05,2.413e-05,BTC-TIX,126,2276,2.475e-05,2017-11-07T15:23:19.43,1038502.3386902
163,0.00014939,23.9970161,0.00014691,2017-05-08T17:09:34.91,0.00016,0.00014898,0.00014546,BTC-TKN,174,3433,0.00015292,2017-11-07T15:23:14.807,158763.40043865
164,0.00025835,28.07444551,0.00025118,2017-03-23T00:48:15.94,0.000285,0.00025871,0.00022098,BTC-TKS,161,1464,0.00022526,2017-11-07T15:23:21.947,110034.89944399
165,8.238e-05,127.89974998,8.23e-05,2016-09-08T05:59:08.183,8.909e-05,8.338e-05,7.803e-05,BTC-TRIG,457,8791,8.25e-05,2017-11-07T15:23:15.853,1520675.66200566
166,3.446e-05,18.64868811,3.426e-05,2017-04-19T04:53:43.893,3.68e-05,3.405e-05,3.328e-05,BTC-TRST,248,3746,3.408e-05,2017-11-07T15:23:00.37,531419.57609612
167,1.677e-05,33.64847275,1.655e-05,2014-07-07T05:46:18.71,1.986e-05,1.681e-05,1.471e-05,BTC-TRUST,293,2091,1.556e-05,2017-11-07T15:23:21.09,1919821.98638904
168,0.00029311,30.66565189,0.000289,2015-09-02T08:02:54.3,0.00030598,0.00029,0.0002851,BTC-TX,386,803,0.00029,2017-11-07T15:23:17.447,103988.25174718
169,0.0001602,34.36973017,0.00016,2017-02-08T17:00:59.02,0.000165,0.0001602,0.00014771,BTC-UBQ,573,7522,0.00015068,2017-11-07T15:23:01.65,219376.28069088
170,3.88e-05,4.29206222,3.822e-05,2016-08-24T21:39:28.357,3.949e-05,3.879e-05,3.581e-05,BTC-UNB,145,1624,3.727e-05,2017-11-07T15:18:41.91,114194.71228306
171,0.00021115,58.33661053,0.00020907,2014-07-18T00:20:00.393,0.00022,0.00021115,0.0002056,BTC-VIA,474,3265,0.00021301,2017-11-07T15:23:14.01,275936.76551071
172,5.59e-06,44.93730441,5.5e-06,2015-12-30T04:21:47.31,6.49e-06,5.58e-06,5.26e-06,BTC-VOX,256,5945,5.94e-06,2017-11-07T15:23:14.417,7689823.95843588
173,7.61e-05,109.04291003,7.576e-05,2014-05-13T07:00:00,8.7e-05,7.575e-05,7.044e-05,BTC-VRC,497,2563,8.028e-05,2017-11-07T15:22:57.93,1377272.33801905
174,0.0004341,7.82389905,0.00042538,2016-09-16T04:52:17.637,0.00044711,0.0004341,0.00040502,BTC-VRM,214,1508,0.00041502,2017-11-07T15:19:30.35,18289.5936927
175,0.00050873,956.09252408,0.000508,2014-02-13T00:00:00,0.00054695,0.000508,0.00047569,BTC-VTC,2985,8546,0.000524,2017-11-07T15:23:21.167,1860965.25175667
176,2.996e-05,55.79214575,2.95e-05,2014-12-19T02:33:10.943,3.304e-05,2.95e-05,2.441e-05,BTC-VTR,241,1970,2.513e-05,2017-11-07T15:22:53.417,1929322.31377319
177,0.00051817,341.73368919,0.00051661,2016-06-19T15:46:31.167,0.0005321,0.00051661,0.00046,BTC-WAVES,1258,11421,0.00048988,2017-11-07T15:22:48.947,674573.75367913
178,5.245e-05,12.78985649,5.182e-05,2017-04-26T22:34:24.49,5.544e-05,5.237e-05,5.09e-05,BTC-WINGS,136,5104,5.202e-05,2017-11-07T15:22:22.07,239589.7060579
179,2.54e-05,4.56053736,2.499e-05,2016-09-25T00:15:16.103,2.54e-05,2.54e-05,2.426e-05,BTC-XAUR,81,1437,2.475e-05,2017-11-07T15:19:41.63,183423.18496247
180,0.00175344,35.29538771,0.00174911,2015-02-14T04:20:41,0.00185,0.00174911,0.0015793,BTC-XCP,459,3449,0.00157601,2017-11-07T15:23:19.76,20199.44565438
181,3.2e-07,12.25811411,3.1e-07,2014-06-21T18:37:57.64,3.3e-07,3.2e-07,3e-07,BTC-XDN,623,6592,3.2e-07,2017-11-07T15:15:45.237,38856609.66240759
182,3.96e-05,185.59135562,3.894e-05,2017-07-01T17:38:44.883,4.921e-05,3.964e-05,3.746e-05,BTC-XEL,347,7252,3.761e-05,2017-11-07T15:23:18.417,4349591.53431478
183,2.535e-05,240.12908736,2.534e-05,2015-04-10T21:06:00.043,2.689e-05,2.535e-05,2.393e-05,BTC-XEM,1138,12032,2.536e-05,2017-11-07T15:23:00.057,9434984.05649529
184,4.34e-06,1124.68087082,4.31e-06,2015-11-17T20:06:44.92,4.8e-06,4.32e-06,3.75e-06,BTC-XLM,1671,15709,3.79e-06,2017-11-07T15:23:22.59,260442189.29915088
185,3.257e-05,9.02785455,3.228e-05,2014-11-10T06:25:07.533,3.65e-05,3.257e-05,3.205e-05,BTC-XMG,306,2278,3.55e-05,2017-11-07T15:19:51.46,261140.42912222
186,0.0136823,1018.92804247,0.013598,2014-06-04T07:38:39.24,0.014997,0.0136823,0.0129,BTC-XMR,1502,7153,0.01309017,2017-11-07T15:23:23.213,73330.68972953
187,4.1e-07,22.7802628,4e-07,2014-03-15T08:00:00,4.5e-07,4e-07,3.7e-07,BTC-XMY,440,4811,3.7e-07,2017-11-07T15:15:51.83,55556261.46553636
188,2.878e-05,986.08462789,2.872e-05,2014-12-22T19:30:27.45,2.931e-05,2.878e-05,2.773e-05,BTC-XRP,2334,26612,2.789e-05,2017-11-07T15:23:18.93,34552386.20385573
189,2.346e-05,17.05764711,2.293e-05,2014-07-09T20:33:00.59,2.535e-05,2.342e-05,2.171e-05,BTC-XST,220,1343,2.241e-05,2017-11-07T15:23:21.4,721276.9699218
190,0.000125,433.19061261,0.00012358,2016-03-12T19:37:38.863,0.00018694,0.00012709,0.00012339,BTC-XVC,708,3034,0.000175,2017-11-07T15:23:17.353,2775465.89732813
191,1.06e-06,2185.99881597,1.05e-06,2016-02-17T22:42:03.61,1.31e-06,1.05e-06,9.5e-07,BTC-XVG,3316,16296,1.29e-06,2017-11-07T15:23:20.51,1961136325.5601249
192,7.12e-06,33.33428824,7.03e-06,2014-04-14T00:00:00,8e-06,7.13e-06,6.71e-06,BTC-XWC,487,1440,7.53e-06,2017-11-07T15:23:12.197,4389021.40465321
193,0.00211952,117.46989272,0.00211403,2016-10-20T04:48:30.387,0.00228,0.00211952,0.002054,BTC-XZC,877,3666,0.00207914,2017-11-07T15:22:26.837,54260.25802145
194,0.0002546,18.76250508,0.000252,2016-11-15T20:29:59.73,0.000255,0.0002546,0.00023303,BTC-ZCL,214,5199,0.00023798,2017-11-07T15:23:22.743,77033.01900996
195,0.033,318.31885204,0.03293125,2016-10-28T17:13:10.833,0.03382818,0.03293125,0.03131197,BTC-ZEC,924,11247,0.0315,2017-11-07T15:23:13.057,9770.81127517
196,0.00291529,153.5829321,0.00289359,2017-06-05T16:39:49.07,0.0031,0.00289359,0.002819,BTC-ZEN,1682,4451,0.00294115,2017-11-07T15:23:15.323,52385.09606866
197,0.0012327,476.76250557,0.00119012,2017-06-11T17:33:06.127,0.00172,0.00123357,0.00103153,ETH-1ST,111,337,0.00108472,2017-11-07T15:23:21.993,350264.6558387
198,6.656e-05,79.20496796,6.5e-05,2017-07-03T21:08:06.22,7.34e-05,6.5e-05,6.31e-05,ETH-ADT,69,536,6.447e-05,2017-11-07T15:22:35.713,1184873.88102658
199,0.00303944,616.15134638,0.00303584,2017-07-11T22:42:17.78,0.0033389,0.00303945,0.00289343,ETH-ADX,184,572,0.00302962,2017-11-07T15:22:36.197,196965.78715158
200,0.0038236,246.89164869,0.00376,2017-05-19T15:55:11.293,0.00399598,0.00387865,0.00330006,ETH-ANT,86,411,0.00399666,2017-11-07T15:23:00.743,68201.02243217
201,0.00048698,157.6909009,0.00048188,2017-06-03T22:04:52.38,0.000487,0.00048188,0.00046003,ETH-BAT,181,1085,0.00046553,2017-11-07T15:22:05.057,332915.35202669
202,2.06995,2948.000799,2.049494,2017-08-01T18:34:04.763,2.1878999,2.06999871,1.96000003,ETH-BCC,437,447,2.18789988,2017-11-07T15:21:59.023,1449.39274253
203,0.00640899,105.54652462,0.00630682,2017-06-22T21:36:30.867,0.00640899,0.00640763,0.00621213,ETH-BNT,69,411,0.00624048,2017-11-07T15:23:22.963,16850.66253048
204,0.0,26.34440146,0.0,2017-08-04T18:01:27.853,0.00017062,0.00015172,0.00013,ETH-BTS,74,212,0.00014932,2017-11-05T18:04:55.45,175120.1443082
205,0.00031239,163.48018608,0.00030609,2017-06-19T19:59:14.89,0.00037576,0.00030588,0.00029,ETH-CFI,104,430,0.00030908,2017-11-07T15:23:13.493,498459.51682036
206,0.0013,173.134711,0.00121987,2017-06-13T19:40:35.217,0.00164498,0.0012729,0.0010229,ETH-CRB,62,173,0.00104409,2017-11-07T15:23:22.243,128379.37156468
207,0.00099428,391.09836407,0.00098051,2017-07-16T23:04:18.99,0.00099398,0.0009805,0.00092,ETH-CVC,186,1020,0.000951,2017-11-07T15:23:15.667,405282.43835333
208,0.9892837,395.34251521,0.974,2017-07-14T17:10:05.143,0.99999999,0.97958872,0.909009,ETH-DASH,133,224,0.91999959,2017-11-07T15:23:21.43,412.02752077
209,2.943e-05,130.70812707,2.888e-05,2017-08-04T18:01:27.777,2.952e-05,2.896e-05,2.754e-05,ETH-DGB,77,596,2.831e-05,2017-11-07T15:23:23.073,4512331.04280851
210,0.22699773,11.04515306,0.21702994,2016-06-17T18:51:39.087,0.22699978,0.22699928,0.20593881,ETH-DGD,67,193,0.20925303,2017-11-07T15:23:22.76,52.10772773
211,0.00013694,89.54983608,0.00013205,2017-08-04T02:09:02.887,0.0001463,0.00013503,0.00012835,ETH-DNT,60,374,0.00013647,2017-11-07T15:21:23.663,659931.04622392
212,0.04656328,883.56200099,0.04640255,2016-07-28T21:45:59.05,0.04903002,0.0464998,0.04615162,ETH-ETC,191,1032,0.04832536,2017-11-07T15:23:22.65,18610.20934707
213,0.05913303,168.96286149,0.05913302,2017-08-04T18:01:27.853,0.05976,0.05913302,0.04755237,ETH-FCT,73,172,0.04781535,2017-11-07T15:23:11.527,3179.39955327
214,5.313e-05,140.80024222,5.136e-05,2017-07-04T18:45:47.143,5.443e-05,5.313e-05,4.7e-05,ETH-FUN,104,835,5.103e-05,2017-11-07T15:23:16.34,2715658.88920082
215,0.20845725,4.88571367,0.20491145,2017-04-30T18:42:52.17,0.2112,0.20846403,0.19999938,ETH-GNO,65,263,0.21086854,2017-11-07T15:23:09.54,23.95994987
216,0.00066407,593.78976304,0.00065278,2017-04-20T06:38:51.877,0.00066222,0.00066222,0.00061599,ETH-GNT,213,1419,0.000642,2017-11-07T15:23:23.26,932995.31178734
217,0.00052486,259.6682939,0.0005135,2017-04-30T18:40:42.213,0.000634,0.00052521,0.0004512,ETH-GUP,68,222,0.0004656,2017-11-07T15:23:21.353,514744.06136518
218,0.00031538,77.71055167,0.00030048,2017-05-10T07:27:27.597,0.00033111,0.00030632,0.00028302,ETH-HMQ,69,293,0.00029449,2017-11-07T15:23:23.197,257094.01800698
219,0.0030973,187.79931529,0.00303558,2017-06-17T15:02:02.783,0.00356244,0.0030973,0.00276021,ETH-LGD,78,327,0.00334832,2017-11-07T15:22:00.633,61553.73257947
220,0.1989996,1042.03255364,0.19696245,2017-06-25T03:06:46.83,0.19998348,0.1986003,0.18100002,ETH-LTC,307,530,0.18519999,2017-11-07T15:23:23.073,5482.47629979
221,0.01715149,55.40151541,0.0168125,2017-04-30T18:41:22.84,0.01715166,0.01715166,0.01580807,ETH-LUN,62,283,0.01591477,2017-11-07T15:23:20.447,3395.07812865
222,4.397e-05,40.50933897,4.303e-05,2017-10-13T23:32:03.027,4.525e-05,4.3e-05,3.867e-05,ETH-MANA,72,223,3.803e-05,2017-11-07T15:21:54.43,973660.73303155
223,0.0199,359.5698147,0.01968506,2017-07-02T00:37:17.05,0.02049996,0.0199,0.019,ETH-MCO,187,1031,0.01932,2017-11-07T15:23:16.493,18353.95559624
224,0.0174308,141.53761847,0.01688937,2017-07-08T14:59:57.37,0.01799422,0.01714241,0.0160001,ETH-MTL,118,528,0.01632,2017-11-07T15:23:22.323,8387.6757902
225,0.00208112,3.28018207,0.00203482,2017-06-19T19:13:43.743,0.0021976,0.00205929,0.0020101,ETH-MYST,44,375,0.00208123,2017-11-07T15:23:03.98,1593.4877659
226,0.09084322,1551.21830839,0.09040828,2017-07-21T01:08:49.397,0.09075426,0.09075426,0.0862,ETH-NEO,924,1720,0.088,2017-11-07T15:23:19.79,17616.2618926
227,0.03728574,16.32842132,0.03600267,2017-06-22T21:58:57.657,0.04,0.03728574,0.03435706,ETH-NMR,98,428,0.03655436,2017-11-07T15:22:23.51,449.93351629
228,0.02178848,1783.69178091,0.02161523,2017-07-16T17:07:42.41,0.0225,0.02176735,0.02085,ETH-OMG,558,2140,0.02108388,2017-11-07T15:22:33.963,82102.66179727
229,0.00559989,705.89651315,0.00552373,2017-07-07T07:14:00.873,0.00575931,0.00559986,0.00520201,ETH-PAY,305,1680,0.00526,2017-11-07T15:23:22.26,129974.39719292
230,0.00053451,195.95535371,0.00051701,2017-06-18T17:04:24.147,0.00061394,0.00053469,0.00048652,ETH-PTOY,79,532,0.00052192,2017-11-07T15:23:23.103,359188.53302051
231,0.00205984,9.96053414,0.00203447,2017-06-11T17:33:06.14,0.00201927,0.002,0.00190001,ETH-QRL,90,197,0.00204259,2017-11-07T15:23:05.277,5026.68231775
232,0.03664613,1294.0781579,0.03630044,2017-07-20T19:08:43.473,0.03736976,0.03630029,0.034,ETH-QTUM,365,1015,0.0355974,2017-11-07T15:23:22.307,36007.3085383
233,0.06092803,153.68339747,0.0587567,2017-04-20T06:43:49.19,0.06869237,0.058753,0.05519379,ETH-REP,100,179,0.05662639,2017-11-07T15:23:23.137,2624.62908244
234,0.00182593,29.574392,0.00177511,2017-04-30T18:41:22.823,0.00186341,0.00177126,0.00175,ETH-RLC,64,282,0.0018589,2017-11-07T15:23:17.277,16228.24989297
235,0.01007103,964.71572282,0.01000079,2017-10-16T17:32:48.84,0.01042752,0.01000079,0.00900744,ETH-SALT,100,196,0.0092,2017-11-07T15:23:18.62,99892.70523537
236,1.275e-05,144.99540899,1.261e-05,2017-07-14T17:10:07.74,1.285e-05,1.275e-05,1.149e-05,ETH-SC,140,1167,1.181e-05,2017-11-07T15:20:55.35,11886184.92101521
237,0.00066025,1300.59286693,0.00065729,2017-04-30T18:41:22.853,0.00086196,0.00065729,0.000504,ETH-SNGLS,177,198,0.00053075,2017-11-07T15:22:49.883,1911933.05134734
238,0.00010298,267.17826114,0.00010164,2017-06-28T18:26:15.747,0.00010317,0.00010298,9.702e-05,ETH-SNT,175,1041,0.00010192,2017-11-07T15:23:12.447,2659823.39694407
239,0.00177,124.97937937,0.00171784,2017-07-11T21:14:32.643,0.00178,0.00177,0.00155,ETH-STORJ,128,444,0.00162,2017-11-07T15:23:23.197,76536.72712531
240,0.01036422,247.19961379,0.01016254,2017-08-04T18:01:27.713,0.01047204,0.01015306,0.00985906,ETH-STRAT,230,1174,0.01032375,2017-11-07T15:23:21.4,24423.92928425
241,0.08213298,6.09313182,0.07878167,2017-06-23T18:01:03.323,0.07838918,0.07838918,0.0766623,ETH-TIME,70,135,0.07834608,2017-11-07T15:23:18.79,77.88982641
242,0.000602,51.05298749,0.00058661,2017-10-25T21:01:08.287,0.000635,0.000605,0.00058002,ETH-TIX,36,313,0.00061193,2017-11-07T15:23:13.353,83583.53388777
243,0.00364992,39.23753675,0.00353765,2017-05-09T04:43:46.723,0.00383058,0.00364992,0.00335111,ETH-TKN,66,491,0.0038783,2017-11-07T15:23:19.87,10882.91084872
244,0.00083715,65.38700737,0.00081314,2017-05-19T15:55:11.28,0.000882,0.000815,0.000802,ETH-TRST,78,210,0.00081629,2017-11-07T15:23:22.09,78493.0674014
245,0.01279938,273.59854454,0.01249436,2017-08-04T18:00:50.15,0.01280005,0.01240318,0.0111,ETH-WAVES,192,453,0.012,2017-11-07T15:23:17.667,22855.86755079
246,0.00126516,68.98315828,0.001252,2017-04-26T22:16:06.627,0.00129513,0.00126516,0.00123944,ETH-WINGS,48,319,0.00129125,2017-11-07T15:21:22.29,54668.42398792
247,0.00062461,577.193266,0.00061503,2017-07-21T01:08:49.38,0.00063419,0.000625,0.00057261,ETH-XEM,142,550,0.00061745,2017-11-07T15:23:22.993,943741.81557972
248,0.00010718,731.93784009,0.00010569,2017-07-21T01:08:49.38,0.00011195,0.00010569,9e-05,ETH-XLM,230,426,9.211e-05,2017-11-07T15:23:23.167,7017458.60822971
249,0.33599684,913.41171337,0.32845813,2017-07-21T01:08:49.367,0.34985,0.32843586,0.30697505,ETH-XMR,149,267,0.31137448,2017-11-07T15:23:23.277,2759.91533888
250,0.00070447,771.64774985,0.00069557,2017-06-25T03:07:09.677,0.000705,0.00069556,0.000666,ETH-XRP,456,836,0.000675,2017-11-07T15:23:22.713,1129613.3506345
251,0.7993,489.91125585,0.79800016,2017-07-14T17:10:07.8,0.807,0.79800017,0.75149496,ETH-ZEC,267,528,0.76128555,2017-11-07T15:22:43.963,629.36268425
252,591.0,4806517.46233391,590.00000006,2017-08-01T18:34:04.873,643.9999999,591.0,585.012,USDT-BCC,1265,2121,644.255,2017-11-07T15:23:22.603,7956.36958556
253,7000.0,41298063.59242325,6999.99999999,2015-12-11T06:31:40.633,7282.66196574,7000.0,6923.0,USDT-BTC,9583,4032,7190.0,2017-11-07T15:23:20.573,5846.9335695
254,282.0,1035864.98239596,281.55,2017-07-21T01:08:49.413,301.61904399,281.55,272.17444411,USDT-DASH,416,1051,272.1632695,2017-11-07T15:23:09.713,3607.16100366
255,13.39999995,2622514.18025714,13.32200142,2017-07-14T17:10:10.72,14.72,13.39999995,13.20000001,USDT-ETC,580,2185,14.36,2017-11-07T15:23:14.277,186491.85859197
256,288.49999999,4727833.42604257,288.25,2017-04-20T17:26:37.647,304.04122641,288.49999999,285.00000001,USDT-ETH,1724,4296,298.55261279,2017-11-07T15:23:22.167,16008.48389452
257,57.24979992,1773068.75624351,56.9,2017-07-14T17:10:10.72,58.68,56.79244124,54.28713508,USDT-LTC,930,2480,55.2155243,2017-11-07T15:23:23.103,31420.94671516
258,26.19999999,1377854.09294269,26.01,2017-08-04T16:58:43.087,26.5799999,26.01,25.5,USDT-NEO,1317,5021,26.2,2017-11-07T15:23:21.59,52785.56733996
259,6.26279995,995168.49416633,6.25,2017-09-15T23:49:44.83,6.6999,6.25,6.2,USDT-OMG,917,4771,6.36942,2017-11-07T15:23:21.667,153293.78513947
260,95.92599273,2182903.89785319,95.3000002,2017-07-21T01:08:49.397,104.5,95.3000002,92.93439367,USDT-XMR,495,900,93.63417304,2017-11-07T15:23:13.68,22159.3245403
261,0.20199998,626726.93380105,0.2010001,2017-07-14T17:10:10.737,0.206,0.20100011,0.19934411,USDT-XRP,1154,4266,0.20173458,2017-11-07T15:23:14.103,3093980.72637031
262,231.63179998,459091.09780581,230.0,2017-07-14T17:10:10.673,235.99999955,230.0,226.0,USDT-ZEC,731,2855,227.0,2017-11-07T15:23:01.48,1986.62821766
263,2.079e-05,1676.91908725,2.075e-05,2017-11-07T07:59:10.913,0.0002001,2.075e-05,1.7e-05,BTC-RCN,606,2175,0.0002,2017-11-07T15:23:22.76,76098332.72713345
264,0.00051486,2878.07387805,0.00050641,2017-11-07T07:59:10.93,0.00089,0.00050743,0.00025124,ETH-RCN,120,235,0.00089,2017-11-07T15:23:19.68,5479458.14260787
