,Ask,BaseVolume,Bid,Created,High,Last,Low,MarketName,OpenBuyOrders,OpenSellOrders,PrevDay,TimeStamp,Volume
0,4.95e-05,576.17729985,4.931e-05,2017-06-06T01:22:35.727,7.245e-05,4.931e-05,4.453e-05,BTC-1ST,288,5827,4.5e-05,2017-11-07T15:38:13.137,9953305.32942155
1,9.2e-07,20.11402693,9e-07,2016-05-16T06:44:15.287,9.6e-07,9e-07,7.9e-07,BTC-2GIVE,326,2202,9.4e-07,2017-11-07T15:37:19.04,23444213.74929189
2,8.6e-07,18.20015007,8.5e-07,2014-10-31T01:43:25.743,9.9e-07,8.6e-07,8e-07,BTC-ABY,271,4894,8.6e-07,2017-11-07T15:36:55.73,20715296.03698915
3,3.08e-06,583.89221878,3.07e-06,2017-09-29T07:01:58.873,3.35e-06,3.08e-06,2.96e-06,BTC-ADA,1541,9368,2.97e-06,2017-11-07T15:38:20.213,185429732.29088113
4,2.72e-06,22.87776728,2.67e-06,2017-07-03T21:08:06.11,2.99e-06,2.72e-06,2.61e-06,BTC-ADT,152,3149,2.65e-06,2017-11-07T15:38:21.37,8163768.44926901
5,0.00012453,527.76163253,0.00012448,2017-07-11T22:42:17.78,0.0001429,0.00012448,0.0001205,BTC-ADX,712,8827,0.00012339,2017-11-07T15:38:23.793,4005781.30991718
6,0.000215,15.58259448,0.00021322,2015-07-31T00:50:47.11,0.00021999,0.00021322,0.00019103,BTC-AEON,253,2147,0.0002,2017-11-07T15:37:47.23,74444.82946501
7,5.031e-05,2.77268135,4.96e-05,2015-11-10T00:53:59.643,5.117e-05,4.953e-05,4.74e-05,BTC-AGRS,197,2515,4.907e-05,2017-11-07T15:38:18.793,56186.78295932
8,2.109e-05,21.61474303,2.062e-05,2015-11-03T19:13:55.18,2.176e-05,2.062e-05,1.951e-05,BTC-AMP,158,5689,2.091e-05,2017-11-07T15:38:27.463,1040956.96059003
9,0.00015723,49.56114993,0.00015424,2017-05-17T19:54:30.143,0.00016761,0.00015721,0.00014116,BTC-ANT,196,4286,0.00016108,2017-11-07T15:38:23.997,326350.62926525
10,0.0007662,3.13569759,0.00074632,2017-05-02T06:26:32.897,0.00076874,0.00076755,0.000725,BTC-APX,187,1875,0.00075148,2017-11-07T15:38:25.9,4188.33274392
11,2.825e-05,44.5654551,2.806e-05,2016-10-13T18:59:37.407,2.905e-05,2.825e-05,2.688e-05,BTC-ARDR,419,4213,2.727e-05,2017-11-07T15:37:28.26,1578688.19880704
12,0.00036397,287.6099978,0.000362,2017-03-21T18:11:29.347,0.000378,0.000362,0.00033876,BTC-ARK,2045,9663,0.00034,2017-11-07T15:38:22.213,796684.85237496
13,8.656e-05,1.9723424,8.512e-05,2014-03-16T22:00:00,8.777e-05,8.512e-05,8.5e-05,BTC-AUR,109,1587,8.656e-05,2017-11-07T15:38:19.26,22966.28896989
14,1.983e-05,99.75099098,1.979e-05,2017-06-03T22:04:53.82,2.05e-05,1.977e-05,1.911e-05,BTC-BAT,589,12671,1.938e-05,2017-11-07T15:38:27.51,5001085.58657022
15,3.92e-06,120.0989342,3.88e-06,2014-11-18T17:34:21.083,4.89e-06,3.94e-06,3.11e-06,BTC-BAY,286,3924,3.22e-06,2017-11-07T15:38:16.433,29109945.00393302
16,0.08524936,1941.35948497,0.0850494,2017-08-01T18:34:04.967,0.0893,0.0850494,0.083959,BTC-BCC,3137,11970,0.08789,2017-11-07T15:37:54.933,22687.11737795
17,4.603e-05,11.82248062,4.55e-05,2015-09-10T05:28:20.787,4.799e-05,4.55e-05,4.145e-05,BTC-BCY,129,2897,4.2e-05,2017-11-07T15:35:10.963,266564.06308593
18,3.9e-07,8.69665497,3.8e-07,2015-02-15T23:07:32.777,3.9e-07,3.9e-07,3.6e-07,BTC-BITB,517,5129,3.7e-07,2017-11-07T15:36:39.027,22989806.72105209
19,0.00012215,5.6546552,0.00012,2014-11-13T20:20:21.443,0.00012586,0.00012,0.00011605,BTC-BLITZ,142,2609,0.00011603,2017-11-07T15:38:22.683,46831.41716108
20,3.03e-05,21.09732375,3.023e-05,2014-03-14T09:00:00,3.285e-05,3.03e-05,2.916e-05,BTC-BLK,200,4610,2.962e-05,2017-11-07T15:38:18.76,678301.60466706
21,0.00301979,32.86489498,0.00301714,2014-10-29T06:45:03.97,0.00303752,0.00301714,0.00246898,BTC-BLOCK,270,1514,0.00246868,2017-11-07T15:35:57.73,11634.30658841
22,0.00026171,10.89249095,0.00026118,2017-06-22T21:36:30.85,0.00027499,0.00026118,0.00025519,BTC-BNT,136,3314,0.0002566,2017-11-07T15:37:22.197,41262.42553814
23,2.18e-05,4.07405502,2.156e-05,2016-06-13T02:27:33.34,2.252e-05,2.16e-05,2.026e-05,BTC-BRK,127,2202,2.158e-05,2017-11-07T15:35:25.01,190113.70463241
24,6.962e-05,17.20797024,6.875e-05,2016-07-10T21:25:05.127,7.207e-05,6.875e-05,6.251e-05,BTC-BRX,146,2027,6.756e-05,2017-11-07T15:32:21.82,255720.84133347
25,8.295e-05,7.72126741,8.149e-05,2016-02-17T00:54:23.677,8.6e-05,8.295e-05,8.078e-05,BTC-BSD,193,2039,8.489e-05,2017-11-07T15:37:34.73,92344.08982382
26,0.0176198,9.20961972,0.0175,2014-07-14T06:05:04.567,0.01790817,0.0176198,0.01593002,BTC-BTCD,166,711,0.0172085,2017-11-07T15:36:54.807,534.76106864
27,0.0,63.85828478,0.0,2014-11-24T08:18:16.53,9.98e-06,8.86e-06,8.44e-06,BTC-BTS,229,4558,8.63e-06,2017-11-05T03:45:21.24,6871090.19001538
28,8.3e-07,13.25295598,8.1e-07,2014-09-16T07:41:56.047,8.8e-07,8.3e-07,7.5e-07,BTC-BURST,311,6354,8e-07,2017-11-07T15:35:49.04,16340104.64230212
29,0.000136,189.68198878,0.00013525,2014-11-03T19:02:45.96,0.00016843,0.00013525,7.498e-05,BTC-BYC,352,1165,7.455e-05,2017-11-07T15:38:26.747,1443837.28643583
30,3.7e-06,22.236253,3.68e-06,2014-08-10T06:48:44.83,4.49e-06,3.68e-06,3.58e-06,BTC-CANN,260,6247,4.1e-06,2017-11-07T15:35:36.493,5553718.41481124
31,1.278e-05,101.8143463,1.26e-05,2017-06-19T19:59:14.78,1.589e-05,1.278e-05,1.204e-05,BTC-CFI,244,5371,1.302e-05,2017-11-07T15:38:15.073,7245900.68493795
32,0.00068974,7.32348859,0.00067703,2015-04-18T22:04:25.183,0.00072071,0.00068174,0.00064184,BTC-CLAM,233,1468,0.0006603,2017-11-07T15:38:25.573,10619.43059435
33,0.00068868,19.19310155,0.00068617,2014-06-04T08:53:18.563,0.0007666,0.00066694,0.00060111,BTC-CLOAK,303,2894,0.00066,2017-11-07T15:38:23.37,28221.35864502
34,0.00021451,63.51080065,0.0002145,2015-12-18T00:30:10.31,0.00021878,0.00021451,0.0001996,BTC-CLUB,406,1831,0.00020122,2017-11-07T15:38:12.87,303298.87771935
35,6.9e-07,7.88346051,6.8e-07,2015-01-22T19:11:45.903,7.1e-07,6.9e-07,6.4e-07,BTC-COVAL,298,4725,7e-07,2017-11-07T15:34:43.07,11609222.34278686
36,5.098e-05,18.11627296,5.068e-05,2015-07-25T06:30:32.53,6.055e-05,5.068e-05,5.004e-05,BTC-CPC,107,2774,5.989e-05,2017-11-07T15:37:48.103,327033.8480702
37,5.149e-05,237.90621125,5.104e-05,2017-06-13T19:40:35.203,6.999e-05,5.104e-05,4.328e-05,BTC-CRB,121,2980,4.355e-05,2017-11-07T15:38:17.683,3951094.25100781
38,0.00020395,17.40996579,0.00020002,2017-03-06T21:10:15.663,0.000216,0.0002,0.0001883,BTC-CRW,215,1639,0.00019999,2017-11-07T15:38:26.603,87574.2904373
39,4.449e-05,85.32105203,4.375e-05,2014-05-13T09:00:00,6.146e-05,4.375e-05,4.23e-05,BTC-CURE,325,2205,5.833e-05,2017-11-07T15:38:03.48,1621751.92978274
40,4.073e-05,139.89251211,4.072e-05,2017-07-16T23:04:18.867,4.18e-05,4.072e-05,3.913e-05,BTC-CVC,816,11983,3.93e-05,2017-11-07T15:38:21.84,3451012.15117824
41,0.04044997,498.33475,0.04004042,2014-03-11T08:00:00,0.0421155,0.04044977,0.0382,BTC-DASH,1081,5967,0.03833457,2017-11-07T15:38:26.4,12385.5217017
42,0.00400002,49.97370544,0.00400001,2016-02-09T21:06:51.577,0.0042,0.00400001,0.00382,BTC-DCR,523,4639,0.00384014,2017-11-07T15:35:19.197,12368.9466198
43,5.99e-05,12.55000729,5.922e-05,2017-06-30T16:35:24.643,6.298e-05,5.99e-05,5.7e-05,BTC-DCT,158,4822,5.891e-05,2017-11-07T15:36:53.743,210221.52670259
44,1.21e-06,238.32157639,1.2e-06,2014-08-20T07:09:57.207,1.27e-06,1.21e-06,1.15e-06,BTC-DGB,936,25282,1.16e-06,2017-11-07T15:38:18.777,197054796.27331173
45,0.0090742,6.17638458,0.00904826,2016-06-14T16:25:12.063,0.00916,0.0090742,0.00856101,BTC-DGD,153,1089,0.00879497,2017-11-07T15:28:49.19,691.50004553
46,0.00123478,43.11795471,0.00123011,2015-05-01T17:31:24.97,0.00144435,0.0012301,0.00089003,BTC-DMD,339,1724,0.00091667,2017-11-07T15:38:26.95,37589.33366507
47,5.43e-06,27.02605576,5.4e-06,2017-08-04T02:09:02.873,5.95e-06,5.43e-06,5.28e-06,BTC-DNT,151,1967,5.54e-06,2017-11-07T15:38:24.527,4759964.77660337
48,1.7e-07,29.26247526,1.6e-07,2014-02-13T00:00:00,1.7e-07,1.6e-07,1.6e-07,BTC-DOGE,1655,18035,1.6e-07,2017-11-07T15:36:41.823,178211723.3948685
49,3.04e-06,26.06095176,3.03e-06,2014-10-17T19:09:32.6,3.7e-06,3.03e-06,2.83e-06,BTC-DOPE,287,3396,3.6e-06,2017-11-07T15:36:51.65,8374791.01602451
50,6.081e-05,5.89092565,5.917e-05,2017-04-01T04:06:13.887,6.366e-05,5.917e-05,5.38e-05,BTC-DTB,146,3069,5.435e-05,2017-11-07T15:37:48.353,101158.16936058
51,0.000433,1.63092083,0.00042526,2017-03-23T00:10:19.403,0.0004499,0.00042526,0.000418,BTC-DYN,153,923,0.00041897,2017-11-07T15:38:06.167,3779.08600206
52,1.5e-05,7.62043498,1.472e-05,2016-09-15T15:47:38.92,1.541e-05,1.5e-05,1.432e-05,BTC-EBST,150,4422,1.429e-05,2017-11-07T15:32:08.913,511963.96099741
53,7.8e-05,40.7828558,7.794e-05,2017-04-18T00:56:59.243,7.8e-05,7.8e-05,7.153e-05,BTC-EDG,324,6192,7.398e-05,2017-11-07T15:32:53.71,543158.37521399
54,1.722e-05,1.44563448,1.699e-05,2014-03-20T20:00:00,1.75e-05,1.696e-05,1.626e-05,BTC-EFL,125,1581,1.637e-05,2017-11-07T15:33:58.01,86157.66567627
55,3.17e-05,4.07591788,3.169e-05,2016-01-18T21:01:43.837,3.2e-05,3.169e-05,2.991e-05,BTC-EGC,257,2892,3.152e-05,2017-11-07T15:32:20.24,131856.22690274
56,8.723e-05,67.72392573,8.626e-05,2016-01-06T05:28:04.553,0.00010274,8.612e-05,8.464e-05,BTC-EMC,257,3107,8.798e-05,2017-11-07T15:35:55.4,727598.09190956
57,9e-06,114.48616194,8.99e-06,2014-12-24T00:00:00,9.83e-06,9e-06,8.28e-06,BTC-EMC2,352,7068,8.5e-06,2017-11-07T15:37:58.353,12783621.35027214
58,1.735e-05,29.81150937,1.699e-05,2014-05-04T00:00:00,2.025e-05,1.735e-05,1.477e-05,BTC-ENRG,255,2298,1.516e-05,2017-11-07T15:38:21.527,1683671.00798323
59,7.843e-05,162.49737623,7.705e-05,2014-05-10T17:00:00,0.0001125,7.704e-05,6.1e-05,BTC-ERC,255,1948,6.2e-05,2017-11-07T15:38:23.98,1866773.54682023
60,0.00193551,571.18367675,0.001935,2016-07-26T18:10:22.82,0.00206832,0.001935,0.00189387,BTC-ETC,943,8135,0.00200901,2017-11-07T15:38:26.963,286305.59020128
61,0.04105002,2873.94997048,0.04098852,2015-08-14T09:02:24.817,0.04340655,0.04098852,0.04021202,BTC-ETH,3737,19394,0.04177797,2017-11-07T15:38:25.37,68369.10521479
62,0.00017249,5.02171333,0.00017025,2014-09-28T20:33:27.633,0.0001846,0.0001725,0.00016702,BTC-EXCL,205,1516,0.000178,2017-11-07T15:38:13.527,28746.90029614
63,0.00024715,48.10343432,0.00024508,2015-09-16T17:10:15.253,0.00029499,0.00024507,0.00024,BTC-EXP,166,4172,0.00024174,2017-11-07T15:38:27.4,182890.82609976
64,0.00011997,1.64863527,0.00011802,2014-12-12T19:51:07.703,0.000124,0.00011997,0.00011504,BTC-FAIR,242,932,0.0001192,2017-11-07T15:35:02.98,13561.81911233
65,0.00234969,204.83921929,0.00232642,2016-01-09T03:47:07.803,0.00248,0.00235014,0.00200039,BTC-FCT,631,3848,0.00201813,2017-11-07T15:38:26.98,90936.41529151
66,1.49e-06,11.97227361,1.48e-06,2015-02-23T23:01:53.92,1.57e-06,1.49e-06,1.44e-06,BTC-FLDC,290,3720,1.5e-06,2017-11-07T15:33:20.46,7978676.15275732
67,1.204e-05,14.74757868,1.19e-05,2015-03-11T05:43:30.193,1.272e-05,1.189e-05,1.052e-05,BTC-FLO,185,2383,1.068e-05,2017-11-07T15:37:49.34,1276381.19014983
68,1.633e-05,148.5726745,1.609e-05,2014-02-13T00:00:00,1.702e-05,1.633e-05,1.345e-05,BTC-FTC,974,5296,1.653e-05,2017-11-07T15:38:23.683,9485295.67675018
69,2.16e-06,108.97101603,2.15e-06,2017-07-04T18:45:47.13,2.3e-06,2.16e-06,1.96e-06,BTC-FUN,265,6208,2.11e-06,2017-11-07T15:37:21.84,49862970.29406088
70,0.00101823,1.37888877,0.00099676,2015-05-05T22:38:44.963,0.0010189,0.00099489,0.00093349,BTC-GAM,110,827,0.00093348,2017-11-07T15:38:27.353,1394.61310057
71,0.00023632,66.73026881,0.000235,2015-04-08T04:09:53.013,0.00024778,0.00023455,0.00022714,BTC-GAME,246,5381,0.000231,2017-11-07T15:36:11.213,282926.17957484
72,1.538e-05,21.99757605,1.52e-05,2017-02-12T00:38:21.023,1.7e-05,1.52e-05,1.44e-05,BTC-GBG,160,2926,1.44e-05,2017-11-07T15:34:35.82,1377414.04257565
73,0.02334162,87.08650456,0.02296583,2017-04-13T20:46:39.83,0.0253,0.02334162,0.02070022,BTC-GBYTE,361,3567,0.0214,2017-11-07T15:38:25.26,3693.92813065
74,6.67e-06,21.82092302,6.63e-06,2015-08-24T00:25:28.933,8.24e-06,6.76e-06,6.46e-06,BTC-GCR,95,3984,6.62e-06,2017-11-07T15:38:19.713,2936235.58950373
75,0.00014109,7.95310753,0.00013855,2015-02-21T03:29:43.267,0.00014905,0.00013852,0.00013503,BTC-GEO,316,2678,0.00014069,2017-11-07T15:38:25.34,56224.15766748
76,2.077e-05,4.76242209,2.053e-05,2014-03-22T16:00:00,2.152e-05,2.053e-05,1.919e-05,BTC-GLD,271,2206,1.99e-05,2017-11-07T15:38:04.7,235262.94411897
77,0.00861988,9.83805765,0.00850461,2017-04-28T02:43:12,0.0087571,0.00861988,0.00837988,BTC-GNO,154,2288,0.00845104,2017-11-07T15:38:26.853,1145.82871094
78,2.714e-05,111.54406576,2.707e-05,2017-04-17T21:35:59.26,2.8e-05,2.714e-05,2.567e-05,BTC-GNT,507,10549,2.591e-05,2017-11-07T15:38:24.027,4136947.20417502
79,1.629e-05,5.96391847,1.612e-05,2017-01-19T23:23:12.41,1.658e-05,1.63e-05,1.54e-05,BTC-GOLOS,187,2135,1.55e-05,2017-11-07T15:37:28.62,372797.82005138
80,5.67e-06,8.03616695,5.59e-06,2015-02-27T19:57:02.82,5.69e-06,5.6e-06,5.08e-06,BTC-GRC,245,3580,5.19e-06,2017-11-07T15:38:11.4,1486125.46822513
81,9.14e-05,1227.07354116,9.067e-05,2014-04-03T05:00:00,0.0001085,9.14e-05,8.7e-05,BTC-GRS,1804,5333,9.41e-05,2017-11-07T15:38:03.65,12556915.21188103
82,2.178e-05,93.64982077,2.165e-05,2017-04-29T18:08:12.39,2.711e-05,2.177e-05,1.868e-05,BTC-GUP,220,3646,1.929e-05,2017-11-07T15:38:15.23,4213397.12294551
83,1.242e-05,41.8287552,1.237e-05,2017-05-10T00:02:47.373,1.395e-05,1.233e-05,1.2e-05,BTC-HMQ,177,4053,1.209e-05,2017-11-07T15:37:49.84,3223405.82412352
84,2.142e-05,3.08929863,2.141e-05,2017-04-04T21:20:51.083,2.209e-05,2.142e-05,2.093e-05,BTC-INCNT,129,2709,2.182e-05,2017-11-07T05:43:44.113,142340.20175623
85,9.478e-05,3.76524051,9.171e-05,2015-10-03T20:41:41.403,9.535e-05,9.304e-05,8.904e-05,BTC-INFX,174,1550,9.133e-05,2017-11-07T15:38:20.62,40646.51106353
86,0.00034701,101.71664963,0.000347,2014-07-29T16:57:43.787,0.0004897,0.000347,0.0003,BTC-IOC,216,1939,0.000312,2017-11-07T15:37:12.433,254963.90888168
87,0.00015003,6.0742818,0.00015,2017-02-18T23:41:17.04,0.000152,0.00015,0.00014226,BTC-ION,190,2173,0.00014342,2017-11-07T15:33:38.46,40992.74383989
88,0.00032044,54.75112763,0.000311,2016-12-22T00:54:23.477,0.00033399,0.00031083,0.00029932,BTC-IOP,351,5633,0.00029891,2017-11-07T15:38:25.4,171940.54226674
89,0.00038595,540.96497017,0.0003837,2017-02-11T23:04:01.853,0.00040898,0.0003837,0.00036,BTC-KMD,1516,6548,0.00037684,2017-11-07T15:37:30.933,1410264.0814673
90,0.0004991,20.71160783,0.00049908,2014-06-17T05:46:29.303,0.00053644,0.0004991,0.000475,BTC-KORE,265,2424,0.000504,2017-11-07T15:37:50.353,40823.57384342
91,2.185e-05,30.77609507,2.166e-05,2016-07-05T21:50:07.81,2.219e-05,2.166e-05,1.997e-05,BTC-LBC,321,8844,1.996e-05,2017-11-07T15:38:20.637,1435394.21450012
92,0.0001264,121.34707753,0.000126,2017-04-18T07:37:41.3,0.00014325,0.000126,0.00011561,BTC-LGD,423,5370,0.00013498,2017-11-07T15:38:16.497,924349.77635901
93,6.3e-06,19.8033012,6.23e-06,2017-02-18T23:55:53.153,6.44e-06,6.23e-06,6.06e-06,BTC-LMC,204,5480,6.2e-06,2017-11-07T15:36:17.493,3196651.81843044
94,0.00067696,344.86590623,0.00067694,2016-05-24T18:49:52.77,0.0007,0.00067696,0.00062521,BTC-LSK,1810,8410,0.00062608,2017-11-07T15:38:23.9,521741.31618166
95,0.00813599,1130.39022629,0.00813501,2014-02-13T00:00:00,0.0083,0.00813501,0.0076,BTC-LTC,2266,13004,0.0076944,2017-11-07T15:38:22.4,143064.59314389
96,0.00070509,10.923769,0.0007,2017-04-30T16:57:03.27,0.00072739,0.0007,0.000655,BTC-LUN,164,4096,0.000655,2017-11-07T15:25:05.903,15780.85393062
97,5.325e-05,53.94732348,5.232e-05,2016-01-18T20:38:22.707,5.5e-05,5.325e-05,4.603e-05,BTC-MAID,320,3873,4.726e-05,2017-11-07T15:38:21.247,1062252.54345465
98,1.82e-06,15.69062475,1.79e-06,2017-10-13T23:32:02.993,1.85e-06,1.79e-06,1.64e-06,BTC-MANA,177,2480,1.64e-06,2017-11-07T15:36:08.277,8998434.84125355
99,0.00081355,225.14450647,0.00080625,2017-07-02T00:37:16.957,0.00086821,0.00080536,0.00078754,BTC-MCO,478,10134,0.0007971,2017-11-07T15:38:25.777,270808.90731023
100,3.186e-05,382.39459836,3.128e-05,2016-04-01T18:24:07.207,4.34e-05,3.185e-05,2.843e-05,BTC-MEME,320,1809,3.686e-05,2017-11-07T15:38:15.667,10565126.50265654
101,0.008178,12.44723478,0.00800009,2017-03-15T19:30:56.167,0.00841206,0.00800002,0.00762766,BTC-MLN,109,1501,0.008224,2017-11-07T15:38:27.293,1550.9717864
102,0.0003759,55.62561163,0.00037285,2014-04-18T22:00:00,0.00038239,0.00037285,0.000362,BTC-MONA,469,3818,0.000371,2017-11-07T15:38:17.51,150301.81253305
103,0.00071011,193.96107315,0.0007019,2017-07-08T14:59:57.34,0.00077616,0.00070166,0.00067144,BTC-MTL,525,6211,0.00068466,2017-11-07T15:38:20.98,269794.39048275
104,1.454e-05,14.64662666,1.426e-05,2015-04-09T17:31:31.113,1.65e-05,1.457e-05,1.401e-05,BTC-MUE,221,3075,1.473e-05,2017-11-07T15:38:25.4,985357.94584889
105,1.99e-06,36.48509366,1.98e-06,2017-03-27T19:59:13.073,2.52e-06,1.98e-06,1.87e-06,BTC-MUSIC,289,9401,1.87e-06,2017-11-07T15:36:55.4,17387905.11101966
106,8.502e-05,4.0268969,8.5e-05,2017-06-19T19:13:43.73,8.84e-05,8.5e-05,8.5e-05,BTC-MYST,232,3693,8.768e-05,2017-11-07T15:38:12.683,46981.19267452
107,0.00010948,77.89700633,0.000109,2014-07-08T03:37:28.39,0.00011375,0.000109,0.0001062,BTC-NAV,510,5108,0.0001062,2017-11-07T15:35:31.837,708959.88313391
108,0.00014166,24.46880139,0.00014101,2015-04-08T03:57:37.33,0.000144,0.00014012,0.00013634,BTC-NBT,47,1775,0.00013697,2017-11-07T15:35:34.29,174453.66109985
109,0.00373,1144.81553135,0.0037295,2016-10-26T01:28:31.96,0.00382043,0.00373,0.003604,BTC-NEO,4762,27036,0.0036542,2017-11-07T15:38:12.027,309102.30899406
110,0.00032736,7.02916956,0.0003261,2014-08-20T00:06:59.63,0.0003366,0.00032736,0.00031456,BTC-NEOS,271,2047,0.00032703,2017-11-07T15:37:40.95,21657.89847893
111,1.319e-05,27.04445669,1.311e-05,2014-04-04T22:00:00,1.419e-05,1.32e-05,1.196e-05,BTC-NLG,272,3293,1.228e-05,2017-11-07T15:38:22.557,2043471.12072521
112,0.001505,16.58790293,0.00148879,2017-06-22T21:58:57.657,0.0016,0.001505,0.00147258,BTC-NMR,145,4356,0.00151598,2017-11-07T15:35:49.447,10889.29762097
113,2.726e-05,18.48854431,2.68e-05,2017-04-17T22:51:08.97,2.929e-05,2.713e-05,2.557e-05,BTC-NXC,104,3820,2.781e-05,2017-11-07T15:38:24.793,669932.79888663
114,0.00013685,24.64062175,0.00013601,2015-01-25T03:00:35.143,0.0001419,0.00013685,0.00012792,BTC-NXS,486,4124,0.00012902,2017-11-07T15:36:10.027,181517.10891527
115,8.11e-06,43.43961609,8.1e-06,2014-03-03T09:00:00,8.27e-06,8.11e-06,7.87e-06,BTC-NXT,353,8435,7.88e-06,2017-11-07T15:38:23.433,5355530.62084601
116,3.493e-05,143.84686608,3.456e-05,2015-05-30T19:26:37.523,3.749e-05,3.455e-05,3.451e-05,BTC-OK,939,10305,3.513e-05,2017-11-07T15:38:21.807,4034159.33451393
117,0.000896,943.43666562,0.00089543,2017-07-16T17:07:42.313,0.00096103,0.00089627,0.00086968,BTC-OMG,2327,17472,0.00088,2017-11-07T15:38:24.76,1025507.85291514
118,0.00334739,12.94517831,0.0032955,2015-11-03T19:13:33.197,0.00335788,0.0032955,0.00296994,BTC-OMNI,335,2317,0.00298062,2017-11-07T15:38:26.2,4059.22821716
119,0.00122,28.14738383,0.00121899,2017-07-20T18:19:07.157,0.00124999,0.00121899,0.00111,BTC-PART,269,1897,0.00112051,2017-11-07T15:35:07.82,23742.54687411
120,0.00022998,240.63138331,0.0002293,2017-07-07T07:14:00.793,0.00024348,0.0002293,0.00021661,BTC-PAY,1002,14470,0.00021737,2017-11-07T15:38:07.917,1045962.43768879
121,1.745e-05,11.81963014,1.713e-05,2016-06-02T04:39:35.21,1.774e-05,1.747e-05,1.436e-05,BTC-PDC,197,2399,1.438e-05,2017-11-07T15:38:24.527,728637.38004125
122,3.3e-06,33.57566306,3.25e-06,2014-07-29T07:41:09.4,3.53e-06,3.25e-06,3e-06,BTC-PINK,252,2926,3.22e-06,2017-11-07T15:37:33.807,10107539.30530066
123,0.00040415,179.11994007,0.00040202,2016-03-02T20:45:37.987,0.00043595,0.00040202,0.000395,BTC-PIVX,870,6427,0.00043369,2017-11-07T15:38:14.713,437516.79942329
124,6.965e-05,26.61588894,6.896e-05,2015-06-03T06:31:14.35,7.864e-05,6.896e-05,6.65e-05,BTC-PKB,323,2574,7.025e-05,2017-11-07T15:38:19.37,372063.21662546
125,1.715e-05,936.60001537,1.712e-05,2014-03-11T08:00:00,2.633e-05,1.717e-05,1.686e-05,BTC-POT,732,4191,2.538e-05,2017-11-07T15:38:25.963,43403028.84059111
126,0.00018719,5.38206705,0.0001865,2014-02-13T00:00:00,0.00019217,0.00018719,0.00018262,BTC-PPC,174,2793,0.00018332,2017-11-07T15:34:35.37,28781.092303
127,4.78e-06,3.50030508,4.75e-06,2014-03-27T18:00:00,4.87e-06,4.77e-06,4.46e-06,BTC-PTC,223,2457,4.78e-06,2017-11-07T15:37:36.9,751659.22190202
128,2.096e-05,85.7560263,2.08e-05,2017-06-18T17:04:24.1,2.59e-05,2.08e-05,2.027e-05,BTC-PTOY,341,6651,2.033e-05,2017-11-07T15:38:14.683,3718860.59327492
129,8.5e-05,7.48687671,8.487e-05,2017-06-10T00:01:39.293,8.685e-05,8.487e-05,8.101e-05,BTC-QRL,336,3517,8.1e-05,2017-11-07T15:37:32.993,89496.73552594
130,0.00150848,738.26526443,0.001505,2017-07-20T19:08:43.473,0.00155801,0.001505,0.00142935,BTC-QTUM,895,11868,0.00146899,2017-11-07T15:38:18.277,494251.32640923
131,1.933e-05,37.76495105,1.883e-05,2017-03-05T19:30:16.853,2.135e-05,1.948e-05,1.867e-05,BTC-QWARK,248,5225,2.126e-05,2017-11-07T15:38:25.103,1874935.0817895
132,0.000452,11.20654605,0.00044292,2016-01-26T23:22:16.193,0.00047099,0.0004423,0.00041861,BTC-RADS,122,2032,0.00041998,2017-11-07T15:38:25.463,25370.38871603
133,9.93e-05,10.72124452,9.818e-05,2014-04-05T08:00:00,0.00010556,9.928e-05,9.529e-05,BTC-RBY,1597,6047,9.614e-05,2017-11-07T15:18:45.85,107271.14517782
134,1.6e-07,59.86986389,1.5e-07,2014-02-25T09:00:00,1.6e-07,1.6e-07,1.4e-07,BTC-RDD,1266,18135,1.5e-07,2017-11-07T15:33:31.557,386924394.0412768
135,0.00246271,52.82681149,0.00243006,2016-10-04T15:45:37.14,0.00278,0.00245994,0.00230487,BTC-REP,174,1858,0.00233037,2017-11-07T15:38:27.37,21083.24412796
136,3.525e-05,102.6587061,3.489e-05,2016-06-24T17:00:00.043,3.65e-05,3.489e-05,3.396e-05,BTC-RISE,530,5706,3.488e-05,2017-11-07T15:38:20.23,2924361.87273382
137,7.519e-05,15.53681989,7.452e-05,2017-04-27T00:20:33.857,7.861e-05,7.452e-05,7.3e-05,BTC-RLC,195,3579,7.673e-05,2017-11-07T15:37:01.137,205916.89023642
138,1.22e-06,136.39976641,1.21e-06,2016-02-13T22:14:21.14,1.43e-06,1.22e-06,1.14e-06,BTC-SAFEX,522,6409,1.18e-06,2017-11-07T15:35:54.883,107558691.79173248
139,0.0004165,369.62614073,0.00041372,2017-10-16T17:32:48.777,0.00044108,0.00041372,0.00038233,BTC-SALT,588,2007,0.0003909,2017-11-07T15:38:10.37,911669.00663431
140,0.00014197,8.00774617,0.00014021,2016-07-09T19:02:08.943,0.000143,0.00014199,0.00013221,BTC-SBD,115,1850,0.00013207,2017-11-07T15:37:50.247,57611.70229224
141,5.3e-07,125.29122058,5.2e-07,2017-05-22T21:30:29.16,5.4e-07,5.3e-07,4.8e-07,BTC-SC,1123,26978,4.8e-07,2017-11-07T15:38:23.637,240804970.85953665
142,1.754e-05,20.97229682,1.722e-05,2016-09-23T07:10:11.78,1.91e-05,1.721e-05,1.651e-05,BTC-SEQ,147,1721,1.696e-05,2017-11-07T15:37:39.027,1146528.74722549
143,0.0001425,7.90263023,0.00014105,2016-10-11T19:48:35.573,0.00014984,0.00014105,0.000135,BTC-SHIFT,147,2380,0.0001487,2017-11-07T15:36:01.277,55495.62548086
144,0.000153,3.98089379,0.00015013,2017-02-18T22:34:49.373,0.000155,0.00015013,0.00014507,BTC-SIB,123,2416,0.00014701,2017-11-07T15:32:43.337,26381.01845846
145,4.989e-05,34.46213711,4.97e-05,2014-03-23T06:00:00,5.274e-05,4.989e-05,3.902e-05,BTC-SLR,287,1975,4.039e-05,2017-11-07T15:38:16.76,746355.54663332
146,0.0019506,10.4814721,0.00191139,2016-01-20T22:24:04.65,0.00204572,0.00191162,0.00171,BTC-SLS,181,1746,0.00176,2017-11-07T15:38:20.463,5528.14693735
147,2.799e-05,466.21766617,2.758e-05,2016-10-02T22:16:04.773,3.653e-05,2.799e-05,2.113e-05,BTC-SNGLS,388,1947,2.202e-05,2017-11-07T15:38:23.34,15920366.54150899
148,0.0002161,17.25875599,0.00021601,2015-06-03T06:27:04.623,0.000237,0.0002161,0.000185,BTC-SNRG,295,1711,0.00019432,2017-11-07T15:38:27.45,84819.75428579
149,4.26e-06,97.06749731,4.24e-06,2017-06-28T18:26:15.73,4.33e-06,4.26e-06,4.08e-06,BTC-SNT,387,10242,4.17e-06,2017-11-07T15:38:26.01,23078876.27615174
150,0.0003915,6.64174333,0.00039,2015-05-18T22:45:47.093,0.00040013,0.00039,0.00037988,BTC-SPHR,133,1301,0.00038791,2017-11-07T15:32:31.99,17059.52329703
151,4.366e-05,14.79877516,4.301e-05,2014-12-19T02:33:07.747,4.595e-05,4.307e-05,4.101e-05,BTC-SPR,262,3412,4.3e-05,2017-11-07T15:38:21.277,341349.21982273
152,6.3e-06,13.31372495,6.26e-06,2014-06-14T07:09:15.327,7.21e-06,6.26e-06,6.1e-06,BTC-START,349,5901,6.9e-06,2017-11-07T15:38:05.307,2034870.67772601
153,0.0001229,72.98617286,0.00012287,2016-04-17T01:22:13.35,0.00013,0.00012287,0.00012001,BTC-STEEM,452,7659,0.00011906,2017-11-07T15:37:58.963,588372.07567129
154,7.33e-05,151.85383184,7.301e-05,2017-07-11T21:14:32.643,7.41e-05,7.325e-05,6.464e-05,BTC-STORJ,633,6683,6.613e-05,2017-11-07T15:38:15.95,2157864.7285007
155,0.00042246,332.59898641,0.00042054,2016-08-10T23:26:39.657,0.00044732,0.00042245,0.00041003,BTC-STRAT,1607,22190,0.0004232,2017-11-07T15:38:12.65,776579.77921133
156,0.000148,51.61014964,0.00014756,2014-10-03T19:16:23.143,0.0001885,0.00014756,0.00014304,BTC-SWIFT,207,2015,0.00014457,2017-11-07T15:35:25.633,303317.82795268
157,0.00017446,6.6261348,0.00017414,2017-03-08T22:32:26.03,0.000179,0.00017415,0.00015394,BTC-SWT,120,1739,0.00017689,2017-11-07T15:36:50.697,39406.51323176
158,3.394e-05,37.7771532,3.35e-05,2016-08-25T21:23:15.27,3.709e-05,3.395e-05,3.253e-05,BTC-SYNX,184,2422,3.261e-05,2017-11-07T15:38:25.603,1099466.54526782
159,2.85e-05,159.82926467,2.847e-05,2014-08-16T19:57:48.823,2.892e-05,2.85e-05,2.732e-05,BTC-SYS,888,8123,2.733e-05,2017-11-07T15:37:42.433,5638646.32962478
160,2.29e-06,202.38119083,2.28e-06,2014-04-29T21:00:00,3.66e-06,2.28e-06,2.22e-06,BTC-THC,482,3996,3.18e-06,2017-11-07T15:37:54.213,71610456.30277784
161,0.0033454,2.83948873,0.00329715,2017-03-09T00:44:08.673,0.00336982,0.00334542,0.0032935,BTC-TIME,127,1585,0.00336835,2017-11-07T15:38:01.247,858.40989982
162,2.481e-05,26.22242021,2.45e-05,2017-10-25T21:01:08.287,2.739e-05,2.462e-05,2.413e-05,BTC-TIX,127,2278,2.55e-05,2017-11-07T15:37:39.933,1026631.42901297
163,0.00015204,22.01778377,0.0001508,2017-05-08T17:09:34.91,0.00016,0.00015188,0.00014546,BTC-TKN,181,3435,0.00015037,2017-11-07T15:37:35.01,145382.0210489
164,0.00025165,28.15499428,0.00025164,2017-03-23T00:48:15.94,0.000285,0.00025165,0.00022098,BTC-TKS,156,1466,0.00022099,2017-11-07T15:38:05.51,110293.62706854
165,8.231e-05,127.16258741,8.23e-05,2016-09-08T05:59:08.183,8.909e-05,8.23e-05,7.803e-05,BTC-TRIG,456,8797,8.292e-05,2017-11-07T15:37:39.2,1511796.28843351
166,3.409e-05,18.64935422,3.404e-05,2017-04-19T04:53:43.893,3.68e-05,3.441e-05,3.328e-05,BTC-TRST,246,3737,3.408e-05,2017-11-07T15:38:26.12,531438.93421991
167,1.652e-05,33.56607126,1.651e-05,2014-07-07T05:46:18.71,1.986e-05,1.651e-05,1.471e-05,BTC-TRUST,290,2092,1.562e-05,2017-11-07T15:38:05.637,1914564.61283667
168,0.00029285,29.83603536,0.00028862,2015-09-02T08:02:54.3,0.00030598,0.00029,0.0002851,BTC-TX,386,806,0.0002901,2017-11-07T15:38:23.87,101136.4318885
169,0.00016,34.30929751,0.00015999,2017-02-08T17:00:59.02,0.000165,0.0001602,0.00014771,BTC-UBQ,678,7582,0.000148,2017-11-07T15:37:39.79,218920.61387381
170,3.917e-05,4.39058298,3.861e-05,2016-08-24T21:39:28.357,3.949e-05,3.917e-05,3.581e-05,BTC-UNB,147,1616,3.748e-05,2017-11-07T15:38:24.497,116705.81821518
171,0.00021095,58.30139754,0.00020905,2014-07-18T00:20:00.393,0.00022,0.00020905,0.0002056,BTC-VIA,473,3270,0.000212,2017-11-07T15:38:26.183,275810.35044233
172,5.63e-06,44.81100999,5.5e-06,2015-12-30T04:21:47.31,6.49e-06,5.55e-06,5.26e-06,BTC-VOX,267,5940,5.98e-06,2017-11-07T15:38:14.65,7668761.28966383
173,7.603e-05,108.9245203,7.58e-05,2014-05-13T07:00:00,8.7e-05,7.58e-05,7.044e-05,BTC-VRC,491,2567,8.03e-05,2017-11-07T15:38:26.933,1375910.63305254
174,0.00043,7.76871959,0.00042538,2016-09-16T04:52:17.637,0.00044711,0.00042538,0.00040502,BTC-VRM,213,1510,0.00041502,2017-11-07T15:28:04.33,18156.53469375
175,0.00050498,917.78690677,0.00050428,2014-02-13T00:00:00,0.00054695,0.00050428,0.00047569,BTC-VTC,2949,8506,0.00053251,2017-11-07T15:38:25.683,1789338.11401243
176,3.06e-05,56.00673972,3.047e-05,2014-12-19T02:33:10.943,3.304e-05,3.047e-05,2.441e-05,BTC-VTR,247,1967,2.514e-05,2017-11-07T15:38:24.23,1933054.28714813
177,0.00051369,340.22281521,0.00051001,2016-06-19T15:46:31.167,0.0005321,0.00051,0.00046,BTC-WAVES,1222,11326,0.00048405,2017-11-07T15:38:26.323,671250.61864603
178,5.235e-05,12.28619284,5.181e-05,2017-04-26T22:34:24.49,5.544e-05,5.237e-05,5.09e-05,BTC-WINGS,133,5108,5.215e-05,2017-11-07T15:36:23.26,230176.64449977
179,2.546e-05,4.57493974,2.507e-05,2016-09-25T00:15:16.103,2.54e-05,2.504e-05,2.426e-05,BTC-XAUR,90,1438,2.475e-05,2017-11-07T15:34:15.337,183998.51866406
180,0.00174903,35.02512304,0.00172522,2015-02-14T04:20:41,0.00185,0.00174873,0.0015793,BTC-XCP,414,3452,0.00158413,2017-11-07T15:37:58.433,20023.29651316
181,3.2e-07,11.8373822,3.1e-07,2014-06-21T18:37:57.64,3.3e-07,3.1e-07,3e-07,BTC-XDN,626,6599,3.1e-07,2017-11-07T15:37:36.323,37495438.64180714
182,3.909e-05,185.67713395,3.877e-05,2017-07-01T17:38:44.883,4.921e-05,3.87e-05,3.746e-05,BTC-XEL,342,7251,3.805e-05,2017-11-07T15:38:23.793,4351603.52098896
183,2.54e-05,238.82757328,2.533e-05,2015-04-10T21:06:00.043,2.689e-05,2.533e-05,2.393e-05,BTC-XEM,1116,11965,2.558e-05,2017-11-07T15:38:13.043,9383893.47602136
184,4.37e-06,1123.55212176,4.36e-06,2015-11-17T20:06:44.92,4.8e-06,4.37e-06,3.75e-06,BTC-XLM,1647,15619,3.77e-06,2017-11-07T15:37:45.23,260072644.1728971
185,3.26e-05,8.89576392,3.259e-05,2014-11-10T06:25:07.533,3.65e-05,3.259e-05,3.205e-05,BTC-XMG,308,2270,3.569e-05,2017-11-07T15:33:39.46,258098.26908962
186,0.01359,1011.02270972,0.01357853,2014-06-04T07:38:39.24,0.014997,0.01359,0.0129,BTC-XMR,1339,6998,0.01322161,2017-11-07T15:38:16.683,72713.63852031
187,4.1e-07,22.68324063,4e-07,2014-03-15T08:00:00,4.5e-07,4.1e-07,3.7e-07,BTC-XMY,443,4810,3.7e-07,2017-11-07T15:33:35.663,55297720.91821653
188,2.865e-05,1000.08001772,2.864e-05,2014-12-22T19:30:27.45,2.931e-05,2.865e-05,2.773e-05,BTC-XRP,2292,26385,2.795e-05,2017-11-07T15:38:24.793,35036415.19127805
189,2.345e-05,17.11641546,2.287e-05,2014-07-09T20:33:00.59,2.535e-05,2.286e-05,2.171e-05,BTC-XST,219,1344,2.208e-05,2017-11-07T15:38:26.573,723836.93762785
190,0.00012101,435.16593301,0.000121,2016-03-12T19:37:38.863,0.00018694,0.000121,0.00012,BTC-XVC,709,3139,0.00017376,2017-11-07T15:38:20.59,2805983.98695151
191,1.06e-06,2179.062865,1.05e-06,2016-02-17T22:42:03.61,1.31e-06,1.06e-06,9.5e-07,BTC-XVG,3348,16363,1.29e-06,2017-11-07T15:38:00.557,1956964466.5077682
192,7.09e-06,33.23089479,7.03e-06,2014-04-14T00:00:00,8e-06,7.09e-06,6.71e-06,BTC-XWC,487,1439,7.5e-06,2017-11-07T15:38:24.997,4376725.292334
193,0.00213032,115.62272996,0.00211044,2016-10-20T04:48:30.387,0.00228,0.00213033,0.00206061,BTC-XZC,941,3715,0.00207989,2017-11-07T15:38:19.15,53360.04704987
194,0.000255,19.08631875,0.00025353,2016-11-15T20:29:59.73,0.000255,0.000255,0.00023303,BTC-ZCL,216,5203,0.00024,2017-11-07T15:37:42.73,78281.61172215
195,0.03291102,312.38192648,0.03286819,2016-10-28T17:13:10.833,0.03382818,0.03291102,0.0314,BTC-ZEC,866,11092,0.03150007,2017-11-07T15:37:51.51,9581.82580964
196,0.00291376,152.0972739,0.00289359,2017-06-05T16:39:49.07,0.0031,0.00289359,0.002819,BTC-ZEN,1647,4317,0.00295755,2017-11-07T15:37:37.59,51882.79126443
197,0.00123036,476.34892529,0.00118024,2017-06-11T17:33:06.127,0.00172,0.00123094,0.00103153,ETH-1ST,109,336,0.00109145,2017-11-07T15:38:14.103,349883.76792698
198,6.636e-05,77.97112731,6.5e-05,2017-07-03T21:08:06.22,7.34e-05,6.636e-05,6.31e-05,ETH-ADT,70,537,6.373e-05,2017-11-07T15:33:46.477,1165676.04620626
199,0.00303944,617.03467931,0.00303739,2017-07-11T22:42:17.78,0.0033389,0.00303549,0.00289343,ETH-ADX,186,574,0.00293305,2017-11-07T15:38:14.76,197221.73503325
200,0.0038236,246.71182959,0.00376,2017-05-19T15:55:11.293,0.00398477,0.00387865,0.00330006,ETH-ANT,85,412,0.00399598,2017-11-07T15:38:27.12,68156.02243217
201,0.00048646,154.61832481,0.000485,2017-06-03T22:04:52.38,0.000487,0.000485,0.00046003,ETH-BAT,183,1083,0.0004655,2017-11-07T15:38:23.09,326137.72930367
202,2.0699,2957.91624862,2.061,2017-08-01T18:34:04.763,2.13706566,2.0699,1.96000003,ETH-BCC,438,449,2.11758661,2017-11-07T15:37:54.73,1455.16924101
203,0.00640899,105.52305939,0.00630962,2017-06-22T21:36:30.867,0.00640899,0.00640763,0.00621213,ETH-BNT,70,410,0.00624422,2017-11-07T15:38:22.277,16846.90300587
204,0.0,26.34440146,0.0,2017-08-04T18:01:27.853,0.00017062,0.00015172,0.00013,ETH-BTS,74,212,0.00014932,2017-11-05T03:48:43.87,175120.1443082
205,0.00031239,163.20066645,0.00030589,2017-06-19T19:59:14.89,0.00037576,0.00031238,0.00029,ETH-CFI,103,429,0.00031826,2017-11-07T15:36:28.917,497601.93575021
206,0.00129251,173.21882999,0.00121349,2017-06-13T19:40:35.217,0.00164498,0.00124665,0.0010229,ETH-CRB,57,177,0.00104409,2017-11-07T15:38:27.37,128446.84812328
207,0.0009943,390.27665378,0.00098062,2017-07-16T23:04:18.99,0.00099398,0.0009805,0.00092,ETH-CVC,185,1018,0.000951,2017-11-07T15:38:24.917,404418.88918433
208,0.988765,393.29934806,0.974,2017-07-14T17:10:05.143,0.99999999,0.97958872,0.909009,ETH-DASH,137,228,0.92101861,2017-11-07T15:37:40.887,409.80912244
209,2.956e-05,142.07822646,2.92e-05,2017-08-04T18:01:27.777,2.952e-05,2.91e-05,2.754e-05,ETH-DGB,77,596,2.831e-05,2017-11-07T15:38:04.59,4903202.20941864
210,0.22699908,10.98985102,0.21703087,2016-06-17T18:51:39.087,0.22699978,0.22699928,0.20593881,ETH-DGD,64,192,0.20925303,2017-11-07T15:38:19.747,51.84344455
211,0.0001378,78.9024103,0.00013223,2017-08-04T02:09:02.887,0.0001463,0.00013684,0.00012835,ETH-DNT,59,375,0.00013647,2017-11-07T15:38:23.793,581908.18891689
212,0.04742704,871.92320757,0.04677068,2016-07-28T21:45:59.05,0.049009,0.04687848,0.04615162,ETH-ETC,200,1030,0.04842617,2017-11-07T15:38:26.777,18375.35136368
213,0.0576171,177.13522554,0.05680089,2017-08-04T18:01:27.853,0.05976,0.0576171,0.04992901,ETH-FCT,66,174,0.04755237,2017-11-07T15:38:21.12,3319.09189554
214,5.313e-05,140.80024222,5.126e-05,2017-07-04T18:45:47.143,5.443e-05,5.313e-05,4.7e-05,ETH-FUN,102,835,5.103e-05,2017-11-07T15:38:24.87,2715658.88920082
215,0.20848706,5.27067266,0.20491112,2017-04-30T18:42:52.17,0.2112,0.20845725,0.19999938,ETH-GNO,70,262,0.21086854,2017-11-07T15:37:27.213,25.80665463
216,0.00066499,606.12606757,0.000653,2017-04-20T06:38:51.877,0.00066222,0.000659,0.00061599,ETH-GNT,212,1420,0.00063,2017-11-07T15:38:27.34,951160.06390392
217,0.00054536,260.04541183,0.00051709,2017-04-30T18:40:42.213,0.000634,0.00053329,0.0004512,ETH-GUP,72,219,0.00046567,2017-11-07T15:38:27.23,515269.26305587
218,0.0003148,79.43264191,0.00029528,2017-05-10T07:27:27.597,0.00033111,0.00030172,0.00028302,ETH-HMQ,65,298,0.00029122,2017-11-07T15:38:25.793,262730.58712696
219,0.0030973,187.38623055,0.00293919,2017-06-17T15:02:02.783,0.00356244,0.0030973,0.00276021,ETH-LGD,75,327,0.00325574,2017-11-07T15:38:27.387,61429.60586691
220,0.1986003,1064.72627816,0.19696922,2017-06-25T03:06:46.83,0.19998348,0.1986003,0.18100002,ETH-LTC,306,534,0.1845,2017-11-07T15:38:26.48,5596.73163523
221,0.01715085,52.00992644,0.01681411,2017-04-30T18:41:22.84,0.01715166,0.01715166,0.01580807,ETH-LUN,63,285,0.01591476,2017-11-07T15:38:24.12,3181.96849131
222,4.397e-05,40.32642474,4.324e-05,2017-10-13T23:32:03.027,4.525e-05,4.3e-05,3.867e-05,ETH-MANA,73,223,3.933e-05,2017-11-07T15:37:49.76,969009.8880765
223,0.0199,358.48448187,0.01968507,2017-07-02T00:37:17.05,0.02049996,0.0199,0.019,ETH-MCO,187,1035,0.01932,2017-11-07T15:33:16.697,18296.79209715
224,0.01742903,117.86881221,0.01689231,2017-07-08T14:59:57.37,0.01799422,0.01714241,0.0162,ETH-MTL,118,528,0.0160001,2017-11-07T15:38:25.247,6970.69128169
225,0.00208112,3.28018207,0.0020302,2017-06-19T19:13:43.743,0.0021976,0.00205929,0.0020101,ETH-MYST,43,375,0.00208123,2017-11-07T15:38:00.997,1593.4877659
226,0.090888,1557.77557737,0.09040828,2017-07-21T01:08:49.397,0.0909,0.0909,0.0862,ETH-NEO,924,1716,0.08741394,2017-11-07T15:34:46.603,17686.70592512
227,0.03728574,16.32842132,0.03600082,2017-06-22T21:58:57.657,0.04,0.03728574,0.03435706,ETH-NMR,101,425,0.03655436,2017-11-07T15:38:04.62,449.93351629
228,0.0219,1762.62480142,0.02165845,2017-07-16T17:07:42.41,0.0225,0.0219,0.02085,ETH-OMG,563,2132,0.02108388,2017-11-07T15:37:56.823,81098.1490064
229,0.00559981,705.8928352,0.00551065,2017-07-07T07:14:00.873,0.00575931,0.00559992,0.00520201,ETH-PAY,307,1679,0.00526,2017-11-07T15:38:25.84,129973.64705106
230,0.00051999,202.5187326,0.0005018,2017-06-18T17:04:24.147,0.00061394,0.00052039,0.00048652,ETH-PTOY,73,536,0.00052192,2017-11-07T15:38:26.823,372180.27458428
231,0.00209379,13.83493268,0.00201433,2017-06-11T17:33:06.14,0.002082,0.002082,0.00190001,ETH-QRL,93,189,0.00204259,2017-11-07T15:38:26.59,6903.89265408
232,0.03684785,1316.20094699,0.03664613,2017-07-20T19:08:43.473,0.03736976,0.03664613,0.034,ETH-QTUM,366,1015,0.0355974,2017-11-07T15:38:04.497,36614.84171868
233,0.06091973,153.68339747,0.0587611,2017-04-20T06:43:49.19,0.06869237,0.058753,0.05519379,ETH-REP,102,177,0.05662639,2017-11-07T15:38:27.497,2624.62908244
234,0.00182598,29.57281781,0.00178894,2017-04-30T18:41:22.823,0.00186341,0.00177126,0.00175,ETH-RLC,65,282,0.0018389,2017-11-07T15:38:17.2,16227.39383987
235,0.01008457,970.37280462,0.01001422,2017-10-16T17:32:48.84,0.01042752,0.01000048,0.00900744,ETH-SALT,94,193,0.00943351,2017-11-07T15:38:23.667,100407.08287892
236,1.275e-05,143.77004719,1.264e-05,2017-07-14T17:10:07.74,1.285e-05,1.263e-05,1.149e-05,ETH-SC,137,1168,1.185e-05,2017-11-07T15:32:41.523,11778082.54527758
237,0.00067589,1316.30769513,0.00066918,2017-04-30T18:41:22.853,0.00086196,0.00067589,0.000504,ETH-SNGLS,182,195,0.00052904,2017-11-07T15:38:23.34,1934472.55163678
238,0.000104,267.3843104,0.00010217,2017-06-28T18:26:15.747,0.00010327,0.00010327,9.702e-05,ETH-SNT,173,1039,0.00010072,2017-11-07T15:38:12.98,2661233.72959853
239,0.00178246,100.19485646,0.00175719,2017-07-11T21:14:32.643,0.00178,0.00177,0.00155657,ETH-STORJ,128,443,0.00158041,2017-11-07T15:38:26.463,60809.20441753
240,0.01036702,239.96325926,0.01017736,2017-08-04T18:01:27.713,0.01047204,0.01036741,0.00985906,ETH-STRAT,235,1175,0.01029628,2017-11-07T15:38:25.87,23711.84398377
241,0.08213298,6.09313182,0.07878681,2017-06-23T18:01:03.323,0.07838918,0.07838918,0.0766623,ETH-TIME,72,135,0.07834608,2017-11-07T15:38:07.59,77.88982641
242,0.000602,51.1713169,0.00058745,2017-10-25T21:01:08.287,0.000635,0.000602,0.00058002,ETH-TIX,38,307,0.0006,2017-11-07T15:35:01.713,83779.94315871
243,0.00376971,23.8210083,0.00360003,2017-05-09T04:43:46.723,0.0038,0.00376957,0.0034792,ETH-TKN,63,490,0.00359917,2017-11-07T15:38:23.167,6591.29221173
244,0.00083715,65.38700737,0.00081581,2017-05-19T15:55:11.28,0.000882,0.000815,0.000802,ETH-TRST,78,210,0.00081629,2017-11-07T15:33:26.68,78493.0674014
245,0.0127,266.92682046,0.01249531,2017-08-04T18:00:50.15,0.01280005,0.01249531,0.0111,ETH-WAVES,186,455,0.0116005,2017-11-07T15:38:14.463,22270.87348885
246,0.00126516,68.98315828,0.001255,2017-04-26T22:16:06.627,0.00129513,0.00126516,0.00123944,ETH-WINGS,46,320,0.00129125,2017-11-07T15:36:55.87,54668.42398792
247,0.0006236,575.44335158,0.0006155,2017-07-21T01:08:49.38,0.00063419,0.000625,0.00057261,ETH-XEM,138,555,0.00061,2017-11-07T15:38:27.497,940877.02367375
248,0.00010647,724.02144618,0.00010572,2017-07-21T01:08:49.38,0.00011195,0.00010569,9e-05,ETH-XLM,229,426,9.2e-05,2017-11-07T15:33:15.617,6928501.1451514
249,0.33598791,905.3849749,0.33043586,2017-07-21T01:08:49.367,0.34985,0.33043586,0.311561,ETH-XMR,158,274,0.31810821,2017-11-07T15:38:25.98,2734.51333043
250,0.00069999,779.11100919,0.00069505,2017-06-25T03:07:09.677,0.000705,0.00069505,0.000666,ETH-XRP,461,842,0.00067765,2017-11-07T15:38:15.497,1138955.12912514
251,0.801771,492.16687548,0.79800017,2017-07-14T17:10:07.8,0.807,0.79800017,0.75149496,ETH-ZEC,266,534,0.75786242,2017-11-07T15:38:25.543,631.77438819
252,594.99999974,4789519.0337454,592.0,2017-08-01T18:34:04.873,639.6,594.99999974,585.012,USDT-BCC,1273,2118,636.10000001,2017-11-07T15:36:15.777,7938.295739
253,6979.0,40674255.75927025,6963.10000008,2015-12-11T06:31:40.633,7282.66196574,6963.10000007,6923.0,USDT-BTC,9617,4077,7200.0,2017-11-07T15:38:21.667,5761.20278448
254,282.88888855,1019323.00449695,281.55,2017-07-21T01:08:49.413,301.61904399,282.88888879,273.0,USDT-DASH,425,1065,276.0,2017-11-07T15:38:25.463,3547.09855288
255,13.49999999,2622746.51728106,13.40000193,2017-07-14T17:10:10.72,14.72,13.49999999,13.20000001,USDT-ETC,593,2180,14.44500089,2017-11-07T15:38:25.98,186629.00757112
256,287.554,4846837.75336375,287.51,2017-04-20T17:26:37.647,304.04122641,287.51,285.00000001,USDT-ETH,1754,4334,301.70240003,2017-11-07T15:38:20.603,16425.65927859
257,57.17499997,1786493.78969637,56.61334566,2017-07-14T17:10:10.72,58.68,57.0,54.28713508,USDT-LTC,930,2485,55.6,2017-11-07T15:38:25.963,31655.73604938
258,26.0,1373198.37086762,25.96304021,2017-08-04T16:58:43.087,26.5799999,25.95,25.5,USDT-NEO,1314,5019,26.25,2017-11-07T15:36:21.98,52608.31302679
259,6.2999998,1021400.94280599,6.26279994,2017-09-15T23:49:44.83,6.6999,6.2999998,6.2,USDT-OMG,923,4784,6.36337469,2017-11-07T15:38:17.01,157482.82377057
260,96.09899999,2124577.13932704,95.28,2017-07-21T01:08:49.397,104.5,95.28,92.93439367,USDT-XMR,491,905,95.184565,2017-11-07T15:38:27.48,21541.9537122
261,0.20099997,655843.14048783,0.2008001,2017-07-14T17:10:10.737,0.206,0.20099998,0.19934411,USDT-XRP,1151,4274,0.20247219,2017-11-07T15:38:16.043,3238997.24217616
262,231.63179998,456121.31315113,229.77,2017-07-14T17:10:10.673,235.99999955,231.63179998,226.0,USDT-ZEC,728,2866,226.3021333,2017-11-07T15:36:55.103,1973.59030863
263,2.1e-05,1694.17456535,2.092e-05,2017-11-07T07:59:10.913,0.0002001,2.1e-05,1.7e-05,BTC-RCN,663,2259,0.0002,2017-11-07T15:38:26.62,76929415.58585396
264,0.000515,2913.66067624,0.00051484,2017-11-07T07:59:10.93,0.00089,0.00051484,0.00025124,ETH-RCN,126,249,0.00089,2017-11-07T15:38:26.823,5549053.6497822
