,Ask,BaseVolume,Bid,Created,High,Last,Low,MarketName,OpenBuyOrders,OpenSellOrders,PrevDay,TimeStamp,Volume
0,4.955e-05,576.20673435,4.913e-05,2017-06-06T01:22:35.727,7.245e-05,4.913e-05,4.453e-05,BTC-1ST,282,5819,4.453e-05,2017-11-07T15:33:13.96,9954249.51986564
1,9.1e-07,20.24612323,9e-07,2016-05-16T06:44:15.287,9.7e-07,9.1e-07,7.9e-07,BTC-2GIVE,327,2217,9.5e-07,2017-11-07T15:33:21.133,23575923.88362964
2,8.6e-07,18.10542567,8.5e-07,2014-10-31T01:43:25.743,9.9e-07,8.5e-07,8e-07,BTC-ABY,271,4893,8.6e-07,2017-11-07T15:32:39.18,20605151.34231647
3,3.08e-06,580.10043591,3.07e-06,2017-09-29T07:01:58.873,3.35e-06,3.08e-06,2.96e-06,BTC-ADA,1531,9363,2.99e-06,2017-11-07T15:33:22.1,184200602.36614794
4,2.77e-06,22.94629872,2.71e-06,2017-07-03T21:08:06.11,2.99e-06,2.78e-06,2.61e-06,BTC-ADT,158,3146,2.65e-06,2017-11-07T15:32:05.71,8189707.4414855
5,0.00012499,530.07267015,0.00012387,2017-07-11T22:42:17.78,0.0001429,0.00012401,0.0001205,BTC-ADX,702,8819,0.0001228,2017-11-07T15:33:21.93,4024467.95882729
6,0.000215,15.73128982,0.00021322,2015-07-31T00:50:47.11,0.00021999,0.00021322,0.00019103,BTC-AEON,253,2144,0.0002035,2017-11-07T15:22:45.213,75186.71419077
7,5.031e-05,2.77268135,4.959e-05,2015-11-10T00:53:59.643,5.117e-05,4.953e-05,4.74e-05,BTC-AGRS,197,2515,4.907e-05,2017-11-07T15:33:15.773,56186.78295932
8,2.113e-05,21.62199173,2.068e-05,2015-11-03T19:13:55.18,2.176e-05,2.085e-05,1.951e-05,BTC-AMP,157,5687,2.113e-05,2017-11-07T15:33:22.523,1041278.12157638
9,0.00015712,49.4991155,0.00015424,2017-05-17T19:54:30.143,0.00016761,0.00015631,0.00014116,BTC-ANT,196,4289,0.00016035,2017-11-07T15:33:23.087,325938.62215103
10,0.00076661,3.13569759,0.00074632,2017-05-02T06:26:32.897,0.00076874,0.00076755,0.000725,BTC-APX,188,1876,0.00075148,2017-11-07T15:33:22.1,4188.33274392
11,2.825e-05,44.66609803,2.803e-05,2016-10-13T18:59:37.407,2.905e-05,2.825e-05,2.687e-05,BTC-ARDR,465,4267,2.695e-05,2017-11-07T15:33:14.74,1582470.22759657
12,0.00036392,290.0076825,0.00036109,2017-03-21T18:11:29.347,0.000378,0.00036392,0.00033844,BTC-ARK,2078,9610,0.00033843,2017-11-07T15:33:21.913,803760.53437051
13,8.656e-05,1.97879369,8.512e-05,2014-03-16T22:00:00,8.777e-05,8.513e-05,8.5e-05,BTC-AUR,108,1587,8.656e-05,2017-11-07T15:33:23.587,23040.45801958
14,1.977e-05,99.62113613,1.972e-05,2017-06-03T22:04:53.82,2.05e-05,1.971e-05,1.911e-05,BTC-BAT,656,12871,1.933e-05,2017-11-07T15:33:19.947,4994643.68643324
15,3.88e-06,120.08559888,3.87e-06,2014-11-18T17:34:21.083,4.89e-06,3.88e-06,3.11e-06,BTC-BAY,282,3922,3.22e-06,2017-11-07T15:33:23.697,29107753.73352369
16,0.08511186,1917.37463591,0.08504936,2017-08-01T18:34:04.967,0.0893,0.08504936,0.083959,BTC-BCC,3235,12063,0.0885,2017-11-07T15:33:20.757,22399.72635164
17,4.603e-05,11.79150296,4.551e-05,2015-09-10T05:28:20.787,4.799e-05,4.613e-05,4.145e-05,BTC-BCY,133,2898,4.2e-05,2017-11-07T15:31:45.833,265883.23519893
18,3.9e-07,8.66158461,3.8e-07,2015-02-15T23:07:32.777,3.9e-07,3.8e-07,3.6e-07,BTC-BITB,515,5127,3.7e-07,2017-11-07T15:32:53.087,22899817.634637
19,0.00012239,5.78063734,0.0001201,2014-11-13T20:20:21.443,0.00012586,0.00012061,0.00011603,BTC-BLITZ,144,2606,0.00011955,2017-11-07T15:33:22.977,47906.95864748
20,3.06e-05,20.99301029,3.013e-05,2014-03-14T09:00:00,3.285e-05,3.01e-05,2.916e-05,BTC-BLK,193,4609,3.011e-05,2017-11-07T15:33:20.977,674882.62249387
21,0.00301744,32.91299942,0.00288579,2014-10-29T06:45:03.97,0.00303752,0.00288564,0.00246868,BTC-BLOCK,266,1516,0.00246868,2017-11-07T15:33:23.1,11657.52161202
22,0.00026171,10.9317726,0.00026111,2017-06-22T21:36:30.85,0.00027499,0.00026111,0.00025519,BTC-BNT,136,3316,0.00025728,2017-11-07T15:29:52.05,41415.93408215
23,2.182e-05,4.0707258,2.18e-05,2016-06-13T02:27:33.34,2.252e-05,2.182e-05,2.026e-05,BTC-BRK,129,2201,2.158e-05,2017-11-07T15:32:08.773,189960.07052595
24,6.962e-05,17.20797024,6.875e-05,2016-07-10T21:25:05.127,7.207e-05,6.875e-05,6.251e-05,BTC-BRX,146,2027,6.756e-05,2017-11-07T15:32:21.82,255720.84133347
25,8.448e-05,7.72058026,8.147e-05,2016-02-17T00:54:23.677,8.6e-05,8.147e-05,8.078e-05,BTC-BSD,192,2038,8.489e-05,2017-11-07T15:33:21.74,92335.80580016
26,0.01761969,8.15965122,0.0175,2014-07-14T06:05:04.567,0.01790817,0.0175,0.01593002,BTC-BTCD,165,712,0.0172085,2017-11-07T15:32:23.163,475.17892312
27,0.0,63.85828478,0.0,2014-11-24T08:18:16.53,9.98e-06,8.86e-06,8.44e-06,BTC-BTS,229,4558,8.63e-06,2017-11-05T03:45:21.24,6871090.19001538
28,8.3e-07,13.2569,8.1e-07,2014-09-16T07:41:56.047,8.8e-07,8.1e-07,7.5e-07,BTC-BURST,309,6356,8e-07,2017-11-07T15:30:19.33,16345409.64230212
29,0.00012788,174.43389599,0.000127,2014-11-03T19:02:45.96,0.00016843,0.00012613,7.455e-05,BTC-BYC,316,1171,7.455e-05,2017-11-07T15:33:23.6,1333759.54765214
30,3.7e-06,24.02160878,3.68e-06,2014-08-10T06:48:44.83,4.49e-06,3.7e-06,3.58e-06,BTC-CANN,261,6247,4.09e-06,2017-11-07T15:24:07.887,5971766.20032657
31,1.264e-05,101.9226837,1.26e-05,2017-06-19T19:59:14.78,1.589e-05,1.26e-05,1.204e-05,BTC-CFI,212,5373,1.296e-05,2017-11-07T15:33:18.43,7254009.64892729
32,0.00068967,7.32189779,0.00068176,2015-04-18T22:04:25.183,0.00072071,0.00068125,0.00064184,BTC-CLAM,231,1468,0.0006603,2017-11-07T15:33:23.35,10617.11061059
33,0.00068928,19.36636369,0.0006868,2014-06-04T08:53:18.563,0.0007666,0.00067829,0.00060111,BTC-CLOAK,310,2892,0.00066,2017-11-07T15:33:22.82,28489.94929736
34,0.00021451,63.50758913,0.0002145,2015-12-18T00:30:10.31,0.00021878,0.00021451,0.0001996,BTC-CLUB,405,1827,0.00020375,2017-11-07T15:33:10.54,303286.20605758
35,6.9e-07,9.74663184,6.8e-07,2015-01-22T19:11:45.903,7.1e-07,6.9e-07,6.4e-07,BTC-COVAL,302,4726,7e-07,2017-11-07T15:19:42.553,14275160.28142558
36,5.098e-05,18.11449343,5.019e-05,2015-07-25T06:30:32.53,6.055e-05,5.105e-05,5.004e-05,BTC-CPC,108,2778,6.084e-05,2017-11-07T15:33:21.007,326787.43079018
37,5.225e-05,237.41179334,5.127e-05,2017-06-13T19:40:35.203,6.999e-05,5.143e-05,4.328e-05,BTC-CRB,116,2980,4.355e-05,2017-11-07T15:33:20.383,3941402.80325894
38,0.00020726,17.45532671,0.00019608,2017-03-06T21:10:15.663,0.000216,0.00020999,0.0001883,BTC-CRW,148,1539,0.0002017,2017-11-07T15:33:23.727,87799.57775365
39,4.452e-05,86.41810073,4.375e-05,2014-05-13T09:00:00,6.146e-05,4.375e-05,4.23e-05,BTC-CURE,322,2204,5.843e-05,2017-11-07T15:33:13.117,1639877.94346491
40,4.072e-05,140.06953681,4.048e-05,2017-07-16T23:04:18.867,4.18e-05,4.072e-05,3.913e-05,BTC-CVC,858,12014,3.93e-05,2017-11-07T15:31:51.773,3455557.69547499
41,0.04042595,498.23128618,0.04035925,2014-03-11T08:00:00,0.0421155,0.04035925,0.0382,BTC-DASH,1178,5963,0.03844976,2017-11-07T15:33:24.07,12383.69458063
42,0.00405,49.96402295,0.00400002,2016-02-09T21:06:51.577,0.0042,0.00400002,0.00382,BTC-DCR,527,4636,0.00382002,2017-11-07T15:33:19.1,12366.53121142
43,5.99e-05,12.54797587,5.922e-05,2017-06-30T16:35:24.643,6.298e-05,5.999e-05,5.7e-05,BTC-DCT,160,4817,5.891e-05,2017-11-07T15:32:39.023,210188.44194883
44,1.21e-06,238.52562459,1.2e-06,2014-08-20T07:09:57.207,1.27e-06,1.21e-06,1.15e-06,BTC-DGB,961,25367,1.17e-06,2017-11-07T15:32:30.96,197248239.65633285
45,0.0090742,6.17638458,0.00904826,2016-06-14T16:25:12.063,0.00916,0.0090742,0.00856101,BTC-DGD,153,1089,0.00879497,2017-11-07T15:28:49.19,691.50004553
46,0.00125596,42.76870656,0.00122467,2015-05-01T17:31:24.97,0.00144435,0.00122341,0.00089003,BTC-DMD,339,1708,0.00091666,2017-11-07T15:33:21.447,37310.50794587
47,5.55e-06,27.28466713,5.4e-06,2017-08-04T02:09:02.873,5.95e-06,5.56e-06,5.28e-06,BTC-DNT,150,1966,5.65e-06,2017-11-07T15:33:24.07,4806205.46029493
48,1.7e-07,29.4852944,1.6e-07,2014-02-13T00:00:00,1.7e-07,1.7e-07,1.6e-07,BTC-DOGE,1648,17970,1.6e-07,2017-11-07T15:33:23.757,179604054.1689021
49,3.02e-06,31.3532717,2.94e-06,2014-10-17T19:09:32.6,3.88e-06,3.03e-06,2.83e-06,BTC-DOPE,284,3390,3.63e-06,2017-11-07T15:31:58.93,9798717.72660999
50,6.079e-05,5.8935076,5.917e-05,2017-04-01T04:06:13.887,6.366e-05,5.917e-05,5.38e-05,BTC-DTB,145,3069,5.597e-05,2017-11-07T15:33:20.57,101230.65123309
51,0.000433,1.640912,0.00042526,2017-03-23T00:10:19.403,0.0004499,0.00042526,0.000418,BTC-DYN,152,922,0.00041897,2017-11-07T15:23:05.26,3802.93299972
52,1.5e-05,7.62043498,1.472e-05,2016-09-15T15:47:38.92,1.541e-05,1.5e-05,1.432e-05,BTC-EBST,150,4422,1.429e-05,2017-11-07T15:32:08.913,511963.96099741
53,7.8e-05,40.7828558,7.794e-05,2017-04-18T00:56:59.243,7.8e-05,7.8e-05,7.153e-05,BTC-EDG,324,6192,7.398e-05,2017-11-07T15:32:53.71,543158.37521399
54,1.725e-05,1.44563448,1.699e-05,2014-03-20T20:00:00,1.75e-05,1.696e-05,1.626e-05,BTC-EFL,125,1581,1.637e-05,2017-11-07T15:28:56.673,86157.66567627
55,3.17e-05,4.07591788,3.169e-05,2016-01-18T21:01:43.837,3.2e-05,3.169e-05,2.991e-05,BTC-EGC,257,2892,3.152e-05,2017-11-07T15:32:20.24,131856.22690274
56,8.793e-05,67.72392573,8.622e-05,2016-01-06T05:28:04.553,0.00010274,8.612e-05,8.464e-05,BTC-EMC,257,3107,8.798e-05,2017-11-07T15:33:22.367,727598.09190956
57,9e-06,114.68425253,8.99e-06,2014-12-24T00:00:00,9.83e-06,9e-06,8.28e-06,BTC-EMC2,350,7060,8.51e-06,2017-11-07T15:33:00.147,12809215.73251971
58,1.739e-05,29.77766425,1.719e-05,2014-05-04T00:00:00,2.025e-05,1.75e-05,1.477e-05,BTC-ENRG,256,2291,1.516e-05,2017-11-07T15:33:23.46,1681712.60927421
59,8.045e-05,161.99014556,7.929e-05,2014-05-10T17:00:00,0.0001125,8.046e-05,6.084e-05,BTC-ERC,252,1937,6.084e-05,2017-11-07T15:33:07.54,1860207.31071812
60,0.00192,570.9486115,0.00191952,2016-07-26T18:10:22.82,0.00206832,0.00192,0.00189387,BTC-ETC,1057,8253,0.00202024,2017-11-07T15:33:11.9,286127.40421815
61,0.04105002,2854.7397808,0.04105,2015-08-14T09:02:24.817,0.04340655,0.04105,0.04021202,BTC-ETH,3838,20088,0.04175707,2017-11-07T15:33:21.29,67897.21418353
62,0.0001725,5.04793099,0.00017249,2014-09-28T20:33:27.633,0.00018692,0.00017249,0.00016702,BTC-EXCL,202,1515,0.00018691,2017-11-07T15:30:18.033,28852.68792725
63,0.00025334,45.81813565,0.00025,2015-09-16T17:10:15.253,0.00029499,0.00025,0.00024171,BTC-EXP,187,4165,0.00024102,2017-11-07T15:33:21.35,173520.10555702
64,0.00011997,1.65903971,0.00011802,2014-12-12T19:51:07.703,0.000124,0.00011997,0.00011504,BTC-FAIR,241,931,0.0001229,2017-11-07T15:20:01.35,13646.68484375
65,0.00242,202.87669405,0.00239407,2016-01-09T03:47:07.803,0.00248,0.00243,0.00200039,BTC-FCT,587,3861,0.00200099,2017-11-07T15:32:51.443,90099.88288772
66,1.49e-06,11.97227361,1.48e-06,2015-02-23T23:01:53.92,1.57e-06,1.49e-06,1.44e-06,BTC-FLDC,290,3720,1.5e-06,2017-11-07T15:33:20.46,7978676.15275732
67,1.205e-05,14.74757868,1.19e-05,2015-03-11T05:43:30.193,1.272e-05,1.189e-05,1.052e-05,BTC-FLO,185,2383,1.068e-05,2017-11-07T15:33:13.18,1276381.19014983
68,1.577e-05,147.92516295,1.57e-05,2014-02-13T00:00:00,1.702e-05,1.57e-05,1.345e-05,BTC-FTC,956,5302,1.657e-05,2017-11-07T15:33:21.337,9444039.20379751
69,2.18e-06,109.03326115,2.16e-06,2017-07-04T18:45:47.13,2.3e-06,2.18e-06,1.96e-06,BTC-FUN,258,6207,2.08e-06,2017-11-07T15:32:20.773,49892867.05688249
70,0.00101866,1.40911816,0.00099629,2015-05-05T22:38:44.963,0.0010189,0.00099489,0.00093348,BTC-GAM,107,829,0.00095202,2017-11-07T15:33:20.227,1426.900277
71,0.00023632,66.75868404,0.00023455,2015-04-08T04:09:53.013,0.00024778,0.00023454,0.00022714,BTC-GAME,250,5378,0.00023,2017-11-07T15:31:47.63,283050.13949927
72,1.538e-05,21.99956938,1.525e-05,2017-02-12T00:38:21.023,1.7e-05,1.52e-05,1.44e-05,BTC-GBG,167,2926,1.443e-05,2017-11-07T15:31:44.82,1377783.16798689
73,0.02334162,87.30744739,0.02296449,2017-04-13T20:46:39.83,0.0253,0.02334162,0.02070022,BTC-GBYTE,316,3567,0.0214,2017-11-07T15:33:18.57,3705.33708663
74,6.76e-06,21.82211301,6.63e-06,2015-08-24T00:25:28.933,8.24e-06,6.63e-06,6.46e-06,BTC-GCR,91,3988,6.51e-06,2017-11-07T15:21:15.07,2936435.59546805
75,0.00014107,7.95310753,0.00013854,2015-02-21T03:29:43.267,0.00014905,0.00013852,0.00013503,BTC-GEO,316,2678,0.00014069,2017-11-07T15:33:20.99,56224.15766748
76,2.078e-05,4.75084236,2.053e-05,2014-03-22T16:00:00,2.152e-05,2.079e-05,1.919e-05,BTC-GLD,272,2205,1.99e-05,2017-11-07T15:33:09.43,234699.73927697
77,0.00861988,9.83805765,0.00850298,2017-04-28T02:43:12,0.0087571,0.00861988,0.00837988,BTC-GNO,154,2288,0.00845104,2017-11-07T15:33:23.21,1145.82871094
78,2.714e-05,112.45851551,2.703e-05,2017-04-17T21:35:59.26,2.8e-05,2.703e-05,2.567e-05,BTC-GNT,443,10547,2.622e-05,2017-11-07T15:32:23.29,4172121.24758895
79,1.63e-05,6.22581211,1.612e-05,2017-01-19T23:23:12.41,1.658e-05,1.63e-05,1.54e-05,BTC-GOLOS,187,2135,1.57e-05,2017-11-07T15:32:13.333,389667.62703349
80,5.67e-06,7.93641695,5.6e-06,2015-02-27T19:57:02.82,5.69e-06,5.67e-06,5.08e-06,BTC-GRC,240,3579,5.19e-06,2017-11-07T15:29:23.86,1468312.96822513
81,9.115e-05,1224.69760358,9.109e-05,2014-04-03T05:00:00,0.0001085,9.099e-05,8.7e-05,BTC-GRS,1704,5312,9.411e-05,2017-11-07T15:33:19.883,12530246.54109803
82,2.197e-05,93.27490599,2.186e-05,2017-04-29T18:08:12.39,2.711e-05,2.197e-05,1.868e-05,BTC-GUP,214,3637,1.926e-05,2017-11-07T15:33:01.727,4196356.2246218
83,1.241e-05,41.61659583,1.218e-05,2017-05-10T00:02:47.373,1.395e-05,1.242e-05,1.2e-05,BTC-HMQ,178,4050,1.209e-05,2017-11-07T15:33:11.99,3205933.55148989
84,2.142e-05,3.08929863,2.141e-05,2017-04-04T21:20:51.083,2.209e-05,2.142e-05,2.093e-05,BTC-INCNT,129,2709,2.182e-05,2017-11-07T05:43:44.113,142340.20175623
85,9.473e-05,3.81466627,9.178e-05,2015-10-03T20:41:41.403,9.535e-05,9.478e-05,8.904e-05,BTC-INFX,175,1550,9.016e-05,2017-11-07T15:33:19.757,41187.97212579
86,0.00034703,101.68209838,0.000347,2014-07-29T16:57:43.787,0.0004897,0.00034715,0.0003,BTC-IOC,208,1940,0.000312,2017-11-07T15:33:24.023,254864.33806708
87,0.00015003,6.0741905,0.00015,2017-02-18T23:41:17.04,0.000152,0.00015,0.00014226,BTC-ION,175,2173,0.00014401,2017-11-07T15:32:41.74,40996.29080156
88,0.00032429,55.46324141,0.000324,2016-12-22T00:54:23.477,0.00033399,0.00032429,0.00029,BTC-IOP,363,5614,0.00031033,2017-11-07T15:33:01.367,174543.32953412
89,0.00038594,541.47981206,0.0003845,2017-02-11T23:04:01.853,0.00040898,0.0003845,0.00036,BTC-KMD,1568,6587,0.00037992,2017-11-07T15:33:22.947,1411718.00331762
90,0.0004991,20.60299308,0.00049908,2014-06-17T05:46:29.303,0.00053644,0.00049908,0.000475,BTC-KORE,262,2437,0.000504,2017-11-07T15:32:08.787,40605.95216419
91,2.186e-05,30.77490179,2.169e-05,2016-07-05T21:50:07.81,2.219e-05,2.169e-05,1.996e-05,BTC-LBC,388,8886,1.996e-05,2017-11-07T15:32:15.583,1435434.04529648
92,0.00012796,121.91663004,0.0001265,2017-04-18T07:37:41.3,0.00014325,0.0001265,0.00011561,BTC-LGD,416,5381,0.000136,2017-11-07T15:32:08.787,928547.471261
93,6.3e-06,19.75039152,6.23e-06,2017-02-18T23:55:53.153,6.44e-06,6.23e-06,6.06e-06,BTC-LMC,204,5466,6.2e-06,2017-11-07T15:33:03.663,3188159.09173561
94,0.00067692,346.99072038,0.000675,2016-05-24T18:49:52.77,0.0007,0.000675,0.00062458,BTC-LSK,1714,8073,0.00062458,2017-11-07T15:33:23.023,525143.8410966
95,0.00815499,1133.00481664,0.0081401,2014-02-13T00:00:00,0.0083,0.0081401,0.0076,BTC-LTC,2292,12983,0.007665,2017-11-07T15:33:23.727,143417.69434831
96,0.00070509,10.923769,0.0007,2017-04-30T16:57:03.27,0.00072739,0.0007,0.000655,BTC-LUN,164,4096,0.000655,2017-11-07T15:25:05.903,15780.85393062
97,5.301e-05,53.86076391,5.3e-05,2016-01-18T20:38:22.707,5.5e-05,5.3e-05,4.603e-05,BTC-MAID,323,3907,4.716e-05,2017-11-07T15:33:06.85,1060784.75095713
98,1.82e-06,17.21851007,1.8e-06,2017-10-13T23:32:02.993,1.85e-06,1.8e-06,1.64e-06,BTC-MANA,183,2480,1.62e-06,2017-11-07T15:31:48.443,9913940.69326612
99,0.00081669,225.040844,0.00080576,2017-07-02T00:37:16.957,0.00086821,0.0008086,0.00078754,BTC-MCO,477,10151,0.0007965,2017-11-07T15:33:20.303,270681.34491528
100,3.19e-05,382.50034179,3.15e-05,2016-04-01T18:24:07.207,4.34e-05,3.194e-05,2.843e-05,BTC-MEME,325,1806,3.719e-05,2017-11-07T15:33:15.29,10567882.7261933
101,0.008178,12.9675735,0.00800002,2017-03-15T19:30:56.167,0.00841206,0.008178,0.00762766,BTC-MLN,110,1500,0.0084,2017-11-07T15:33:20.29,1613.54290765
102,0.0003769,56.45415696,0.00037285,2014-04-18T22:00:00,0.00038239,0.00037285,0.000362,BTC-MONA,468,3817,0.000373,2017-11-07T15:33:22.54,152534.80150466
103,0.00071087,194.42361485,0.00070406,2017-07-08T14:59:57.34,0.00077616,0.00071035,0.00067144,BTC-MTL,535,6213,0.00068321,2017-11-07T15:33:20.913,270521.81572901
104,1.451e-05,14.64662666,1.425e-05,2015-04-09T17:31:31.113,1.65e-05,1.457e-05,1.401e-05,BTC-MUE,221,3075,1.473e-05,2017-11-07T15:33:21.21,985357.94584889
105,1.99e-06,36.61351219,1.98e-06,2017-03-27T19:59:13.073,2.52e-06,1.98e-06,1.87e-06,BTC-MUSIC,289,9398,1.88e-06,2017-11-07T15:30:34.237,17456029.25816947
106,8.502e-05,4.0028916,8.5e-05,2017-06-19T19:13:43.73,8.84e-05,8.502e-05,8.5e-05,BTC-MYST,233,3694,8.796e-05,2017-11-07T15:30:56.02,46681.16982074
107,0.000109,77.82768003,0.00010892,2014-07-08T03:37:28.39,0.00011375,0.000109,0.0001062,BTC-NAV,556,5196,0.0001071,2017-11-07T15:31:00.923,708325.6916375
108,0.00014149,24.41186768,0.00014012,2015-04-08T03:57:37.33,0.000144,0.00014012,0.00013634,BTC-NBT,47,1774,0.00013697,2017-11-07T15:32:29.007,174047.34001451
109,0.00374013,1147.74978187,0.00372,2016-10-26T01:28:31.96,0.00382043,0.00374014,0.003604,BTC-NEO,4690,27476,0.00365024,2017-11-07T15:33:24.087,309910.38022468
110,0.00032736,7.21053872,0.0003265,2014-08-20T00:06:59.63,0.0003435,0.0003265,0.00031456,BTC-NEOS,265,2050,0.0003435,2017-11-07T15:33:16.65,22196.17856508
111,1.356e-05,27.02828008,1.323e-05,2014-04-04T22:00:00,1.419e-05,1.324e-05,1.196e-05,BTC-NLG,263,3297,1.228e-05,2017-11-07T15:33:18.837,2042246.5633427
112,0.001505,16.49192094,0.00149027,2017-06-22T21:58:57.657,0.0016,0.00151,0.00147258,BTC-NMR,148,4354,0.00149,2017-11-07T15:32:18.413,10825.50287104
113,2.717e-05,18.48854431,2.68e-05,2017-04-17T22:51:08.97,2.929e-05,2.713e-05,2.557e-05,BTC-NXC,104,3820,2.781e-05,2017-11-07T15:33:23.54,669932.79888663
114,0.00013685,24.62864143,0.00013601,2015-01-25T03:00:35.143,0.0001419,0.00013601,0.00012792,BTC-NXS,524,4199,0.00012907,2017-11-07T15:31:28.897,181435.87646992
115,8.15e-06,43.55882668,8.11e-06,2014-03-03T09:00:00,8.27e-06,8.11e-06,7.87e-06,BTC-NXT,350,8433,7.96e-06,2017-11-07T15:32:26.087,5370855.17037591
116,3.475e-05,143.76165727,3.452e-05,2015-05-30T19:26:37.523,3.749e-05,3.475e-05,3.451e-05,BTC-OK,947,10327,3.513e-05,2017-11-07T15:32:39.32,4031513.7495101
117,0.0008944,940.39281986,0.00089414,2017-07-16T17:07:42.313,0.00096103,0.00089414,0.00086968,BTC-OMG,2162,17127,0.00087999,2017-11-07T15:33:20.197,1022137.71960268
118,0.00334785,12.90260891,0.00329557,2015-11-03T19:13:33.197,0.00335788,0.0032955,0.00296994,BTC-OMNI,333,2315,0.00298062,2017-11-07T15:33:20.257,4046.5021022
119,0.0012187,28.09421321,0.00120002,2017-07-20T18:19:07.157,0.00124999,0.00121,0.00111,BTC-PART,267,1895,0.00112051,2017-11-07T15:33:21.35,23698.92647873
120,0.00022998,240.18006055,0.00022935,2017-07-07T07:14:00.793,0.00024348,0.00022998,0.00021661,BTC-PAY,932,14555,0.00021736,2017-11-07T15:33:01.397,1044025.15228988
121,1.725e-05,11.81906188,1.697e-05,2016-06-02T04:39:35.21,1.774e-05,1.697e-05,1.436e-05,BTC-PDC,191,2403,1.435e-05,2017-11-07T15:33:10.43,728755.12663052
122,3.27e-06,33.64232103,3.25e-06,2014-07-29T07:41:09.4,3.53e-06,3.25e-06,3e-06,BTC-PINK,247,2926,3.22e-06,2017-11-07T15:32:55.803,10128493.19417836
123,0.00040415,178.83869305,0.00040202,2016-03-02T20:45:37.987,0.00043595,0.00040202,0.000395,BTC-PIVX,912,6511,0.00043381,2017-11-07T15:33:16.82,436790.59104052
124,7.033e-05,26.82518497,6.896e-05,2015-06-03T06:31:14.35,7.864e-05,6.897e-05,6.65e-05,BTC-PKB,328,2571,7.021e-05,2017-11-07T15:33:14.617,375030.60036968
125,1.699e-05,954.78041557,1.686e-05,2014-03-11T08:00:00,2.633e-05,1.686e-05,1.686e-05,BTC-POT,648,4079,2.572e-05,2017-11-07T15:33:19.727,44097996.93269022
126,0.0001872,5.31244697,0.00018719,2014-02-13T00:00:00,0.00019217,0.00018719,0.00018262,BTC-PPC,176,2793,0.000184,2017-11-07T15:31:10.49,28409.78982625
127,4.77e-06,3.50030508,4.76e-06,2014-03-27T18:00:00,4.87e-06,4.77e-06,4.46e-06,BTC-PTC,223,2457,4.78e-06,2017-11-07T15:32:07.443,751659.22190202
128,2.099e-05,85.65129825,2.051e-05,2017-06-18T17:04:24.1,2.59e-05,2.085e-05,2.027e-05,BTC-PTOY,259,6665,2.062e-05,2017-11-07T15:33:23.133,3713947.7139202
129,8.5e-05,7.48687671,8.38e-05,2017-06-10T00:01:39.293,8.685e-05,8.487e-05,8.101e-05,BTC-QRL,336,3517,8.1e-05,2017-11-07T15:33:22.68,89496.73552594
130,0.00150097,740.53181024,0.00149351,2017-07-20T19:08:43.473,0.00155801,0.00150097,0.00142935,BTC-QTUM,852,11883,0.00146101,2017-11-07T15:33:22.507,495808.75841024
131,1.944e-05,37.76495105,1.875e-05,2017-03-05T19:30:16.853,2.135e-05,1.948e-05,1.867e-05,BTC-QWARK,248,5225,2.126e-05,2017-11-07T15:33:24.053,1874935.0817895
132,0.0004527,11.20654605,0.00044234,2016-01-26T23:22:16.193,0.00047099,0.0004423,0.00041861,BTC-RADS,122,2032,0.00041998,2017-11-07T15:33:23.757,25370.38871603
133,9.93e-05,10.72124452,9.818e-05,2014-04-05T08:00:00,0.00010556,9.928e-05,9.529e-05,BTC-RBY,1597,6047,9.614e-05,2017-11-07T15:18:45.85,107271.14517782
134,1.6e-07,60.1011099,1.5e-07,2014-02-25T09:00:00,1.6e-07,1.5e-07,1.4e-07,BTC-RDD,1262,18134,1.5e-07,2017-11-07T15:31:50.32,388466242.0937768
135,0.00246066,52.84697872,0.00243006,2016-10-04T15:45:37.14,0.00278,0.00243006,0.00230487,BTC-REP,175,1854,0.00231999,2017-11-07T15:33:22.977,21092.09473366
136,3.538e-05,102.37594114,3.494e-05,2016-06-24T17:00:00.043,3.65e-05,3.494e-05,3.396e-05,BTC-RISE,522,5695,3.5e-05,2017-11-07T15:33:19.867,2916269.90951984
137,7.519e-05,15.53639538,7.452e-05,2017-04-27T00:20:33.857,7.861e-05,7.452e-05,7.3e-05,BTC-RLC,184,3542,7.664e-05,2017-11-07T15:32:52.6,205902.29932222
138,1.23e-06,138.07022804,1.22e-06,2016-02-13T22:14:21.14,1.43e-06,1.2e-06,1.14e-06,BTC-SAFEX,512,6409,1.15e-06,2017-11-07T15:28:53.22,108972932.25542808
139,0.00041642,370.34634344,0.00041351,2017-10-16T17:32:48.777,0.00044108,0.00041304,0.00038233,BTC-SALT,499,1953,0.00039124,2017-11-07T15:33:19.883,913632.42980102
140,0.00014199,8.00774617,0.0001401,2016-07-09T19:02:08.943,0.000143,0.00014199,0.00013221,BTC-SBD,115,1850,0.00013207,2017-11-07T15:33:21.96,57611.70229224
141,5.3e-07,125.52413573,5.2e-07,2017-05-22T21:30:29.16,5.4e-07,5.2e-07,4.8e-07,BTC-SC,1113,26974,4.9e-07,2017-11-07T15:33:13.85,241315841.92161134
142,1.754e-05,20.97229682,1.722e-05,2016-09-23T07:10:11.78,1.91e-05,1.721e-05,1.651e-05,BTC-SEQ,147,1721,1.696e-05,2017-11-07T15:24:27.323,1146528.74722549
143,0.0001425,7.9370761,0.00014105,2016-10-11T19:48:35.573,0.00014984,0.00014105,0.000135,BTC-SHIFT,147,2380,0.00014379,2017-11-07T15:21:00.617,55733.91148312
144,0.000153,3.98089379,0.00015013,2017-02-18T22:34:49.373,0.000155,0.00015013,0.00014507,BTC-SIB,123,2416,0.00014701,2017-11-07T15:32:43.337,26381.01845846
145,4.995e-05,35.55663595,4.989e-05,2014-03-23T06:00:00,5.274e-05,4.995e-05,3.902e-05,BTC-SLR,285,1973,3.906e-05,2017-11-07T15:33:11.697,773791.15073164
146,0.00195113,10.4814721,0.00191163,2016-01-20T22:24:04.65,0.00204572,0.00191162,0.00171,BTC-SLS,181,1746,0.00176,2017-11-07T15:33:23.947,5528.14693735
147,2.733e-05,464.62338928,2.697e-05,2016-10-02T22:16:04.773,3.653e-05,2.715e-05,2.113e-05,BTC-SNGLS,347,1951,2.177e-05,2017-11-07T15:33:22.053,15863986.37491622
148,0.00021611,17.44720446,0.000216,2015-06-03T06:27:04.623,0.000237,0.000216,0.000185,BTC-SNRG,291,1706,0.00019432,2017-11-07T15:33:21.133,85842.90389327
149,4.25e-06,97.09097457,4.24e-06,2017-06-28T18:26:15.73,4.33e-06,4.24e-06,4.08e-06,BTC-SNT,385,10244,4.17e-06,2017-11-07T15:32:19.227,23084656.08981069
150,0.0003915,6.64174333,0.00039,2015-05-18T22:45:47.093,0.00040013,0.00039,0.00037988,BTC-SPHR,133,1301,0.00038791,2017-11-07T15:32:31.99,17059.52329703
151,4.355e-05,14.7211121,4.31e-05,2014-12-19T02:33:07.747,4.595e-05,4.31e-05,4.101e-05,BTC-SPR,262,3408,4.298e-05,2017-11-07T15:33:16.837,339547.27376192
152,6.23e-06,13.47727101,6.15e-06,2014-06-14T07:09:15.327,7.21e-06,6.26e-06,6.1e-06,BTC-START,346,5900,6.9e-06,2017-11-07T15:32:47.74,2058271.69931309
153,0.00012299,73.4251592,0.0001229,2016-04-17T01:22:13.35,0.00013,0.00012299,0.00011906,BTC-STEEM,444,7528,0.0001215,2017-11-07T15:33:12.24,592037.43989227
154,7.238e-05,148.62143899,7.212e-05,2017-07-11T21:14:32.643,7.41e-05,7.238e-05,6.464e-05,BTC-STORJ,587,6683,6.6e-05,2017-11-07T15:33:13.4,2113509.53643294
155,0.00042246,332.85226714,0.00042245,2016-08-10T23:26:39.657,0.00044732,0.00042245,0.00041003,BTC-STRAT,1654,22026,0.00042336,2017-11-07T15:32:20.99,777176.61772958
156,0.000148,51.60698749,0.00014757,2014-10-03T19:16:23.143,0.0001885,0.000148,0.00014304,BTC-SWIFT,186,2014,0.00014457,2017-11-07T15:33:13.24,303296.39845091
157,0.00017446,6.6705272,0.00017414,2017-03-08T22:32:26.03,0.000179,0.00017415,0.00015394,BTC-SWT,116,1738,0.00017789,2017-11-07T15:21:48.977,39656.50095732
158,3.393e-05,37.80720327,3.351e-05,2016-08-25T21:23:15.27,3.709e-05,3.393e-05,3.253e-05,BTC-SYNX,184,2421,3.275e-05,2017-11-07T15:33:15.163,1100399.46135703
159,2.866e-05,159.67855445,2.865e-05,2014-08-16T19:57:48.823,2.892e-05,2.866e-05,2.732e-05,BTC-SYS,929,8181,2.745e-05,2017-11-07T15:33:08.413,5633514.48551205
160,2.32e-06,215.09754896,2.29e-06,2014-04-29T21:00:00,3.66e-06,2.32e-06,2.22e-06,BTC-THC,481,3993,3.01e-06,2017-11-07T15:32:58.82,75547020.15041356
161,0.0033454,2.83948873,0.00329715,2017-03-09T00:44:08.673,0.00336982,0.00334542,0.0032935,BTC-TIME,127,1585,0.00336835,2017-11-07T15:33:11.553,858.40989982
162,2.489e-05,26.55050948,2.462e-05,2017-10-25T21:01:08.287,2.739e-05,2.491e-05,2.413e-05,BTC-TIX,129,2280,2.478e-05,2017-11-07T15:33:14.273,1039615.79531114
163,0.000152,21.9911891,0.0001507,2017-05-08T17:09:34.91,0.00016,0.000152,0.00014546,BTC-TKN,179,3430,0.00015085,2017-11-07T15:33:17.867,145205.85038085
164,0.00025804,28.13946407,0.00025165,2017-03-23T00:48:15.94,0.000285,0.00025789,0.00022098,BTC-TKS,159,1465,0.00022099,2017-11-07T15:33:20.007,110252.27696783
165,8.33e-05,127.23565307,8.234e-05,2016-09-08T05:59:08.183,8.909e-05,8.234e-05,7.803e-05,BTC-TRIG,461,8798,8.181e-05,2017-11-07T15:33:17.4,1512647.20691405
166,3.441e-05,18.64935422,3.402e-05,2017-04-19T04:53:43.893,3.68e-05,3.441e-05,3.328e-05,BTC-TRST,246,3737,3.408e-05,2017-11-07T15:33:10.9,531438.93421991
167,1.652e-05,33.56490781,1.651e-05,2014-07-07T05:46:18.71,1.986e-05,1.652e-05,1.471e-05,BTC-TRUST,284,2094,1.562e-05,2017-11-07T15:31:27.35,1914494.14307804
168,0.00029303,29.83603536,0.00028865,2015-09-02T08:02:54.3,0.00030598,0.00029,0.0002851,BTC-TX,386,806,0.0002901,2017-11-07T15:33:20.57,101136.4318885
169,0.0001602,34.30031332,0.00015999,2017-02-08T17:00:59.02,0.000165,0.0001602,0.00014771,BTC-UBQ,560,7582,0.00014922,2017-11-07T15:31:23.537,218870.10925127
170,3.88e-05,4.29100018,3.861e-05,2016-08-24T21:39:28.357,3.949e-05,3.861e-05,3.581e-05,BTC-UNB,147,1619,3.748e-05,2017-11-07T15:29:15.97,114159.22643576
171,0.0002109,58.75324467,0.00020914,2014-07-18T00:20:00.393,0.00022,0.00020905,0.0002056,BTC-VIA,472,3269,0.00021427,2017-11-07T15:33:21.337,277925.06844081
172,5.64e-06,44.81420093,5.54e-06,2015-12-30T04:21:47.31,6.49e-06,5.54e-06,5.26e-06,BTC-VOX,260,5940,5.92e-06,2017-11-07T15:31:38.71,7669268.65576826
173,7.63e-05,109.03965739,7.61e-05,2014-05-13T07:00:00,8.7e-05,7.61e-05,7.044e-05,BTC-VRC,497,2565,8.113e-05,2017-11-07T15:33:23.65,1377251.66761342
174,0.00043,7.76871959,0.00042538,2016-09-16T04:52:17.637,0.00044711,0.00042538,0.00040502,BTC-VRM,213,1510,0.00041502,2017-11-07T15:28:04.33,18156.53469375
175,0.00050497,936.27281404,0.00050428,2014-02-13T00:00:00,0.00054695,0.00050498,0.00047569,BTC-VTC,2906,8532,0.00053455,2017-11-07T15:33:21.133,1823653.19596097
176,3.01e-05,55.3904142,2.99e-05,2014-12-19T02:33:10.943,3.304e-05,2.98e-05,2.441e-05,BTC-VTR,249,1968,2.514e-05,2017-11-07T15:32:43.383,1912736.54327717
177,0.00051499,340.33407271,0.0005096,2016-06-19T15:46:31.167,0.0005321,0.00051499,0.00046,BTC-WAVES,1173,11419,0.00048405,2017-11-07T15:33:16.477,671507.360975
178,5.237e-05,12.78985649,5.181e-05,2017-04-26T22:34:24.49,5.544e-05,5.237e-05,5.09e-05,BTC-WINGS,136,5104,5.202e-05,2017-11-07T15:29:48.3,239589.7060579
179,2.546e-05,4.57493974,2.505e-05,2016-09-25T00:15:16.103,2.54e-05,2.504e-05,2.426e-05,BTC-XAUR,90,1438,2.475e-05,2017-11-07T15:33:20.947,183998.51866406
180,0.00174893,35.29538771,0.00172522,2015-02-14T04:20:41,0.00185,0.00174911,0.0015793,BTC-XCP,459,3449,0.00157601,2017-11-07T15:33:23.617,20199.44565438
181,3.2e-07,12.06182389,3.1e-07,2014-06-21T18:37:57.64,3.3e-07,3.2e-07,3e-07,BTC-XDN,623,6599,3.1e-07,2017-11-07T15:29:47.36,38223218.56563341
182,3.975e-05,185.69191187,3.916e-05,2017-07-01T17:38:44.883,4.921e-05,3.88e-05,3.746e-05,BTC-XEL,351,7242,3.83e-05,2017-11-07T15:33:21.803,4352010.0285497
183,2.556e-05,237.96907111,2.534e-05,2015-04-10T21:06:00.043,2.689e-05,2.556e-05,2.393e-05,BTC-XEM,1155,12031,2.54e-05,2017-11-07T15:33:17.977,9349935.79827228
184,4.37e-06,1123.31062049,4.35e-06,2015-11-17T20:06:44.92,4.8e-06,4.37e-06,3.75e-06,BTC-XLM,1667,15604,3.78e-06,2017-11-07T15:33:17.773,260034380.03689212
185,3.26e-05,9.02523178,3.259e-05,2014-11-10T06:25:07.533,3.65e-05,3.26e-05,3.205e-05,BTC-XMG,306,2269,3.547e-05,2017-11-07T15:32:45.553,261737.9418913
186,0.01359,1014.99027264,0.01357988,2014-06-04T07:38:39.24,0.014997,0.01359,0.0129,BTC-XMR,1482,7061,0.01305,2017-11-07T15:33:23.913,73019.2567812
187,4.1e-07,22.73345188,4e-07,2014-03-15T08:00:00,4.5e-07,4.1e-07,3.7e-07,BTC-XMY,444,4811,3.7e-07,2017-11-07T15:26:18.67,55430288.82604489
188,2.862e-05,1000.41344089,2.86e-05,2014-12-22T19:30:27.45,2.931e-05,2.862e-05,2.773e-05,BTC-XRP,2248,26242,2.796e-05,2017-11-07T15:33:22.07,35049015.5076607
189,2.345e-05,17.11641546,2.288e-05,2014-07-09T20:33:00.59,2.535e-05,2.286e-05,2.171e-05,BTC-XST,219,1344,2.208e-05,2017-11-07T15:32:01.24,723836.93762785
190,0.00012232,434.0127626,0.000122,2016-03-12T19:37:38.863,0.00018694,0.0001211,0.00012,BTC-XVC,672,3125,0.00017377,2017-11-07T15:33:18.04,2794710.81474051
191,1.06e-06,2180.12119319,1.05e-06,2016-02-17T22:42:03.61,1.31e-06,1.06e-06,9.5e-07,BTC-XVG,3347,16343,1.28e-06,2017-11-07T15:33:16.99,1957351185.897697
192,7.03e-06,33.14754174,7.02e-06,2014-04-14T00:00:00,8e-06,7.03e-06,6.71e-06,BTC-XWC,483,1445,7.59e-06,2017-11-07T15:33:15.273,4364610.33557674
193,0.00213016,115.70881172,0.00210943,2016-10-20T04:48:30.387,0.00228,0.00212747,0.00206001,BTC-XZC,854,3680,0.00206973,2017-11-07T15:33:14.71,53401.95795868
194,0.00025499,18.87506443,0.00025351,2016-11-15T20:29:59.73,0.000255,0.000255,0.00023303,BTC-ZCL,213,5200,0.00024,2017-11-07T15:32:21.693,77452.68302252
195,0.03293114,311.48815313,0.03293113,2016-10-28T17:13:10.833,0.03382818,0.03293114,0.0314,BTC-ZEC,867,11161,0.03168518,2017-11-07T15:33:12.15,9555.00182529
196,0.00289359,152.06771014,0.00288928,2017-06-05T16:39:49.07,0.0031,0.00289359,0.002819,BTC-ZEN,1651,4419,0.00295339,2017-11-07T15:33:19.85,51870.39403188
197,0.00123057,476.34892529,0.0011849,2017-06-11T17:33:06.127,0.00172,0.00123094,0.00103153,ETH-1ST,109,336,0.00109145,2017-11-07T15:33:20.197,349883.76792698
198,6.636e-05,77.91281609,6.5e-05,2017-07-03T21:08:06.22,7.34e-05,6.636e-05,6.31e-05,ETH-ADT,71,535,6.373e-05,2017-11-07T15:30:57.33,1164797.33576081
199,0.00303944,616.38859423,0.00302839,2017-07-11T22:42:17.78,0.0033389,0.00303944,0.00289343,ETH-ADX,185,575,0.00293305,2017-11-07T15:33:00.68,197012.77571969
200,0.0038236,246.71182959,0.00376001,2017-05-19T15:55:11.293,0.00398477,0.00387865,0.00330006,ETH-ANT,85,412,0.00399598,2017-11-07T15:28:38.237,68156.02243217
201,0.000485,157.6909009,0.00048188,2017-06-03T22:04:52.38,0.000487,0.00048188,0.00046003,ETH-BAT,181,1085,0.00046553,2017-11-07T15:28:43.44,332915.35202669
202,2.0699,2957.60123729,2.06,2017-08-01T18:34:04.763,2.13707161,2.0699,1.96000003,ETH-BCC,435,449,2.14999933,2017-11-07T15:33:20.337,1455.01648292
203,0.00640899,105.52305939,0.006309,2017-06-22T21:36:30.867,0.00640899,0.00640763,0.00621213,ETH-BNT,70,410,0.00624422,2017-11-07T15:33:21.96,16846.90300587
204,0.0,26.34440146,0.0,2017-08-04T18:01:27.853,0.00017062,0.00015172,0.00013,ETH-BTS,74,212,0.00014932,2017-11-05T03:48:43.87,175120.1443082
205,0.00031238,163.48018608,0.00030589,2017-06-19T19:59:14.89,0.00037576,0.00030588,0.00029,ETH-CFI,104,430,0.00030908,2017-11-07T15:31:11.1,498459.51682036
206,0.00129957,173.134711,0.0012464,2017-06-13T19:40:35.217,0.00164498,0.0012729,0.0010229,ETH-CRB,62,173,0.00104409,2017-11-07T15:33:23.913,128379.37156468
207,0.0009943,390.27665378,0.0009805,2017-07-16T23:04:18.99,0.00099398,0.0009805,0.00092,ETH-CVC,185,1018,0.000951,2017-11-07T15:33:05.913,404418.88918433
208,0.98876259,393.29934806,0.974,2017-07-14T17:10:05.143,0.99999999,0.97958872,0.909009,ETH-DASH,137,228,0.92101861,2017-11-07T15:33:24.197,409.80912244
209,2.963e-05,140.19118295,2.868e-05,2017-08-04T18:01:27.777,2.952e-05,2.934e-05,2.754e-05,ETH-DGB,76,593,2.831e-05,2017-11-07T15:33:22.617,4838367.32446323
210,0.225,11.04515306,0.21703095,2016-06-17T18:51:39.087,0.22699978,0.22699928,0.20593881,ETH-DGD,67,193,0.20925303,2017-11-07T15:33:15.29,52.10772773
211,0.0001371,78.9024103,0.00013219,2017-08-04T02:09:02.887,0.0001463,0.00013684,0.00012835,ETH-DNT,59,375,0.00013647,2017-11-07T15:32:26.163,581908.18891689
212,0.04677067,871.89868784,0.04640347,2016-07-28T21:45:59.05,0.049009,0.04677067,0.04615162,ETH-ETC,195,1030,0.04902917,2017-11-07T15:33:24.07,18374.81659251
213,0.05913304,173.8060859,0.05761723,2017-08-04T18:01:27.853,0.05976,0.05912367,0.04992901,ETH-FCT,68,170,0.04755237,2017-11-07T15:32:44.43,3261.31148525
214,5.313e-05,140.80024222,5.142e-05,2017-07-04T18:45:47.143,5.443e-05,5.313e-05,4.7e-05,ETH-FUN,104,835,5.103e-05,2017-11-07T15:33:22.43,2715658.88920082
215,0.20845725,4.88571367,0.20491111,2017-04-30T18:42:52.17,0.2112,0.20846403,0.19999938,ETH-GNO,65,263,0.21086854,2017-11-07T15:26:32.217,23.95994987
216,0.00066482,606.12606757,0.00065394,2017-04-20T06:38:51.877,0.00066222,0.000659,0.00061599,ETH-GNT,212,1420,0.00063,2017-11-07T15:33:24.04,951160.06390392
217,0.00055042,260.04541183,0.00051945,2017-04-30T18:40:42.213,0.000634,0.00053329,0.0004512,ETH-GUP,72,219,0.00046567,2017-11-07T15:33:24.07,515269.26305587
218,0.00031217,77.71055167,0.0003017,2017-05-10T07:27:27.597,0.00033111,0.00030632,0.00028302,ETH-HMQ,69,293,0.00029449,2017-11-07T15:33:23.1,257094.01800698
219,0.0030973,187.38623055,0.00303667,2017-06-17T15:02:02.783,0.00356244,0.0030973,0.00276021,ETH-LGD,75,327,0.00325574,2017-11-07T15:26:05.387,61429.60586691
220,0.1986003,1064.75188405,0.19696537,2017-06-25T03:06:46.83,0.19998348,0.1986003,0.18100002,ETH-LTC,306,534,0.18549999,2017-11-07T15:33:23.477,5596.87065746
221,0.01715126,52.00992644,0.01681409,2017-04-30T18:41:22.84,0.01715166,0.01715166,0.01580807,ETH-LUN,63,285,0.01591476,2017-11-07T15:33:21.023,3181.96849131
222,4.397e-05,40.32642474,4.339e-05,2017-10-13T23:32:03.027,4.525e-05,4.3e-05,3.867e-05,ETH-MANA,73,223,3.933e-05,2017-11-07T15:33:23.32,969009.8880765
223,0.0199,358.48448187,0.01968507,2017-07-02T00:37:17.05,0.02049996,0.0199,0.019,ETH-MCO,187,1035,0.01932,2017-11-07T15:33:16.697,18296.79209715
224,0.01742941,141.53761847,0.01689211,2017-07-08T14:59:57.37,0.01799422,0.01714241,0.0160001,ETH-MTL,118,528,0.01632,2017-11-07T15:33:22.99,8387.6757902
225,0.00208112,3.28018207,0.0020302,2017-06-19T19:13:43.743,0.0021976,0.00205929,0.0020101,ETH-MYST,44,375,0.00208123,2017-11-07T15:32:00.773,1593.4877659
226,0.0908888,1556.28453492,0.09040829,2017-07-21T01:08:49.397,0.0909,0.0908888,0.0862,ETH-NEO,924,1717,0.08758994,2017-11-07T15:32:02.257,17671.06571783
227,0.03728574,16.32842132,0.03600141,2017-06-22T21:58:57.657,0.04,0.03728574,0.03435706,ETH-NMR,98,428,0.03655436,2017-11-07T15:32:45.18,449.93351629
228,0.0219,1762.95148967,0.02165838,2017-07-16T17:07:42.41,0.0225,0.02189997,0.02085,ETH-OMG,562,2133,0.02108388,2017-11-07T15:33:15.303,81114.9464258
229,0.00559988,705.8928352,0.00550959,2017-07-07T07:14:00.873,0.00575931,0.00559992,0.00520201,ETH-PAY,307,1679,0.00526,2017-11-07T15:33:22.947,129973.64705106
230,0.00052474,202.39871768,0.00049066,2017-06-18T17:04:24.147,0.00061394,0.00049065,0.00048652,ETH-PTOY,62,534,0.00052192,2017-11-07T15:33:23.663,371948.89807126
231,0.00209377,13.83493268,0.00203501,2017-06-11T17:33:06.14,0.002082,0.002082,0.00190001,ETH-QRL,93,189,0.00204259,2017-11-07T15:33:21.74,6903.89265408
232,0.03664613,1308.89249643,0.03630076,2017-07-20T19:08:43.473,0.03736976,0.03630086,0.034,ETH-QTUM,366,1017,0.0355974,2017-11-07T15:31:50.397,36415.4086383
233,0.06092248,153.68339747,0.05875862,2017-04-20T06:43:49.19,0.06869237,0.058753,0.05519379,ETH-REP,102,177,0.05662639,2017-11-07T15:33:23.93,2624.62908244
234,0.00182599,29.574392,0.00177908,2017-04-30T18:41:22.823,0.00186341,0.00177126,0.00175,ETH-RLC,64,282,0.0018589,2017-11-07T15:33:18.32,16228.24989297
235,0.01013579,967.23928909,0.00997002,2017-10-16T17:32:48.84,0.01042752,0.01006509,0.00900744,ETH-SALT,97,193,0.00938805,2017-11-07T15:33:22.85,100105.53295061
236,1.275e-05,143.77004719,1.264e-05,2017-07-14T17:10:07.74,1.285e-05,1.263e-05,1.149e-05,ETH-SC,137,1168,1.185e-05,2017-11-07T15:32:41.523,11778082.54527758
237,0.00065448,1311.59094617,0.00065433,2017-04-30T18:41:22.853,0.00086196,0.0006546,0.000504,ETH-SNGLS,178,204,0.00052856,2017-11-07T15:33:20.273,1927980.43372708
238,0.00010326,267.38691447,0.0001023,2017-06-28T18:26:15.747,0.00010326,0.00010177,9.702e-05,ETH-SNT,172,1043,0.00010106,2017-11-07T15:33:23.803,2661701.55383735
239,0.00177,100.18744999,0.00172921,2017-07-11T21:14:32.643,0.00178,0.00177,0.00155657,ETH-STORJ,126,444,0.00158041,2017-11-07T15:33:23.9,60805.01996941
240,0.01036905,239.71262028,0.01017136,2017-08-04T18:01:27.713,0.01047204,0.01022042,0.00985906,ETH-STRAT,231,1173,0.0101739,2017-11-07T15:33:23.947,23687.89393627
241,0.08213298,6.09313182,0.07878527,2017-06-23T18:01:03.323,0.07838918,0.07838918,0.0766623,ETH-TIME,72,135,0.07834608,2017-11-07T15:33:23.023,77.88982641
242,0.000602,51.1713169,0.00058748,2017-10-25T21:01:08.287,0.000635,0.000602,0.00058002,ETH-TIX,38,307,0.0006,2017-11-07T15:33:23.6,83779.94315871
243,0.00364992,22.86253286,0.00353332,2017-05-09T04:43:46.723,0.0038,0.00364992,0.0034792,ETH-TKN,59,490,0.00359919,2017-11-07T15:33:22.99,6337.51507947
244,0.00083715,65.38700737,0.0008158,2017-05-19T15:55:11.28,0.000882,0.000815,0.000802,ETH-TRST,78,210,0.00081629,2017-11-07T15:33:15.29,78493.0674014
245,0.01279932,269.63890613,0.01249531,2017-08-04T18:00:50.15,0.01280005,0.01249531,0.0111,ETH-WAVES,188,455,0.01168689,2017-11-07T15:32:41.773,22511.3863742
246,0.00126516,68.98315828,0.001252,2017-04-26T22:16:06.627,0.00129513,0.00126516,0.00123944,ETH-WINGS,48,319,0.00129125,2017-11-07T15:24:41.247,54668.42398792
247,0.00062376,577.193266,0.00061553,2017-07-21T01:08:49.38,0.00063419,0.000625,0.00057261,ETH-XEM,142,550,0.00061745,2017-11-07T15:33:21.99,943741.81557972
248,0.00010647,724.02144618,0.00010572,2017-07-21T01:08:49.38,0.00011195,0.00010569,9e-05,ETH-XLM,229,426,9.2e-05,2017-11-07T15:33:15.617,6928501.1451514
249,0.3359926,905.22763074,0.33243586,2017-07-21T01:08:49.367,0.34985,0.33243586,0.311561,ETH-XMR,160,272,0.3181098,2017-11-07T15:33:23.663,2734.04022655
250,0.00070131,797.26747134,0.00069503,2017-06-25T03:07:09.677,0.000705,0.00069602,0.000666,ETH-XRP,459,838,0.000673,2017-11-07T15:32:08.583,1166038.44737769
251,0.80449999,496.75944027,0.801771,2017-07-14T17:10:07.8,0.807,0.8045,0.75149496,ETH-ZEC,267,528,0.76052426,2017-11-07T15:31:38.49,637.81594161
252,592.0,4788681.1139136,591.00000444,2017-08-01T18:34:04.873,639.6,591.0,585.012,USDT-BCC,1271,2121,642.79999999,2017-11-07T15:33:24.053,7936.29447913
253,6990.0,41054126.18840329,6989.0,2015-12-11T06:31:40.633,7282.66196574,6990.0,6923.0,USDT-BTC,9618,4062,7190.0,2017-11-07T15:33:14.697,5813.62481804
254,282.88888879,1018197.36023587,282.0,2017-07-21T01:08:49.413,301.61904399,282.88888863,273.0,USDT-DASH,426,1065,276.0,2017-11-07T15:33:09.273,3543.11888481
255,13.38,2629262.10915526,13.33300112,2017-07-14T17:10:10.72,14.72,13.45,13.20000001,USDT-ETC,583,2148,14.43432983,2017-11-07T15:33:24.023,187040.92471234
256,288.1,4834479.13193226,288.0,2017-04-20T17:26:37.647,304.04122641,288.0,285.00000001,USDT-ETH,1744,4325,300.4554515,2017-11-07T15:33:22.053,16381.62691094
257,57.24899602,1782641.35573722,57.0,2017-07-14T17:10:10.72,58.68,57.0,54.28713508,USDT-LTC,932,2483,55.58,2017-11-07T15:33:23.773,31588.24114382
258,26.1,1374428.58138375,26.016,2017-08-04T16:58:43.087,26.5799999,26.1,25.5,USDT-NEO,1320,5019,26.2000001,2017-11-07T15:33:16.117,52655.01877744
259,6.3096263,1014388.27934763,6.26279991,2017-09-15T23:49:44.83,6.6999,6.26279991,6.2,USDT-OMG,918,4780,6.3000003,2017-11-07T15:32:33.71,156370.3823467
260,96.01691101,2163296.05245693,95.3000002,2017-07-21T01:08:49.397,104.5,95.59075504,92.93439367,USDT-XMR,495,905,93.39279879,2017-11-07T15:33:19.773,21950.20733589
261,0.20119307,653340.81427585,0.201,2017-07-14T17:10:10.737,0.206,0.201,0.19934411,USDT-XRP,1146,4269,0.20249921,2017-11-07T15:33:20.697,3226544.01459301
262,231.63179998,460733.96325695,229.77000002,2017-07-14T17:10:10.673,235.99999955,230.0,226.0,USDT-ZEC,730,2861,226.30213313,2017-11-07T15:32:33.85,1993.77093763
263,2.115e-05,1690.32762971,2.101e-05,2017-11-07T07:59:10.913,0.0002001,2.115e-05,1.7e-05,BTC-RCN,662,2213,0.0002,2017-11-07T15:33:16.337,76746813.30185518
264,0.0005149,2898.13332782,0.00050238,2017-11-07T07:59:10.93,0.00089,0.00051484,0.00025124,ETH-RCN,125,239,0.00089,2017-11-07T15:33:22.447,5518897.62500952
