,Ask,BaseVolume,Bid,Created,High,Last,Low,MarketName,OpenBuyOrders,OpenSellOrders,PrevDay,TimeStamp,Volume
0,4.97e-05,573.68499882,4.919e-05,2017-06-06T01:22:35.727,7.245e-05,4.917e-05,4.451e-05,BTC-1ST,278,5817,4.452e-05,2017-11-07T15:17:20.38,9903649.61767316
1,8.7e-07,26.30503947,8.6e-07,2016-05-16T06:44:15.287,9.9e-07,8.6e-07,7.9e-07,BTC-2GIVE,328,2260,8.4e-07,2017-11-07T15:15:10.487,29920301.95973844
2,8.5e-07,17.29039272,8.3e-07,2014-10-31T01:43:25.743,9.9e-07,8.3e-07,8e-07,BTC-ABY,272,4899,8.4e-07,2017-11-07T15:15:12.847,19629694.19578684
3,3.11e-06,586.27117655,3.1e-06,2017-09-29T07:01:58.873,3.35e-06,3.11e-06,2.94e-06,BTC-ADA,1563,9338,2.96e-06,2017-11-07T15:15:44.25,186328895.3065252
4,2.7e-06,22.91115025,2.67e-06,2017-07-03T21:08:06.11,2.99e-06,2.72e-06,2.61e-06,BTC-ADT,159,3151,2.65e-06,2017-11-07T15:13:08.153,8179966.45513595
5,0.000125,535.8910476,0.00012459,2017-07-11T22:42:17.78,0.0001429,0.000125,0.0001205,BTC-ADX,706,8817,0.00012223,2017-11-07T15:16:58.723,4072129.81339573
6,0.000215,16.00516809,0.00021322,2015-07-31T00:50:47.11,0.00021999,0.00021322,0.00019103,BTC-AEON,254,2144,0.00020235,2017-11-07T15:07:44.35,76555.60604336
7,5.031e-05,2.77268135,4.953e-05,2015-11-10T00:53:59.643,5.117e-05,4.953e-05,4.74e-05,BTC-AGRS,199,2515,4.907e-05,2017-11-07T15:17:20.24,56186.78295932
8,2.127e-05,21.8027578,2.054e-05,2015-11-03T19:13:55.18,2.176e-05,2.084e-05,1.951e-05,BTC-AMP,156,5687,2.113e-05,2017-11-07T15:17:17.74,1049848.07168428
9,0.00015725,49.34302449,0.00015463,2017-05-17T19:54:30.143,0.00016761,0.00015724,0.00014116,BTC-ANT,197,4285,0.00016259,2017-11-07T15:17:19.397,324929.91403186
10,0.00076784,2.95697833,0.00074635,2017-05-02T06:26:32.897,0.00076874,0.00074634,0.000725,BTC-APX,189,1877,0.00075148,2017-11-07T15:17:19.223,3948.97313198
11,2.826e-05,43.48496107,2.815e-05,2016-10-13T18:59:37.407,2.905e-05,2.826e-05,2.68e-05,BTC-ARDR,467,4268,2.679e-05,2017-11-07T15:08:26.04,1540870.81483418
12,0.00036579,288.95167274,0.00036301,2017-03-21T18:11:29.347,0.000378,0.00036579,0.00033723,BTC-ARK,2130,9724,0.00034328,2017-11-07T15:17:00.94,801283.14923762
13,8.638e-05,2.00667156,8.51e-05,2014-03-16T22:00:00,8.777e-05,8.51e-05,8.5e-05,BTC-AUR,106,1584,8.711e-05,2017-11-07T15:17:19.333,23361.51452382
14,1.984e-05,99.64206043,1.974e-05,2017-06-03T22:04:53.82,2.05e-05,1.975e-05,1.91e-05,BTC-BAT,664,12939,1.919e-05,2017-11-07T15:17:19.927,4996628.82486355
15,4.03e-06,119.30701564,3.98e-06,2014-11-18T17:34:21.083,4.89e-06,4.03e-06,3.11e-06,BTC-BAY,289,3918,3.28e-06,2017-11-07T15:17:19.397,28915562.53036309
16,0.084798,1994.02129696,0.08464001,2017-08-01T18:34:04.967,0.08999999,0.08464001,0.083959,BTC-BCC,3063,11991,0.08988888,2017-11-07T15:17:16.38,23243.24599227
17,4.716e-05,11.70708116,4.715e-05,2015-09-10T05:28:20.787,4.799e-05,4.612e-05,4.145e-05,BTC-BCY,130,2896,4.268e-05,2017-11-07T15:16:42.597,264114.07375053
18,3.9e-07,8.85100645,3.8e-07,2015-02-15T23:07:32.777,3.9e-07,3.8e-07,3.6e-07,BTC-BITB,517,5118,3.7e-07,2017-11-07T15:11:43.387,23412249.48163646
19,0.00012248,5.7728954,0.00012044,2014-11-13T20:20:21.443,0.00012586,0.00012001,0.00011603,BTC-BLITZ,143,2610,0.00011955,2017-11-07T15:17:13.567,47842.76875828
20,3.071e-05,21.00262957,3.023e-05,2014-03-14T09:00:00,3.285e-05,3.072e-05,2.916e-05,BTC-BLK,179,4503,3.015e-05,2017-11-07T15:17:20.503,675306.01375048
21,0.00292848,27.64798453,0.002872,2014-10-29T06:45:03.97,0.00299999,0.00292902,0.00246868,BTC-BLOCK,268,1536,0.0024747,2017-11-07T15:17:20.457,9898.1850401
22,0.00026171,10.55586169,0.00026123,2017-06-22T21:36:30.85,0.00027499,0.00026171,0.00025519,BTC-BNT,136,3314,0.00025525,2017-11-07T15:12:25.137,39981.01471113
23,2.095e-05,4.16439294,2.058e-05,2016-06-13T02:27:33.34,2.252e-05,2.095e-05,2.026e-05,BTC-BRK,126,2200,2.055e-05,2017-11-07T15:02:52.22,194299.64893162
24,6.869e-05,17.06251529,6.86e-05,2016-07-10T21:25:05.127,7.207e-05,6.874e-05,6.251e-05,BTC-BRX,139,2037,6.706e-05,2017-11-07T15:16:54.05,253590.09256207
25,8.214e-05,7.64701756,8.147e-05,2016-02-17T00:54:23.677,8.6e-05,8.214e-05,8.078e-05,BTC-BSD,188,2037,8.49e-05,2017-11-07T15:12:56.59,91431.98719023
26,0.01761969,8.25750217,0.01751,2014-07-14T06:05:04.567,0.01790817,0.01761969,0.01593002,BTC-BTCD,167,711,0.01784949,2017-11-07T15:16:02.753,480.7676977
27,0.0,63.85828478,0.0,2014-11-24T08:18:16.53,9.98e-06,8.86e-06,8.44e-06,BTC-BTS,229,4558,8.63e-06,2017-11-05T03:45:21.24,6871090.19001538
28,8.3e-07,13.51165226,8.1e-07,2014-09-16T07:41:56.047,8.8e-07,8.3e-07,7.5e-07,BTC-BURST,314,6357,8.2e-07,2017-11-07T15:17:14.24,16657603.70967741
29,0.00016198,128.59161655,0.00016099,2014-11-03T19:02:45.96,0.00016843,0.000162,7.455e-05,BTC-BYC,325,1028,7.54e-05,2017-11-07T15:17:20.49,1003941.86297239
30,3.7e-06,24.47371156,3.68e-06,2014-08-10T06:48:44.83,4.49e-06,3.68e-06,3.58e-06,BTC-CANN,258,6248,3.94e-06,2017-11-07T15:15:26.063,6083659.52667576
31,1.278e-05,103.3111557,1.264e-05,2017-06-19T19:59:14.78,1.589e-05,1.278e-05,1.204e-05,BTC-CFI,244,5375,1.278e-05,2017-11-07T15:11:42.073,7363081.99698353
32,0.00068969,7.3175222,0.00068125,2015-04-18T22:04:25.183,0.00072071,0.00068026,0.00064184,BTC-CLAM,238,1468,0.00066841,2017-11-07T15:17:20.427,10616.6673005
33,0.00069411,19.52912154,0.00069147,2014-06-04T08:53:18.563,0.0007666,0.00068299,0.00060111,BTC-CLOAK,316,2869,0.00066596,2017-11-07T15:17:20.35,28737.47988272
34,0.00021451,63.44183063,0.0002145,2015-12-18T00:30:10.31,0.00021878,0.00021451,0.0001996,BTC-CLUB,404,1825,0.00020366,2017-11-07T15:17:02.067,302993.29969503
35,6.9e-07,9.93595147,6.8e-07,2015-01-22T19:11:45.903,7.1e-07,6.9e-07,6.4e-07,BTC-COVAL,302,4725,6.9e-07,2017-11-07T15:16:52.363,14547289.17460175
36,5.12e-05,19.4318262,5.011e-05,2015-07-25T06:30:32.53,6.187e-05,5.12e-05,5.004e-05,BTC-CPC,109,2769,5.814e-05,2017-11-07T15:17:16.41,346785.32058585
37,5.037e-05,231.89776995,5.02e-05,2017-06-13T19:40:35.203,6.999e-05,5.02e-05,4.328e-05,BTC-CRB,131,2992,4.252e-05,2017-11-07T15:16:55.8,3835249.69428256
38,0.00020006,14.12317665,0.00019352,2017-03-06T21:10:15.663,0.0002086,0.00019207,0.0001883,BTC-CRW,198,1672,0.00020351,2017-11-07T15:17:20.397,72075.49597893
39,4.493e-05,87.16904159,4.397e-05,2014-05-13T09:00:00,6.146e-05,4.397e-05,4.23e-05,BTC-CURE,322,2204,5.715e-05,2017-11-07T15:17:19.49,1650369.57866687
40,4.079e-05,141.35105937,4.027e-05,2017-07-16T23:04:18.867,4.18e-05,4.083e-05,3.913e-05,BTC-CVC,852,12006,3.913e-05,2017-11-07T15:17:20.427,3489921.69251517
41,0.04035922,506.47397678,0.04025043,2014-03-11T08:00:00,0.0421155,0.04035924,0.03791783,BTC-DASH,1173,5834,0.03791783,2017-11-07T15:17:14.05,12604.71843908
42,0.00401979,49.68794103,0.00401328,2016-02-09T21:06:51.577,0.0042,0.00401328,0.00379999,BTC-DCR,515,4643,0.00384014,2017-11-07T15:17:14.707,12299.22467875
43,5.971e-05,11.7829683,5.97e-05,2017-06-30T16:35:24.643,6.298e-05,5.971e-05,5.7e-05,BTC-DCT,158,4818,5.999e-05,2017-11-07T15:16:57.787,197301.04011473
44,1.2e-06,236.90929759,1.19e-06,2014-08-20T07:09:57.207,1.27e-06,1.19e-06,1.15e-06,BTC-DGB,967,25429,1.16e-06,2017-11-07T15:16:56.52,195973774.5667669
45,0.00904826,6.09262894,0.00874132,2016-06-14T16:25:12.063,0.00916,0.00904826,0.00856101,BTC-DGD,153,1090,0.00879497,2017-11-07T15:17:19.707,682.25521782
46,0.0012197,41.19201069,0.00118944,2015-05-01T17:31:24.97,0.00144435,0.00118944,0.00089003,BTC-DMD,332,1706,0.00092,2017-11-07T15:17:18.3,36024.31588582
47,5.51e-06,28.74279061,5.41e-06,2017-08-04T02:09:02.873,5.95e-06,5.51e-06,5.28e-06,BTC-DNT,154,1966,5.62e-06,2017-11-07T15:17:17.003,5065627.58500484
48,1.7e-07,30.05064557,1.6e-07,2014-02-13T00:00:00,1.7e-07,1.6e-07,1.5e-07,BTC-DOGE,1643,18032,1.6e-07,2017-11-07T15:15:36.267,183181425.16944367
49,3.01e-06,33.41635217,2.92e-06,2014-10-17T19:09:32.6,3.88e-06,2.9e-06,2.83e-06,BTC-DOPE,281,3394,3.45e-06,2017-11-07T15:17:17.647,10387224.79469622
50,6.08e-05,7.04675075,5.927e-05,2017-04-01T04:06:13.887,6.366e-05,5.921e-05,5.302e-05,BTC-DTB,150,3067,5.712e-05,2017-11-07T15:15:34.203,122588.18236839
51,0.000433,1.65457406,0.00042526,2017-03-23T00:10:19.403,0.0004499,0.00042526,0.000418,BTC-DYN,155,922,0.00041897,2017-11-07T15:01:00.967,3835.54170511
52,1.492e-05,7.34195175,1.471e-05,2016-09-15T15:47:38.92,1.541e-05,1.491e-05,1.425e-05,BTC-EBST,147,4424,1.462e-05,2017-11-07T15:16:53.253,493695.54249638
53,7.8e-05,39.56959836,7.794e-05,2017-04-18T00:56:59.243,7.799e-05,7.794e-05,7.153e-05,BTC-EDG,324,6204,7.396e-05,2017-11-07T15:17:10.16,527706.78024456
54,1.725e-05,1.44563448,1.696e-05,2014-03-20T20:00:00,1.75e-05,1.696e-05,1.626e-05,BTC-EFL,126,1582,1.637e-05,2017-11-07T15:15:18.063,86157.66567627
55,3.169e-05,4.10107755,3.168e-05,2016-01-18T21:01:43.837,3.2e-05,3.168e-05,2.991e-05,BTC-EGC,257,2895,3.143e-05,2017-11-07T15:15:31.08,132661.46787764
56,8.796e-05,71.31137521,8.609e-05,2016-01-06T05:28:04.553,0.00010274,8.607e-05,8.307e-05,BTC-EMC,252,3104,8.54e-05,2017-11-07T15:17:18.02,769395.7862988
57,9.1e-06,113.37957136,9e-06,2014-12-24T00:00:00,9.83e-06,9e-06,8.28e-06,BTC-EMC2,344,7064,8.48e-06,2017-11-07T15:17:19.973,12669750.1678329
58,1.771e-05,29.64639523,1.737e-05,2014-05-04T00:00:00,2.025e-05,1.729e-05,1.477e-05,BTC-ENRG,258,2282,1.516e-05,2017-11-07T15:15:39.393,1674226.34930122
59,7.619e-05,157.70184238,7.595e-05,2014-05-10T17:00:00,0.0001125,7.619e-05,6.077e-05,BTC-ERC,207,1929,6.075e-05,2017-11-07T15:17:19.35,1806799.1091715
60,0.00190509,569.69495004,0.00190119,2016-07-26T18:10:22.82,0.00206832,0.00190509,0.001901,BTC-ETC,1045,8195,0.00199705,2017-11-07T15:17:10.613,285152.50793957
61,0.04103411,2892.42988022,0.04103,2015-08-14T09:02:24.817,0.04340655,0.04103411,0.04021202,BTC-ETH,3754,19971,0.04113007,2017-11-07T15:17:18.193,68800.82755866
62,0.0001725,6.45138186,0.00017249,2014-09-28T20:33:27.633,0.00019657,0.00017249,0.00016702,BTC-EXCL,203,1515,0.00019195,2017-11-07T15:14:47.67,36219.80432033
63,0.00025499,45.80233119,0.00025002,2015-09-16T17:10:15.253,0.00029499,0.00025002,0.00024083,BTC-EXP,186,4162,0.00024589,2017-11-07T15:17:17.8,173457.15600476
64,0.00011999,1.65802989,0.00011802,2014-12-12T19:51:07.703,0.000124,0.000118,0.00011504,BTC-FAIR,241,929,0.0001229,2017-11-07T15:06:55.05,13638.26753617
65,0.002332,196.07634846,0.002325,2016-01-09T03:47:07.803,0.00246935,0.002325,0.00200007,BTC-FCT,603,3945,0.00201,2017-11-07T15:17:02.52,87332.33728575
66,1.48e-06,13.03465276,1.47e-06,2015-02-23T23:01:53.92,1.57e-06,1.47e-06,1.44e-06,BTC-FLDC,289,3723,1.47e-06,2017-11-07T15:13:29.403,8678898.07661867
67,1.189e-05,14.54661364,1.184e-05,2015-03-11T05:43:30.193,1.272e-05,1.184e-05,1.052e-05,BTC-FLO,190,2385,1.068e-05,2017-11-07T15:17:10.503,1259958.60575022
68,1.611e-05,145.71029693,1.6e-05,2014-02-13T00:00:00,1.702e-05,1.613e-05,1.345e-05,BTC-FTC,953,5278,1.664e-05,2017-11-07T15:17:10.707,9303632.08698497
69,2.21e-06,108.9067835,2.19e-06,2017-07-04T18:45:47.13,2.3e-06,2.19e-06,1.96e-06,BTC-FUN,276,6194,2.13e-06,2017-11-07T15:17:08.847,49845613.93988485
70,0.00101888,1.40792214,0.0009947,2015-05-05T22:38:44.963,0.0010189,0.00101888,0.00093348,BTC-GAM,109,830,0.00095202,2017-11-07T15:17:19.397,1425.69811367
71,0.000235,67.48694651,0.00023454,2015-04-08T04:09:53.013,0.00024778,0.000235,0.00022714,BTC-GAME,252,5382,0.0002314,2017-11-07T15:16:35.16,286189.80133711
72,1.539e-05,22.08192728,1.53e-05,2017-02-12T00:38:21.023,1.7e-05,1.52e-05,1.44e-05,BTC-GBG,167,2927,1.441e-05,2017-11-07T15:16:42.847,1383509.95602368
73,0.02334148,87.37596386,0.02285623,2017-04-13T20:46:39.83,0.0253,0.0233417,0.02070022,BTC-GBYTE,367,3571,0.0213553,2017-11-07T15:17:15.863,3710.46127388
74,6.78e-06,21.8070937,6.63e-06,2015-08-24T00:25:28.933,8.24e-06,6.78e-06,6.46e-06,BTC-GCR,93,3987,6.62e-06,2017-11-07T15:14:40.7,2934179.28842196
75,0.00013906,7.99626075,0.00013854,2015-02-21T03:29:43.267,0.00014905,0.00013854,0.00013503,BTC-GEO,314,2679,0.00013764,2017-11-07T15:16:45.393,56539.17311764
76,2.1e-05,4.75316177,2.052e-05,2014-03-22T16:00:00,2.152e-05,2.1e-05,1.919e-05,BTC-GLD,273,2205,1.973e-05,2017-11-07T15:16:56.38,234860.67658163
77,0.00859999,10.1996543,0.00850113,2017-04-28T02:43:12,0.0087571,0.00859999,0.00837988,BTC-GNO,155,2295,0.00845104,2017-11-07T15:16:54.957,1188.75561317
78,2.718e-05,114.92355421,2.712e-05,2017-04-17T21:35:59.26,2.8e-05,2.73e-05,2.567e-05,BTC-GNT,496,10551,2.637e-05,2017-11-07T15:17:17.067,4270672.82022411
79,1.63e-05,6.49204007,1.612e-05,2017-01-19T23:23:12.41,1.658e-05,1.63e-05,1.54e-05,BTC-GOLOS,190,2137,1.571e-05,2017-11-07T15:15:12.563,406632.76814188
80,5.69e-06,7.93668208,5.57e-06,2015-02-27T19:57:02.82,5.69e-06,5.69e-06,5.08e-06,BTC-GRC,241,3577,5.19e-06,2017-11-07T15:17:09.317,1468482.30615318
81,9.134e-05,1225.42488317,9.131e-05,2014-04-03T05:00:00,0.0001085,9.131e-05,8.7e-05,BTC-GRS,1607,5212,9.45e-05,2017-11-07T15:17:16.66,12535487.944217
82,2.164e-05,90.74910995,2.162e-05,2017-04-29T18:08:12.39,2.711e-05,2.164e-05,1.868e-05,BTC-GUP,216,3640,1.924e-05,2017-11-07T15:17:13.223,4079506.84205368
83,1.269e-05,41.41666729,1.265e-05,2017-05-10T00:02:47.373,1.395e-05,1.265e-05,1.2e-05,BTC-HMQ,180,4039,1.203e-05,2017-11-07T15:17:14.927,3189856.29200516
84,2.142e-05,3.08929863,2.141e-05,2017-04-04T21:20:51.083,2.209e-05,2.142e-05,2.093e-05,BTC-INCNT,129,2709,2.182e-05,2017-11-07T05:43:44.113,142340.20175623
85,9.411e-05,3.70141689,9.309e-05,2015-10-03T20:41:41.403,9.535e-05,9.309e-05,8.904e-05,BTC-INFX,177,1547,8.904e-05,2017-11-07T15:16:06.643,39990.38060402
86,0.00035343,101.53458434,0.00035,2014-07-29T16:57:43.787,0.0004897,0.00035,0.0003,BTC-IOC,216,1939,0.00031401,2017-11-07T15:17:20.193,254452.82484578
87,0.00015029,6.24610588,0.00015004,2017-02-18T23:41:17.04,0.000152,0.00015004,0.00014226,BTC-ION,193,2178,0.00015157,2017-11-07T15:10:23.65,42169.36880599
88,0.00031776,56.33022604,0.00031402,2016-12-22T00:54:23.477,0.00033399,0.00031755,0.00029,BTC-IOP,348,5661,0.00031315,2017-11-07T15:17:15.317,177452.22365397
89,0.00038449,554.93484661,0.00038356,2017-02-11T23:04:01.853,0.00040898,0.00038449,0.00036,BTC-KMD,1548,6577,0.00037713,2017-11-07T15:17:08.74,1446946.78662713
90,0.000495,20.52865152,0.00049316,2014-06-17T05:46:29.303,0.00053644,0.0004991,0.000475,BTC-KORE,264,2434,0.00050101,2017-11-07T15:17:09.393,40450.38820282
91,2.193e-05,30.90122987,2.156e-05,2016-07-05T21:50:07.81,2.219e-05,2.16e-05,1.995e-05,BTC-LBC,385,8895,1.997e-05,2017-11-07T15:17:17.16,1441816.87911363
92,0.00012799,122.46340401,0.00012682,2017-04-18T07:37:41.3,0.00014325,0.00012799,0.00011561,BTC-LGD,417,5375,0.00013817,2017-11-07T15:17:02.457,932295.38129342
93,6.3e-06,19.33905259,6.24e-06,2017-02-18T23:55:53.153,6.44e-06,6.23e-06,6.06e-06,BTC-LMC,204,5452,6.31e-06,2017-11-07T15:16:36.613,3122200.37307546
94,0.00067498,351.39650148,0.00067492,2016-05-24T18:49:52.77,0.0007,0.00067492,0.00062458,BTC-LSK,1706,8420,0.00062954,2017-11-07T15:17:19.193,532409.23263341
95,0.0081248,1134.44612305,0.00812479,2014-02-13T00:00:00,0.0083,0.00812479,0.0076,BTC-LTC,2237,13107,0.007638,2017-11-07T15:17:11.833,143686.79597231
96,0.00070509,10.95188378,0.0007,2017-04-30T16:57:03.27,0.00072739,0.0007,0.00065,BTC-LUN,164,4096,0.00065,2017-11-07T15:13:42.64,15824.08647219
97,5.318e-05,53.44009801,5.272e-05,2016-01-18T20:38:22.707,5.5e-05,5.318e-05,4.603e-05,BTC-MAID,332,3909,4.717e-05,2017-11-07T15:16:44.847,1053914.54149705
98,1.8e-06,17.14619421,1.78e-06,2017-10-13T23:32:02.993,1.85e-06,1.78e-06,1.61e-06,BTC-MANA,177,2482,1.6e-06,2017-11-07T15:16:29.3,9877722.15668018
99,0.00082,225.94637105,0.000817,2017-07-02T00:37:16.957,0.00086821,0.00082,0.00078754,BTC-MCO,489,10141,0.00079122,2017-11-07T15:17:18.99,271849.40273584
100,3.224e-05,386.71293755,3.19e-05,2016-04-01T18:24:07.207,4.34e-05,3.227e-05,2.843e-05,BTC-MEME,328,1797,3.668e-05,2017-11-07T15:16:56.863,10681702.24773881
101,0.008178,13.67902051,0.00815,2017-03-15T19:30:56.167,0.00864404,0.00817968,0.00762766,BTC-MLN,107,1495,0.0085005,2017-11-07T15:16:21.813,1697.16503213
102,0.00037339,58.20710531,0.000373,2014-04-18T22:00:00,0.00038239,0.000373,0.000362,BTC-MONA,468,3825,0.00037357,2017-11-07T15:17:19.943,157234.43223059
103,0.00070978,194.89485406,0.00070408,2017-07-08T14:59:57.34,0.00077616,0.00070406,0.00067144,BTC-MTL,527,6216,0.00067999,2017-11-07T15:15:43.143,271259.88991096
104,1.482e-05,14.0737707,1.464e-05,2015-04-09T17:31:31.113,1.65e-05,1.464e-05,1.401e-05,BTC-MUE,233,3074,1.445e-05,2017-11-07T15:15:26.72,945707.75395465
105,1.99e-06,36.65855521,1.98e-06,2017-03-27T19:59:13.073,2.52e-06,1.99e-06,1.86e-06,BTC-MUSIC,284,9390,1.88e-06,2017-11-07T15:12:42.497,17480647.2899541
106,8.502e-05,4.09632757,8.5e-05,2017-06-19T19:13:43.73,8.84e-05,8.502e-05,8.5e-05,BTC-MYST,156,3694,8.501e-05,2017-11-07T15:16:15.923,47751.77900405
107,0.000109,77.87512897,0.00010892,2014-07-08T03:37:28.39,0.00011375,0.00010892,0.0001055,BTC-NAV,556,5194,0.00010544,2017-11-07T15:17:15.817,708889.44564689
108,0.00014149,24.38972683,0.00014012,2015-04-08T03:57:37.33,0.000144,0.00014011,0.00013634,BTC-NBT,44,1774,0.00013719,2017-11-07T15:09:50.087,173899.82460258
109,0.00373226,1141.8712087,0.00373225,2016-10-26T01:28:31.96,0.00382043,0.00373226,0.003604,BTC-NEO,4595,27507,0.00362168,2017-11-07T15:17:18.567,308402.44655528
110,0.0003275,7.22631702,0.000326,2014-08-20T00:06:59.63,0.0003435,0.0003275,0.00031456,BTC-NEOS,263,2042,0.0003435,2017-11-07T15:17:09.973,22234.56279395
111,1.35e-05,26.95027345,1.325e-05,2014-04-04T22:00:00,1.419e-05,1.325e-05,1.196e-05,BTC-NLG,267,3304,1.228e-05,2017-11-07T15:17:19.897,2037026.25036697
112,0.00153969,15.64459245,0.00151001,2017-06-22T21:58:57.657,0.0016,0.00153981,0.00147258,BTC-NMR,152,4358,0.00149,2017-11-07T15:17:17.287,10264.35785901
113,2.737e-05,20.00689036,2.726e-05,2017-04-17T22:51:08.97,2.929e-05,2.726e-05,2.557e-05,BTC-NXC,107,3818,2.798e-05,2017-11-07T15:16:49.99,725045.63686752
114,0.00013652,24.24714434,0.0001363,2015-01-25T03:00:35.143,0.0001419,0.00013652,0.00012792,BTC-NXS,532,4199,0.00012799,2017-11-07T15:15:57.923,178816.09388385
115,8.13e-06,44.13960557,8.12e-06,2014-03-03T09:00:00,8.27e-06,8.13e-06,7.87e-06,BTC-NXT,350,8430,7.92e-06,2017-11-07T15:16:46.223,5444560.71938332
116,3.493e-05,142.64050664,3.472e-05,2015-05-30T19:26:37.523,3.749e-05,3.471e-05,3.451e-05,BTC-OK,968,10327,3.528e-05,2017-11-07T15:16:46.643,3997921.34172543
117,0.00088973,952.45353147,0.00088893,2017-07-16T17:07:42.313,0.00096103,0.00088973,0.00086706,BTC-OMG,2322,17319,0.00087002,2017-11-07T15:17:14.44,1035985.75397297
118,0.00334786,12.61906809,0.00330222,2015-11-03T19:13:33.197,0.00335788,0.00334788,0.00296994,BTC-OMNI,300,2314,0.00297006,2017-11-07T15:17:16.38,3962.00388157
119,0.00121992,28.63742739,0.00119488,2017-07-20T18:19:07.157,0.00124999,0.001195,0.00111,BTC-PART,265,1899,0.00112481,2017-11-07T15:17:14.91,24183.96731141
120,0.00022999,240.6428241,0.00022915,2017-07-07T07:14:00.793,0.00024348,0.00023,0.00021661,BTC-PAY,982,14502,0.0002166,2017-11-07T15:17:16.66,1046313.66279719
121,1.758e-05,11.3982112,1.757e-05,2016-06-02T04:39:35.21,1.757e-05,1.757e-05,1.435e-05,BTC-PDC,198,2407,1.466e-05,2017-11-07T15:17:17.677,705284.9482308
122,3.27e-06,34.28932739,3.25e-06,2014-07-29T07:41:09.4,3.53e-06,3.25e-06,3e-06,BTC-PINK,252,2924,3.25e-06,2017-11-07T15:16:48.91,10329720.673826
123,0.00040577,178.10396581,0.00040201,2016-03-02T20:45:37.987,0.00043595,0.00040201,0.000395,BTC-PIVX,867,6512,0.00043567,2017-11-07T15:17:17.02,434920.112672
124,6.897e-05,26.76403245,6.723e-05,2015-06-03T06:31:14.35,7.864e-05,6.723e-05,6.65e-05,BTC-PKB,320,2562,7.001e-05,2017-11-07T15:16:48.753,374138.77851604
125,1.723e-05,1022.67636359,1.7e-05,2014-03-11T08:00:00,2.692e-05,1.724e-05,1.7e-05,BTC-POT,699,4154,2.47e-05,2017-11-07T15:17:20.443,46605839.29218622
126,0.0001873,5.32503699,0.00018719,2014-02-13T00:00:00,0.00019217,0.0001874,0.00018262,BTC-PPC,174,2795,0.00018401,2017-11-07T15:17:10.723,28480.50694448
127,4.7e-06,3.39877043,4.67e-06,2014-03-27T18:00:00,4.87e-06,4.7e-06,4.46e-06,BTC-PTC,219,2465,4.69e-06,2017-11-07T15:12:05.23,730230.16394829
128,2.153e-05,84.35690842,2.152e-05,2017-06-18T17:04:24.1,2.59e-05,2.153e-05,2.027e-05,BTC-PTOY,265,6655,2.045e-05,2017-11-07T15:17:17.833,3652782.30407323
129,8.481e-05,7.32196705,8.353e-05,2017-06-10T00:01:39.293,8.613e-05,8.35e-05,8.1e-05,BTC-QRL,331,3518,8.101e-05,2017-11-07T15:15:30.203,87805.19764878
130,0.0014935,746.17201949,0.00148646,2017-07-20T19:08:43.473,0.00155801,0.00148643,0.00142935,BTC-QTUM,881,11890,0.00145078,2017-11-07T15:17:19.943,499835.50195696
131,1.9e-05,37.56678133,1.898e-05,2017-03-05T19:30:16.853,2.135e-05,1.9e-05,1.898e-05,BTC-QWARK,250,5221,2.101e-05,2017-11-07T15:17:11.19,1860797.46676631
132,0.00045486,10.19109609,0.00045485,2016-01-26T23:22:16.193,0.00047099,0.00045486,0.00041861,BTC-RADS,124,2032,0.0004266,2017-11-07T15:16:13.66,23112.70028095
133,9.93e-05,10.72124452,9.928e-05,2014-04-05T08:00:00,0.00010556,9.928e-05,9.529e-05,BTC-RBY,1597,6047,9.614e-05,2017-11-07T15:17:06.63,107271.14517782
134,1.6e-07,60.90456116,1.5e-07,2014-02-25T09:00:00,1.6e-07,1.6e-07,1.4e-07,BTC-RDD,1264,18137,1.5e-07,2017-11-07T15:16:07.893,393829972.11407965
135,0.00246123,53.05817566,0.00243006,2016-10-04T15:45:37.14,0.00278,0.00246,0.00228094,BTC-REP,176,1853,0.00227789,2017-11-07T15:17:19.863,21183.79448698
136,3.584e-05,102.43192538,3.501e-05,2016-06-24T17:00:00.043,3.65e-05,3.501e-05,3.396e-05,BTC-RISE,528,5687,3.456e-05,2017-11-07T15:17:20.473,2917987.53302168
137,7.398e-05,15.36397862,7.364e-05,2017-04-27T00:20:33.857,7.861e-05,7.399e-05,7.3e-05,BTC-RLC,186,3580,7.586e-05,2017-11-07T15:16:33.13,203565.69790542
138,1.23e-06,138.23756744,1.21e-06,2016-02-13T22:14:21.14,1.43e-06,1.21e-06,1.14e-06,BTC-SAFEX,512,6406,1.14e-06,2017-11-07T15:17:12.3,109116477.04556093
139,0.00041397,380.42648142,0.00041302,2017-10-16T17:32:48.777,0.00044108,0.00041301,0.00037129,BTC-SALT,539,1964,0.0003785,2017-11-07T15:16:12.207,940505.70647998
140,0.00014199,7.95938124,0.000141,2016-07-09T19:02:08.943,0.000143,0.0001405,0.00013206,BTC-SBD,114,1838,0.0001335,2017-11-07T15:17:08.177,57314.56252264
141,5.3e-07,127.04424852,5.2e-07,2017-05-22T21:30:29.16,5.4e-07,5.2e-07,4.8e-07,BTC-SC,1122,26987,4.8e-07,2017-11-07T15:16:12.063,244806453.9430521
142,1.777e-05,20.97787769,1.723e-05,2016-09-23T07:10:11.78,1.91e-05,1.721e-05,1.651e-05,BTC-SEQ,145,1719,1.69e-05,2017-11-07T15:17:17.35,1146857.80839883
143,0.0001425,8.43167253,0.00014105,2016-10-11T19:48:35.573,0.00015095,0.00014105,0.000135,BTC-SHIFT,146,2385,0.00014569,2017-11-07T15:05:58,59049.95104789
144,0.000153,4.12974787,0.00015013,2017-02-18T22:34:49.373,0.000155,0.00015013,0.00014507,BTC-SIB,123,2418,0.00014695,2017-11-07T15:16:33.753,27403.29628582
145,4.828e-05,34.69109781,4.821e-05,2014-03-23T06:00:00,5.274e-05,4.828e-05,3.88e-05,BTC-SLR,279,1977,3.9e-05,2017-11-07T15:17:18.27,757037.17960778
146,0.00198223,10.88028246,0.00191212,2016-01-20T22:24:04.65,0.00204572,0.0019119,0.00171,BTC-SLS,187,1668,0.0017849,2017-11-07T15:17:18.8,5753.32101517
147,2.684e-05,455.92831095,2.667e-05,2016-10-02T22:16:04.773,3.653e-05,2.667e-05,2.113e-05,BTC-SNGLS,261,1964,2.199e-05,2017-11-07T15:17:17.24,15549907.69519608
148,0.00021997,16.88491125,0.00021996,2015-06-03T06:27:04.623,0.000237,0.00021997,0.000185,BTC-SNRG,267,1639,0.00019431,2017-11-07T15:17:05.457,83271.63000981
149,4.21e-06,96.62403077,4.18e-06,2017-06-28T18:26:15.73,4.33e-06,4.21e-06,4.08e-06,BTC-SNT,366,10245,4.17e-06,2017-11-07T15:17:19.24,22976588.38581099
150,0.00039002,6.61861116,0.00039,2015-05-18T22:45:47.093,0.00040013,0.0003915,0.00037988,BTC-SPHR,137,1306,0.00038211,2017-11-07T15:15:15.36,17000.48802794
151,4.458e-05,14.63441951,4.303e-05,2014-12-19T02:33:07.747,4.595e-05,4.303e-05,4.101e-05,BTC-SPR,256,3406,4.295e-05,2017-11-07T15:17:19.753,337565.12429389
152,6.24e-06,14.10886501,6.15e-06,2014-06-14T07:09:15.327,7.21e-06,6.27e-06,6.1e-06,BTC-START,346,5895,6.75e-06,2017-11-07T15:16:39.033,2148906.22188772
153,0.00012299,74.768997,0.00012298,2016-04-17T01:22:13.35,0.00013,0.00012298,0.00011906,BTC-STEEM,484,7651,0.00012099,2017-11-07T15:15:50.627,603139.88894809
154,7.288e-05,151.78066594,7.285e-05,2017-07-11T21:14:32.643,7.41e-05,7.285e-05,6.464e-05,BTC-STORJ,626,6693,6.505e-05,2017-11-07T15:17:17.27,2165372.02086079
155,0.00042245,335.27597115,0.0004224,2016-08-10T23:26:39.657,0.00044732,0.00042245,0.00041003,BTC-STRAT,1671,22225,0.00042353,2017-11-07T15:16:52.753,782899.92356178
156,0.00015443,51.19824847,0.0001535,2014-10-03T19:16:23.143,0.0001885,0.00015443,0.00014304,BTC-SWIFT,160,1966,0.00014457,2017-11-07T15:17:13.863,300587.55839139
157,0.00017446,6.53964152,0.00017415,2017-03-08T22:32:26.03,0.000179,0.00017415,0.00015394,BTC-SWT,117,1739,0.00017511,2017-11-07T15:11:23.713,38901.01591131
158,3.398e-05,38.11924698,3.355e-05,2016-08-25T21:23:15.27,3.709e-05,3.355e-05,3.253e-05,BTC-SYNX,184,2415,3.228e-05,2017-11-07T15:17:08.863,1109912.19057531
159,2.836e-05,158.69698868,2.835e-05,2014-08-16T19:57:48.823,2.892e-05,2.835e-05,2.732e-05,BTC-SYS,904,8209,2.732e-05,2017-11-07T15:16:17.563,5600920.74013215
160,2.33e-06,270.92799276,2.28e-06,2014-04-29T21:00:00,3.66e-06,2.33e-06,2.22e-06,BTC-THC,477,3985,3.46e-06,2017-11-07T15:17:19.973,92514425.06649725
161,0.0033454,2.88578213,0.00329715,2017-03-09T00:44:08.673,0.00336982,0.00334542,0.0032935,BTC-TIME,127,1584,0.00330242,2017-11-07T15:17:19.55,872.15357799
162,2.494e-05,26.74229824,2.43e-05,2017-10-25T21:01:08.287,2.739e-05,2.495e-05,2.413e-05,BTC-TIX,128,2277,2.489e-05,2017-11-07T15:17:19.223,1047332.52405895
163,0.0001495,24.26484356,0.000149,2017-05-08T17:09:34.91,0.00016,0.000149,0.00014546,BTC-TKN,176,3429,0.0001506,2017-11-07T15:15:43.597,160531.195525
164,0.00025889,28.06492864,0.00025054,2017-03-23T00:48:15.94,0.000285,0.00025927,0.00022098,BTC-TKS,165,1463,0.00022162,2017-11-07T15:17:20.1,110012.17591259
165,8.32e-05,129.04267452,8.288e-05,2016-09-08T05:59:08.183,8.909e-05,8.288e-05,7.803e-05,BTC-TRIG,458,8796,8.112e-05,2017-11-07T15:16:05.61,1534572.42767746
166,3.445e-05,18.74081968,3.401e-05,2017-04-19T04:53:43.893,3.68e-05,3.446e-05,3.328e-05,BTC-TRST,250,3723,3.375e-05,2017-11-07T15:17:19.037,534122.9214385
167,1.683e-05,33.6064614,1.661e-05,2014-07-07T05:46:18.71,1.986e-05,1.687e-05,1.471e-05,BTC-TRUST,297,2087,1.566e-05,2017-11-07T15:17:17.287,1917560.19094244
168,0.00029285,30.66565189,0.000289,2015-09-02T08:02:54.3,0.00030598,0.00029,0.0002851,BTC-TX,386,803,0.00029,2017-11-07T15:17:19.443,103988.25174718
169,0.0001602,34.37871813,0.00016,2017-02-08T17:00:59.02,0.000165,0.0001602,0.00014746,BTC-UBQ,617,7577,0.00015099,2017-11-07T15:16:49.643,219444.8071835
170,3.878e-05,4.24695008,3.822e-05,2016-08-24T21:39:28.357,3.949e-05,3.878e-05,3.581e-05,BTC-UNB,146,1624,3.8e-05,2017-11-07T15:09:35.01,113034.33744877
171,0.00021115,57.97811436,0.00021,2014-07-18T00:20:00.393,0.00022,0.00021,0.0002056,BTC-VIA,478,3265,0.00021462,2017-11-07T15:16:38.863,274234.67011819
172,5.69e-06,45.46707569,5.58e-06,2015-12-30T04:21:47.31,6.49e-06,5.64e-06,5.26e-06,BTC-VOX,266,5944,5.94e-06,2017-11-07T15:16:53.363,7778884.47403491
173,7.597e-05,108.92452545,7.552e-05,2014-05-13T07:00:00,8.7e-05,7.598e-05,7.044e-05,BTC-VRC,499,2564,8.142e-05,2017-11-07T15:17:19.723,1375608.46061172
174,0.0004341,7.82389905,0.0004254,2016-09-16T04:52:17.637,0.00044711,0.0004341,0.00040502,BTC-VRM,214,1508,0.00041502,2017-11-07T15:10:07.9,18289.5936927
175,0.00050667,964.14356261,0.0005043,2014-02-13T00:00:00,0.00054695,0.00050667,0.00047569,BTC-VTC,2826,8506,0.00051694,2017-11-07T15:16:49.24,1876367.61181465
176,2.995e-05,55.49309627,2.99e-05,2014-12-19T02:33:10.943,3.304e-05,2.99e-05,2.441e-05,BTC-VTR,251,1972,2.513e-05,2017-11-07T15:16:35.347,1919349.26299776
177,0.00051701,365.3662036,0.00051699,2016-06-19T15:46:31.167,0.0005321,0.00051699,0.00046,BTC-WAVES,1232,11415,0.00049969,2017-11-07T15:15:40.143,723038.03656392
178,5.237e-05,12.81154188,5.182e-05,2017-04-26T22:34:24.49,5.544e-05,5.236e-05,5.09e-05,BTC-WINGS,137,5105,5.202e-05,2017-11-07T15:14:51.39,240006.64923687
179,2.54e-05,4.56053736,2.501e-05,2016-09-25T00:15:16.103,2.54e-05,2.54e-05,2.426e-05,BTC-XAUR,81,1437,2.475e-05,2017-11-07T15:17:00.05,183423.18496247
180,0.00173419,35.68886025,0.00170802,2015-02-14T04:20:41,0.00185,0.00173522,0.00155331,BTC-XCP,420,3449,0.00157631,2017-11-07T15:17:14.707,20449.45875788
181,3.2e-07,12.25811411,3.1e-07,2014-06-21T18:37:57.64,3.3e-07,3.2e-07,3e-07,BTC-XDN,623,6592,3.2e-07,2017-11-07T15:15:45.237,38856609.66240759
182,3.931e-05,185.16313292,3.863e-05,2017-07-01T17:38:44.883,4.921e-05,3.93e-05,3.746e-05,BTC-XEL,345,7245,3.755e-05,2017-11-07T15:17:19.27,4338845.27714286
183,2.558e-05,240.82036865,2.54e-05,2015-04-10T21:06:00.043,2.689e-05,2.558e-05,2.393e-05,BTC-XEM,1069,11894,2.537e-05,2017-11-07T15:17:18.817,9462208.11413692
184,4.37e-06,1122.84385256,4.33e-06,2015-11-17T20:06:44.92,4.8e-06,4.33e-06,3.75e-06,BTC-XLM,1675,15706,3.79e-06,2017-11-07T15:17:16.05,260037062.74931303
185,3.257e-05,9.0871249,3.227e-05,2014-11-10T06:25:07.533,3.65e-05,3.257e-05,3.205e-05,BTC-XMG,304,2277,3.543e-05,2017-11-07T15:17:10.63,262819.28447977
186,0.01373097,1027.19712439,0.01369022,2014-06-04T07:38:39.24,0.014997,0.01373102,0.01285505,BTC-XMR,1464,7080,0.01294203,2017-11-07T15:17:20.363,73969.33328856
187,4.1e-07,22.7802628,4e-07,2014-03-15T08:00:00,4.5e-07,4e-07,3.7e-07,BTC-XMY,440,4811,3.7e-07,2017-11-07T15:15:51.83,55556261.46553636
188,2.894e-05,972.34346647,2.89e-05,2014-12-22T19:30:27.45,2.931e-05,2.89e-05,2.773e-05,BTC-XRP,2374,26446,2.788e-05,2017-11-07T15:17:16.317,34078191.65309648
189,2.346e-05,17.11356232,2.304e-05,2014-07-09T20:33:00.59,2.535e-05,2.342e-05,2.171e-05,BTC-XST,213,1343,2.247e-05,2017-11-07T15:17:20.207,723772.66394946
190,0.0001275,434.57930059,0.00012705,2016-03-12T19:37:38.863,0.00018694,0.00012705,0.00012693,BTC-XVC,712,2965,0.00017808,2017-11-07T15:17:17.333,2778573.46030967
191,1.06e-06,2188.77271865,1.05e-06,2016-02-17T22:42:03.61,1.31e-06,1.06e-06,9.5e-07,BTC-XVG,3327,16336,1.3e-06,2017-11-07T15:17:19.52,1962871882.0504339
192,7.12e-06,33.51031232,7.01e-06,2014-04-14T00:00:00,8e-06,7.11e-06,6.71e-06,BTC-XWC,488,1439,7.75e-06,2017-11-07T15:17:19.943,4412159.99390439
193,0.00210818,118.16431838,0.0020862,2016-10-20T04:48:30.387,0.00228,0.00210828,0.002054,BTC-XZC,810,3708,0.00213724,2017-11-07T15:17:20.49,54589.12612024
194,0.00025179,18.53199931,0.00024876,2016-11-15T20:29:59.73,0.000255,0.00024826,0.00023303,BTC-ZCL,218,5200,0.00023798,2017-11-07T15:17:20.49,76134.69169319
195,0.033,319.97750445,0.03293125,2016-10-28T17:13:10.833,0.03382818,0.03293125,0.03127082,BTC-ZEC,944,11392,0.03149999,2017-11-07T15:17:07.253,9824.07061683
196,0.00291528,155.49334132,0.00289359,2017-06-05T16:39:49.07,0.0031,0.00289359,0.002819,BTC-ZEN,1686,4450,0.00291105,2017-11-07T15:15:45.487,53035.24024001
197,0.00123654,476.70150885,0.00119994,2017-06-11T17:33:06.127,0.00172,0.00119995,0.00103153,ETH-1ST,110,335,0.00108472,2017-11-07T15:17:04.787,350215.20852697
198,6.655e-05,78.02365392,6.526e-05,2017-07-03T21:08:06.22,7.34e-05,6.501e-05,6.31e-05,ETH-ADT,72,536,6.447e-05,2017-11-07T15:13:50.373,1166928.05880582
199,0.00303945,620.90500405,0.00303584,2017-07-11T22:42:17.78,0.0033389,0.00304396,0.00289343,ETH-ADX,184,574,0.00291778,2017-11-07T15:17:01.613,198573.73586591
200,0.0038236,246.89164869,0.00376003,2017-05-19T15:55:11.293,0.00399598,0.00387865,0.00330006,ETH-ANT,86,411,0.00399666,2017-11-07T15:17:03.427,68201.02243217
201,0.00048699,157.51757468,0.00048188,2017-06-03T22:04:52.38,0.000487,0.00048698,0.00046003,ETH-BAT,183,1081,0.0004655,2017-11-07T15:16:11.767,332561.48591177
202,2.06999871,2947.91749711,2.049494,2017-08-01T18:34:04.763,2.1878999,2.0498517,1.96000003,ETH-BCC,436,449,2.165,2017-11-07T15:16:17.143,1449.35098722
203,0.00640899,105.54652462,0.00629552,2017-06-22T21:36:30.867,0.00640899,0.00640763,0.00621213,ETH-BNT,69,411,0.00624048,2017-11-07T15:17:20.193,16850.66253048
204,0.0,26.34440146,0.0,2017-08-04T18:01:27.853,0.00017062,0.00015172,0.00013,ETH-BTS,74,212,0.00014932,2017-11-05T03:48:43.87,175120.1443082
205,0.00031239,165.05902264,0.0003059,2017-06-19T19:59:14.89,0.00037576,0.00030588,0.00029,ETH-CFI,103,434,0.00030476,2017-11-07T15:17:18.003,503569.08461426
206,0.00127716,172.90252109,0.00120539,2017-06-13T19:40:35.217,0.00164498,0.0013,0.0010229,ETH-CRB,57,175,0.00104351,2017-11-07T15:17:20.35,128246.23107182
207,0.0009943,391.09836407,0.0009805,2017-07-16T23:04:18.99,0.00099398,0.0009805,0.00092,ETH-CVC,186,1020,0.000951,2017-11-07T15:17:01.037,405282.43835333
208,0.98926364,395.34251521,0.974,2017-07-14T17:10:05.143,0.99999999,0.97958872,0.909009,ETH-DASH,133,224,0.91999959,2017-11-07T15:17:18.88,412.02752077
209,2.943e-05,130.70812707,2.888e-05,2017-08-04T18:01:27.777,2.952e-05,2.896e-05,2.754e-05,ETH-DGB,77,596,2.831e-05,2017-11-07T15:17:20.49,4512331.04280851
210,0.22699011,11.04515306,0.21000387,2016-06-17T18:51:39.087,0.22699978,0.22699928,0.20593881,ETH-DGD,67,191,0.20925303,2017-11-07T15:17:20.457,52.10772773
211,0.00013763,89.54983608,0.000134,2017-08-04T02:09:02.887,0.0001463,0.00013503,0.00012835,ETH-DNT,60,374,0.00013647,2017-11-07T15:17:19.85,659931.04622392
212,0.04665903,878.33410299,0.046659,2016-07-28T21:45:59.05,0.04903002,0.046659,0.04615162,ETH-ETC,202,1025,0.04832536,2017-11-07T15:17:16.647,18498.0338244
213,0.05687761,168.68716262,0.05571408,2017-08-04T18:01:27.853,0.05976,0.05535739,0.04755237,ETH-FCT,74,174,0.04781535,2017-11-07T15:17:19.85,3174.57983461
214,5.313e-05,137.28892668,5.266e-05,2017-07-04T18:45:47.143,5.443e-05,5.313e-05,4.7e-05,ETH-FUN,102,835,5.103e-05,2017-11-07T15:17:15.69,2649569.75727934
215,0.20844448,4.88571367,0.20491111,2017-04-30T18:42:52.17,0.2112,0.20846403,0.19999938,ETH-GNO,65,263,0.21086854,2017-11-07T15:13:47.92,23.95994987
216,0.00066458,593.78976304,0.00065305,2017-04-20T06:38:51.877,0.00066222,0.00066222,0.00061599,ETH-GNT,213,1419,0.000642,2017-11-07T15:17:20.35,932995.31178734
217,0.00052992,258.14747016,0.00052561,2017-04-30T18:40:42.213,0.000634,0.00053329,0.0004512,ETH-GUP,68,221,0.00046826,2017-11-07T15:17:18.253,511895.70259363
218,0.00030664,77.25781642,0.00029646,2017-05-10T07:27:27.597,0.00033111,0.00030666,0.00028302,ETH-HMQ,66,296,0.00029449,2017-11-07T15:17:19.55,255615.9746523
219,0.0030973,187.79931529,0.00302374,2017-06-17T15:02:02.783,0.00356244,0.0030973,0.00276021,ETH-LGD,78,327,0.00334832,2017-11-07T15:17:20.503,61553.73257947
220,0.19899999,1025.39916387,0.19860008,2017-06-25T03:06:46.83,0.19998348,0.19859998,0.18100002,ETH-LTC,306,530,0.18519999,2017-11-07T15:17:01.63,5398.8167807
221,0.0171515,55.40151541,0.01681109,2017-04-30T18:41:22.84,0.01715166,0.01715166,0.01580807,ETH-LUN,62,283,0.01591477,2017-11-07T15:17:17.74,3395.07812865
222,4.397e-05,40.50933897,4.301e-05,2017-10-13T23:32:03.027,4.525e-05,4.3e-05,3.867e-05,ETH-MANA,72,223,3.803e-05,2017-11-07T15:17:06.02,973660.73303155
223,0.01989039,364.06759672,0.01968506,2017-07-02T00:37:17.05,0.02049996,0.01989039,0.019,ETH-MCO,184,1033,0.01932001,2017-11-07T15:16:34.223,18587.43989409
224,0.01714239,141.44438588,0.01683241,2017-07-08T14:59:57.37,0.01799422,0.01713404,0.0160001,ETH-MTL,120,529,0.01632,2017-11-07T15:17:20.473,8382.23701694
225,0.00208112,3.35049134,0.00206051,2017-06-19T19:13:43.743,0.0021976,0.00206051,0.0020101,ETH-MYST,45,375,0.00219137,2017-11-07T15:10:14.993,1627.20707905
226,0.09072582,1606.92216165,0.089588,2017-07-21T01:08:49.397,0.09072582,0.09072582,0.0862,ETH-NEO,925,1717,0.088,2017-11-07T15:17:11.037,18249.59037396
227,0.03731945,16.31842137,0.03728574,2017-06-22T21:58:57.657,0.04,0.04,0.03435706,ETH-NMR,99,423,0.03655436,2017-11-07T15:16:06.33,449.66531726
228,0.02176735,1786.74115681,0.02176671,2017-07-16T17:07:42.41,0.0225,0.02176671,0.02085,ETH-OMG,556,2132,0.02108388,2017-11-07T15:17:04.05,82248.94112178
229,0.0055998,705.89651315,0.00551207,2017-07-07T07:14:00.873,0.00575931,0.00559986,0.00520201,ETH-PAY,305,1680,0.00526,2017-11-07T15:17:20.147,129974.39719292
230,0.00053573,194.22043484,0.00052271,2017-06-18T17:04:24.147,0.00061394,0.00053001,0.00048652,ETH-PTOY,78,532,0.00052192,2017-11-07T15:17:20.38,355850.77772362
231,0.00205984,9.96053414,0.0019987,2017-06-11T17:33:06.14,0.00201927,0.002,0.00190001,ETH-QRL,90,197,0.00204259,2017-11-07T15:17:19.443,5026.68231775
232,0.03649913,1283.5457193,0.03600002,2017-07-20T19:08:43.473,0.03736976,0.03585848,0.034,ETH-QTUM,363,1018,0.03500329,2017-11-07T15:17:19.973,35717.7321383
233,0.06093119,153.57590953,0.058753,2017-04-20T06:43:49.19,0.06869237,0.0609572,0.05519379,ETH-REP,99,177,0.05662639,2017-11-07T15:17:20.287,2622.79959357
234,0.00182752,29.574392,0.001775,2017-04-30T18:41:22.823,0.00186341,0.00177126,0.00175,ETH-RLC,64,283,0.0018589,2017-11-07T15:17:18.193,16228.24989297
235,0.01005993,969.06417733,0.00999021,2017-10-16T17:32:48.84,0.01042752,0.01005864,0.00900744,ETH-SALT,99,197,0.00910456,2017-11-07T15:16:58.957,100381.17825337
236,1.275e-05,145.54730336,1.261e-05,2017-07-14T17:10:07.74,1.285e-05,1.273e-05,1.149e-05,ETH-SC,143,1167,1.184e-05,2017-11-07T15:15:51.423,11933885.11579575
237,0.00065658,1299.68433764,0.00063134,2017-04-30T18:41:22.853,0.00086196,0.00065,0.000504,ETH-SNGLS,185,198,0.000514,2017-11-07T15:17:19.287,1911573.35270471
238,0.00010298,267.17826114,0.00010084,2017-06-28T18:26:15.747,0.00010317,0.00010298,9.702e-05,ETH-SNT,175,1041,0.00010192,2017-11-07T15:17:16.753,2659823.39694407
239,0.00177,124.97937937,0.00174576,2017-07-11T21:14:32.643,0.00178,0.00177,0.00155,ETH-STORJ,128,444,0.00162,2017-11-07T15:17:20.49,76536.72712531
240,0.01035596,246.31424102,0.01014289,2017-08-04T18:01:27.713,0.01047204,0.01035604,0.00985906,ETH-STRAT,232,1175,0.01032573,2017-11-07T15:17:20.457,24329.9923403
241,0.08213298,6.09313182,0.07877622,2017-06-23T18:01:03.323,0.07838918,0.07838918,0.0766623,ETH-TIME,70,135,0.07834608,2017-11-07T15:17:19.77,77.88982641
242,0.000605,51.05298749,0.00058533,2017-10-25T21:01:08.287,0.000635,0.000605,0.00058002,ETH-TIX,36,313,0.00061193,2017-11-07T15:17:10.643,83583.53388777
243,0.00364992,39.23753675,0.00357752,2017-05-09T04:43:46.723,0.00383058,0.00364992,0.00335111,ETH-TKN,66,491,0.0038783,2017-11-07T15:17:12.333,10882.91084872
244,0.00083715,67.60890636,0.00081266,2017-05-19T15:55:11.28,0.000882,0.000815,0.000802,ETH-TRST,77,209,0.00083,2017-11-07T15:12:21.293,81173.62610005
245,0.01279939,274.08404766,0.01247701,2017-08-04T18:00:50.15,0.01280005,0.01240318,0.0111,ETH-WAVES,184,451,0.01215432,2017-11-07T15:17:18.8,22896.31617567
246,0.00126516,68.96869966,0.001252,2017-04-26T22:16:06.627,0.00129513,0.00126516,0.00123944,ETH-WINGS,47,319,0.00129125,2017-11-07T15:16:51.207,54656.99568928
247,0.00062528,576.880766,0.00061606,2017-07-21T01:08:49.38,0.00063419,0.00062528,0.00057261,ETH-XEM,141,552,0.00061745,2017-11-07T15:17:20.147,943241.81557972
248,0.00010766,731.03716754,0.0001057,2017-07-21T01:08:49.38,0.00011195,0.0001057,9e-05,ETH-XLM,231,425,9.212e-05,2017-11-07T15:17:20.427,7009022.76347064
249,0.33599895,913.41171337,0.32843876,2017-07-21T01:08:49.367,0.34985,0.32843586,0.30697505,ETH-XMR,149,267,0.31137448,2017-11-07T15:17:19.457,2759.91533888
250,0.00070448,742.73403797,0.00069701,2017-06-25T03:07:09.677,0.000705,0.00069687,0.000666,ETH-XRP,457,837,0.000678,2017-11-07T15:17:15.787,1088475.20188211
251,0.805,489.24996608,0.7993,2017-07-14T17:10:07.8,0.807,0.805,0.75149496,ETH-ZEC,266,527,0.75939371,2017-11-07T15:15:51.253,628.53725691
252,594.99999974,4928845.33029979,592.0,2017-08-01T18:34:04.873,648.99999805,591.01500139,585.012,USDT-BCC,1268,2113,647.57959914,2017-11-07T15:16:57.927,8142.23496994
253,6999.99999999,41926293.68105139,6997.0,2015-12-11T06:31:40.633,7282.66196574,6999.99999999,6923.0,USDT-BTC,9572,4011,7222.0,2017-11-07T15:17:16.02,5934.03301596
254,282.88888879,1036638.17441248,280.10000058,2017-07-21T01:08:49.413,301.61904399,282.8888888,272.1632695,USDT-DASH,418,1047,274.99999999,2017-11-07T15:16:19.44,3609.998519
255,13.399,2637347.7452348,13.34,2017-07-14T17:10:10.72,14.72,13.4,13.20000001,USDT-ETC,572,2179,14.39,2017-11-07T15:17:16.38,187472.47816631
256,288.5,4725065.01038486,288.0,2017-04-20T17:26:37.647,304.04122641,288.0,285.00000001,USDT-ETH,1715,4285,298.5,2017-11-07T15:17:17.817,15995.31501488
257,57.0,1762322.1293316,56.76544094,2017-07-14T17:10:10.72,58.68,56.89,54.28713508,USDT-LTC,930,2487,55.5,2017-11-07T15:16:41.143,31234.72256798
258,26.1,1390650.59311049,26.01,2017-08-04T16:58:43.087,26.5799999,26.1,25.5,USDT-NEO,1316,5025,26.30797101,2017-11-07T15:17:00.363,53271.82710823
259,6.26593188,988362.97302244,6.26,2017-09-15T23:49:44.83,6.6999,6.26,6.2,USDT-OMG,923,4771,6.322,2017-11-07T15:17:14.317,152196.98792841
260,96.45517234,2193695.55422075,95.30000032,2017-07-21T01:08:49.397,104.5,95.3000002,92.93439367,USDT-XMR,493,900,93.39,2017-11-07T15:17:15.8,22274.80405169
261,0.2024882,628672.17630599,0.202,2017-07-14T17:10:10.737,0.206,0.202,0.19934411,USDT-XRP,1149,4262,0.20318533,2017-11-07T15:17:10.037,3103615.58146205
262,231.999999,457924.07914009,230.0,2017-07-14T17:10:10.673,235.99999955,230.7,226.0,USDT-ZEC,730,2852,227.0,2017-11-07T15:16:48.207,1981.56693903
263,2.099e-05,1671.1243344,2.098e-05,2017-11-07T07:59:10.913,0.0002001,2.099e-05,1.7e-05,BTC-RCN,622,2149,0.0002,2017-11-07T15:17:19.083,75820401.44762678
264,0.00051979,2873.11478087,0.00051069,2017-11-07T07:59:10.93,0.00089,0.00051178,0.00025124,ETH-RCN,124,232,0.00089,2017-11-07T15:17:20.473,5469748.00195111
