,Ask,BaseVolume,Bid,Created,High,Last,Low,MarketName,OpenBuyOrders,OpenSellOrders,PrevDay,TimeStamp,Volume
0,4.915e-05,574.24619186,4.911e-05,2017-06-06T01:22:35.727,7.245e-05,4.911e-05,4.451e-05,BTC-1ST,276,5808,4.452e-05,2017-11-07T15:23:58.04,9914974.48713031
1,8.7e-07,26.22849041,8.6e-07,2016-05-16T06:44:15.287,9.9e-07,8.6e-07,7.9e-07,BTC-2GIVE,328,2261,8.7e-07,2017-11-07T15:22:35.667,29831454.98402422
2,8.3e-07,17.65389416,8.2e-07,2014-10-31T01:43:25.743,9.9e-07,8.3e-07,8e-07,BTC-ABY,266,4900,8.6e-07,2017-11-07T15:24:03.87,20071349.38079652
3,3.1e-06,585.59029673,3.09e-06,2017-09-29T07:01:58.873,3.35e-06,3.09e-06,2.94e-06,BTC-ADA,1531,9341,2.99e-06,2017-11-07T15:24:19.12,186059615.8632691
4,2.73e-06,22.89325771,2.68e-06,2017-07-03T21:08:06.11,2.99e-06,2.73e-06,2.61e-06,BTC-ADT,154,3150,2.65e-06,2017-11-07T15:23:13.993,8171905.63795406
5,0.000125,531.44655339,0.00012459,2017-07-11T22:42:17.78,0.0001429,0.000125,0.0001205,BTC-ADX,710,8811,0.00012299,2017-11-07T15:22:20.65,4035885.72306826
6,0.000215,15.73128982,0.00021322,2015-07-31T00:50:47.11,0.00021999,0.00021322,0.00019103,BTC-AEON,253,2144,0.0002035,2017-11-07T15:22:45.213,75186.71419077
7,5.031e-05,2.77268135,4.959e-05,2015-11-10T00:53:59.643,5.117e-05,4.953e-05,4.74e-05,BTC-AGRS,199,2515,4.907e-05,2017-11-07T15:23:47.433,56186.78295932
8,2.129e-05,21.61158089,2.102e-05,2015-11-03T19:13:55.18,2.176e-05,2.102e-05,1.951e-05,BTC-AMP,156,5686,2.091e-05,2017-11-07T15:24:01.997,1040775.19866325
9,0.00015712,49.38960905,0.00015456,2017-05-17T19:54:30.143,0.00016761,0.00015724,0.00014116,BTC-ANT,193,4289,0.00015949,2017-11-07T15:24:22.807,325226.47348155
10,0.00076732,3.13569759,0.00074632,2017-05-02T06:26:32.897,0.00076874,0.00076755,0.000725,BTC-APX,188,1876,0.00075148,2017-11-07T15:24:21.807,4188.33274392
11,2.826e-05,43.97739334,2.825e-05,2016-10-13T18:59:37.407,2.905e-05,2.825e-05,2.687e-05,BTC-ARDR,467,4268,2.717e-05,2017-11-07T15:23:30.933,1558094.71075323
12,0.00036744,289.02803358,0.0003667,2017-03-21T18:11:29.347,0.000378,0.0003667,0.00033723,BTC-ARK,2084,9715,0.00033966,2017-11-07T15:24:23.527,801138.85560177
13,8.678e-05,2.00667156,8.51e-05,2014-03-16T22:00:00,8.777e-05,8.51e-05,8.5e-05,BTC-AUR,106,1584,8.711e-05,2017-11-07T15:24:21.603,23361.51452382
14,1.983e-05,99.83049097,1.975e-05,2017-06-03T22:04:53.82,2.05e-05,1.973e-05,1.91e-05,BTC-BAT,665,12942,1.935e-05,2017-11-07T15:24:22.48,5005846.28176468
15,3.95e-06,119.75966443,3.88e-06,2014-11-18T17:34:21.083,4.89e-06,3.87e-06,3.11e-06,BTC-BAY,284,3921,3.28e-06,2017-11-07T15:24:23.057,29027248.66448552
16,0.08505,1960.4435797,0.084698,2017-08-01T18:34:04.967,0.0893,0.084698,0.083959,BTC-BCC,3267,12075,0.08890445,2017-11-07T15:24:09.073,22878.99000275
17,4.685e-05,11.75344254,4.58e-05,2015-09-10T05:28:20.787,4.799e-05,4.56e-05,4.145e-05,BTC-BCY,129,2896,4.268e-05,2017-11-07T15:24:22.807,265128.88361639
18,3.9e-07,8.79830072,3.8e-07,2015-02-15T23:07:32.777,3.9e-07,3.8e-07,3.6e-07,BTC-BITB,517,5117,3.7e-07,2017-11-07T15:19:10.007,23269692.84258241
19,0.00012248,5.7728954,0.00012061,2014-11-13T20:20:21.443,0.00012586,0.00012001,0.00011603,BTC-BLITZ,143,2610,0.00011955,2017-11-07T15:21:17.68,47842.76875828
20,3.098e-05,21.00534256,3.072e-05,2014-03-14T09:00:00,3.285e-05,3.072e-05,2.916e-05,BTC-BLK,196,4604,3.014e-05,2017-11-07T15:24:03.417,675339.95815813
21,0.00303575,32.23158272,0.00296079,2014-10-29T06:45:03.97,0.00303752,0.00303752,0.00246868,BTC-BLOCK,273,1495,0.00247433,2017-11-07T15:24:19.637,11425.5043094
22,0.00026171,10.55586169,0.00026084,2017-06-22T21:36:30.85,0.00027499,0.00026171,0.00025519,BTC-BNT,136,3314,0.00025525,2017-11-07T15:21:49.04,39981.01471113
23,2.129e-05,4.0944019,2.127e-05,2016-06-13T02:27:33.34,2.252e-05,2.099e-05,2.026e-05,BTC-BRK,130,2206,2.156e-05,2017-11-07T15:22:52.493,191045.8439142
24,6.962e-05,17.22351327,6.878e-05,2016-07-10T21:25:05.127,7.207e-05,6.874e-05,6.251e-05,BTC-BRX,142,2034,6.706e-05,2017-11-07T15:20:51.523,255933.25646867
25,8.148e-05,7.64753696,8.147e-05,2016-02-17T00:54:23.677,8.6e-05,8.148e-05,8.078e-05,BTC-BSD,191,2037,8.49e-05,2017-11-07T15:21:43.743,91438.361848
26,0.01761969,8.24448526,0.0175,2014-07-14T06:05:04.567,0.01790817,0.01761969,0.01593002,BTC-BTCD,165,712,0.01739999,2017-11-07T15:23:32.183,480.01224125
27,0.0,63.85828478,0.0,2014-11-24T08:18:16.53,9.98e-06,8.86e-06,8.44e-06,BTC-BTS,229,4558,8.63e-06,2017-11-05T04:00:22.963,6871090.19001538
28,8.3e-07,13.51321944,8.1e-07,2014-09-16T07:41:56.047,8.8e-07,8.3e-07,7.5e-07,BTC-BURST,314,6357,8.2e-07,2017-11-07T15:17:25.287,16659491.88103283
29,0.00013,156.76036153,0.0001265,2014-11-03T19:02:45.96,0.00016843,0.00012656,7.455e-05,BTC-BYC,271,1102,7.5e-05,2017-11-07T15:24:22.713,1197380.62009765
30,3.7e-06,24.02160878,3.68e-06,2014-08-10T06:48:44.83,4.49e-06,3.7e-06,3.58e-06,BTC-CANN,261,6247,4.09e-06,2017-11-07T15:24:07.887,5971766.20032657
31,1.277e-05,102.42068224,1.266e-05,2017-06-19T19:59:14.78,1.589e-05,1.278e-05,1.204e-05,BTC-CFI,241,5373,1.26e-05,2017-11-07T15:22:30.197,7293008.93890362
32,0.00068963,7.44449712,0.00068174,2015-04-18T22:04:25.183,0.00072071,0.00068125,0.00064184,BTC-CLAM,235,1467,0.00066003,2017-11-07T15:24:23.433,10802.3876196
33,0.000689,19.28380495,0.00067838,2014-06-04T08:53:18.563,0.0007666,0.00068994,0.00060111,BTC-CLOAK,303,2842,0.00066686,2017-11-07T15:24:20.823,28369.39436869
34,0.00021451,63.52029417,0.0002145,2015-12-18T00:30:10.31,0.00021878,0.00021451,0.0001996,BTC-CLUB,405,1828,0.00020118,2017-11-07T15:24:21.62,303351.40866062
35,6.9e-07,9.74663184,6.8e-07,2015-01-22T19:11:45.903,7.1e-07,6.9e-07,6.4e-07,BTC-COVAL,302,4726,7e-07,2017-11-07T15:19:42.553,14275160.28142558
36,5.079e-05,17.92078012,5.025e-05,2015-07-25T06:30:32.53,6.1e-05,5.09e-05,5.004e-05,BTC-CPC,107,2776,5.979e-05,2017-11-07T15:24:16.51,322553.88955144
37,5.253e-05,235.79609098,5.201e-05,2017-06-13T19:40:35.203,6.999e-05,5.253e-05,4.328e-05,BTC-CRB,134,2972,4.355e-05,2017-11-07T15:24:22.853,3910478.12380627
38,0.00021099,14.73029828,0.00021075,2017-03-06T21:10:15.663,0.00021075,0.00021075,0.0001883,BTC-CRW,198,1637,0.00019789,2017-11-07T15:24:04.04,74899.08392437
39,4.467e-05,87.08432611,4.398e-05,2014-05-13T09:00:00,6.146e-05,4.398e-05,4.23e-05,BTC-CURE,325,2205,5.72e-05,2017-11-07T15:24:19.823,1650828.50742345
40,4.049e-05,141.32384726,4.004e-05,2017-07-16T23:04:18.867,4.18e-05,4.051e-05,3.913e-05,BTC-CVC,830,12012,3.921e-05,2017-11-07T15:24:23.497,3488358.51195479
41,0.04025826,505.48572947,0.04002305,2014-03-11T08:00:00,0.0421155,0.04025826,0.0382,BTC-DASH,1134,6072,0.03823641,2017-11-07T15:24:23.043,12577.20765543
42,0.0040497,49.91737951,0.00400001,2016-02-09T21:06:51.577,0.0042,0.00400001,0.00379999,BTC-DCR,527,4641,0.00384014,2017-11-07T15:24:19.62,12355.27338503
43,5.999e-05,12.5967431,5.922e-05,2017-06-30T16:35:24.643,6.298e-05,5.922e-05,5.7e-05,BTC-DCT,159,4815,5.891e-05,2017-11-07T15:23:53.057,211018.40009659
44,1.2e-06,235.68305402,1.19e-06,2014-08-20T07:09:57.207,1.27e-06,1.2e-06,1.15e-06,BTC-DGB,918,25284,1.17e-06,2017-11-07T15:24:22.887,194903644.04220414
45,0.0090742,6.15017528,0.00904826,2016-06-14T16:25:12.063,0.00916,0.0090742,0.00856101,BTC-DGD,153,1089,0.00879497,2017-11-07T15:18:09.833,688.61171304
46,0.001188,41.46075643,0.00115921,2015-05-01T17:31:24.97,0.00144435,0.00118893,0.00089003,BTC-DMD,328,1712,0.00091666,2017-11-07T15:24:22.823,36205.92379694
47,5.52e-06,28.26513915,5.42e-06,2017-08-04T02:09:02.873,5.95e-06,5.52e-06,5.28e-06,BTC-DNT,146,1963,5.62e-06,2017-11-07T15:24:16.387,4980101.36203813
48,1.7e-07,29.69861495,1.6e-07,2014-02-13T00:00:00,1.7e-07,1.7e-07,1.5e-07,BTC-DOGE,1645,18025,1.6e-07,2017-11-07T15:24:02.433,180943133.48009112
49,3.02e-06,31.3532717,2.9e-06,2014-10-17T19:09:32.6,3.88e-06,3.03e-06,2.83e-06,BTC-DOPE,284,3390,3.63e-06,2017-11-07T15:24:23.323,9798717.72660999
50,6.079e-05,6.42132842,5.917e-05,2017-04-01T04:06:13.887,6.366e-05,5.916e-05,5.38e-05,BTC-DTB,141,3069,5.43e-05,2017-11-07T15:23:46.743,110784.40374049
51,0.000433,1.640912,0.00042526,2017-03-23T00:10:19.403,0.0004499,0.00042526,0.000418,BTC-DYN,152,922,0.00041897,2017-11-07T15:23:05.26,3802.93299972
52,1.5e-05,7.59929073,1.478e-05,2016-09-15T15:47:38.92,1.541e-05,1.5e-05,1.425e-05,BTC-EBST,149,4420,1.462e-05,2017-11-07T15:24:21.807,510866.57801801
53,7.8e-05,39.49325478,7.794e-05,2017-04-18T00:56:59.243,7.799e-05,7.795e-05,7.153e-05,BTC-EDG,323,6198,7.396e-05,2017-11-07T15:23:11.417,526666.79394627
54,1.725e-05,1.44563448,1.696e-05,2014-03-20T20:00:00,1.75e-05,1.696e-05,1.626e-05,BTC-EFL,126,1582,1.637e-05,2017-11-07T15:23:53.7,86157.66567627
55,3.17e-05,4.13237369,3.169e-05,2016-01-18T21:01:43.837,3.2e-05,3.169e-05,2.991e-05,BTC-EGC,256,2893,3.143e-05,2017-11-07T15:19:13.57,133649.03984506
56,8.792e-05,70.02430536,8.75e-05,2016-01-06T05:28:04.553,0.00010274,8.75e-05,8.327e-05,BTC-EMC,256,3109,8.31e-05,2017-11-07T15:24:19.65,754105.05858145
57,9.21e-06,113.60529376,9.18e-06,2014-12-24T00:00:00,9.83e-06,9.2e-06,8.28e-06,BTC-EMC2,365,7058,8.44e-06,2017-11-07T15:24:09.7,12692516.29437769
58,1.771e-05,29.6885986,1.72e-05,2014-05-04T00:00:00,2.025e-05,1.771e-05,1.477e-05,BTC-ENRG,260,2283,1.516e-05,2017-11-07T15:24:13.01,1676609.37446789
59,7.995e-05,159.99949234,7.87e-05,2014-05-10T17:00:00,0.0001125,7.996e-05,6.077e-05,BTC-ERC,237,1923,6.075e-05,2017-11-07T15:24:20.84,1835941.66969605
60,0.00190904,571.74989487,0.00190748,2016-07-26T18:10:22.82,0.00206832,0.001901,0.00189387,BTC-ETC,1052,8252,0.00201992,2017-11-07T15:24:21.84,286427.74973085
61,0.04119911,2865.8688633,0.041134,2015-08-14T09:02:24.817,0.04340655,0.04119911,0.04021202,BTC-ETH,3946,20121,0.04139999,2017-11-07T15:24:18.807,68159.94188886
62,0.0001725,6.45138186,0.00017249,2014-09-28T20:33:27.633,0.00019657,0.00017249,0.00016702,BTC-EXCL,203,1515,0.00019195,2017-11-07T15:14:47.67,36219.80432033
63,0.00025407,45.80602504,0.00025,2015-09-16T17:10:15.253,0.00029499,0.00025,0.00024102,BTC-EXP,189,4166,0.00024083,2017-11-07T15:24:22.807,173471.77086315
64,0.00011997,1.65903971,0.00011802,2014-12-12T19:51:07.703,0.000124,0.00011997,0.00011504,BTC-FAIR,241,931,0.0001229,2017-11-07T15:20:01.35,13646.68484375
65,0.00244595,201.42217825,0.0023938,2016-01-09T03:47:07.803,0.00248,0.00244792,0.00200017,BTC-FCT,616,3861,0.00200007,2017-11-07T15:24:23.45,89508.05796258
66,1.48e-06,13.03465276,1.47e-06,2015-02-23T23:01:53.92,1.57e-06,1.47e-06,1.44e-06,BTC-FLDC,289,3723,1.47e-06,2017-11-07T15:13:29.403,8678898.07661867
67,1.205e-05,14.74362108,1.184e-05,2015-03-11T05:43:30.193,1.272e-05,1.184e-05,1.052e-05,BTC-FLO,188,2387,1.068e-05,2017-11-07T15:24:22.073,1276048.37460777
68,1.609e-05,146.80349893,1.601e-05,2014-02-13T00:00:00,1.702e-05,1.601e-05,1.345e-05,BTC-FTC,955,5279,1.663e-05,2017-11-07T15:24:19.137,9371439.76347851
69,2.17e-06,109.57697143,2.15e-06,2017-07-04T18:45:47.13,2.3e-06,2.18e-06,1.96e-06,BTC-FUN,263,6201,2.09e-06,2017-11-07T15:24:00.87,50153610.99112288
70,0.00101872,1.40911816,0.00099543,2015-05-05T22:38:44.963,0.0010189,0.00099489,0.00093348,BTC-GAM,107,829,0.00095202,2017-11-07T15:24:21.543,1426.900277
71,0.000235,66.98719377,0.00023454,2015-04-08T04:09:53.013,0.00024778,0.00023454,0.00022714,BTC-GAME,249,5383,0.00023302,2017-11-07T15:20:50.413,284039.29290272
72,1.538e-05,21.99956938,1.52e-05,2017-02-12T00:38:21.023,1.7e-05,1.52e-05,1.44e-05,BTC-GBG,167,2926,1.443e-05,2017-11-07T15:22:02.383,1377783.16798689
73,0.02357567,87.46407971,0.0234,2017-04-13T20:46:39.83,0.0253,0.02334162,0.02070022,BTC-GBYTE,363,3569,0.02135522,2017-11-07T15:24:14.76,3713.24604697
74,6.76e-06,21.82211301,6.63e-06,2015-08-24T00:25:28.933,8.24e-06,6.63e-06,6.46e-06,BTC-GCR,91,3988,6.51e-06,2017-11-07T15:21:15.07,2936435.59546805
75,0.00014113,7.96257012,0.00013845,2015-02-21T03:29:43.267,0.00014905,0.00013841,0.00013503,BTC-GEO,232,2681,0.00013738,2017-11-07T15:24:21.23,56292.86519886
76,2.09e-05,4.75729844,2.055e-05,2014-03-22T16:00:00,2.152e-05,2.09e-05,1.919e-05,BTC-GLD,275,2205,1.973e-05,2017-11-07T15:24:00.933,235060.73036394
77,0.00861843,10.24305528,0.00850173,2017-04-28T02:43:12,0.0087571,0.00861927,0.00837988,BTC-GNO,156,2293,0.00845104,2017-11-07T15:24:22.23,1193.79851404
78,2.687e-05,114.86775004,2.683e-05,2017-04-17T21:35:59.26,2.8e-05,2.687e-05,2.567e-05,BTC-GNT,473,10534,2.65e-05,2017-11-07T15:24:11.73,4268474.51061416
79,1.63e-05,6.49204007,1.612e-05,2017-01-19T23:23:12.41,1.658e-05,1.63e-05,1.54e-05,BTC-GOLOS,190,2137,1.571e-05,2017-11-07T15:15:17.517,406632.76814188
80,5.68e-06,7.93668208,5.6e-06,2015-02-27T19:57:02.82,5.69e-06,5.69e-06,5.08e-06,BTC-GRC,241,3577,5.19e-06,2017-11-07T15:20:22.883,1468482.30615318
81,9.119e-05,1224.95978745,9.051e-05,2014-04-03T05:00:00,0.0001085,9.051e-05,8.7e-05,BTC-GRS,1794,5279,9.299e-05,2017-11-07T15:23:43.26,12532033.84925613
82,2.116e-05,92.09302789,2.103e-05,2017-04-29T18:08:12.39,2.711e-05,2.116e-05,1.868e-05,BTC-GUP,211,3633,1.93e-05,2017-11-07T15:24:19.247,4142497.23215382
83,1.273e-05,41.5256367,1.243e-05,2017-05-10T00:02:47.373,1.395e-05,1.24e-05,1.2e-05,BTC-HMQ,179,4047,1.234e-05,2017-11-07T15:24:18.65,3198565.35440756
84,2.142e-05,3.08929863,2.141e-05,2017-04-04T21:20:51.083,2.209e-05,2.142e-05,2.093e-05,BTC-INCNT,129,2709,2.182e-05,2017-11-07T05:43:44.113,142340.20175623
85,9.479e-05,3.80754727,9.15e-05,2015-10-03T20:41:41.403,9.535e-05,9.479e-05,8.904e-05,BTC-INFX,178,1548,9.016e-05,2017-11-07T15:24:22.777,41112.8627916
86,0.0003518,101.6707546,0.00034721,2014-07-29T16:57:43.787,0.0004897,0.00035,0.0003,BTC-IOC,213,1937,0.000312,2017-11-07T15:24:23.12,254837.24190944
87,0.00015126,6.24593335,0.00015065,2017-02-18T23:41:17.04,0.000152,0.00015065,0.00014226,BTC-ION,193,2176,0.00014814,2017-11-07T15:23:37.01,42167.9396708
88,0.00031859,55.27984678,0.00031349,2016-12-22T00:54:23.477,0.00033399,0.00031859,0.00029,BTC-IOP,355,5609,0.0003153,2017-11-07T15:24:23.48,174008.5926096
89,0.000385,544.7373491,0.00038417,2017-02-11T23:04:01.853,0.00040898,0.00038417,0.00036,BTC-KMD,1586,6584,0.00038355,2017-11-07T15:24:19.51,1420274.18138985
90,0.000495,20.49958869,0.0004901,2014-06-17T05:46:29.303,0.00053644,0.00049005,0.000475,BTC-KORE,259,2434,0.00050101,2017-11-07T15:23:40.73,40396.89232084
91,2.193e-05,30.80665358,2.166e-05,2016-07-05T21:50:07.81,2.219e-05,2.169e-05,1.995e-05,BTC-LBC,388,8891,2e-05,2017-11-07T15:24:07.573,1437068.59118877
92,0.00012796,122.58138698,0.00012683,2017-04-18T07:37:41.3,0.00014325,0.00012796,0.00011561,BTC-LGD,417,5379,0.00013606,2017-11-07T15:22:18.493,933282.15922951
93,6.3e-06,19.42461914,6.22e-06,2017-02-18T23:55:53.153,6.44e-06,6.23e-06,6.06e-06,BTC-LMC,205,5450,6.19e-06,2017-11-07T15:22:27.87,3135930.62246709
94,0.00067,352.03531812,0.00066979,2016-05-24T18:49:52.77,0.0007,0.00067,0.00062458,BTC-LSK,1735,8386,0.00062978,2017-11-07T15:23:55.243,533258.46492296
95,0.00814302,1136.72281306,0.00813,2014-02-13T00:00:00,0.0083,0.00813,0.0076,BTC-LTC,2391,13007,0.007643,2017-11-07T15:24:21.84,143945.43234901
96,0.00070509,10.95188378,0.0007,2017-04-30T16:57:03.27,0.00072739,0.0007,0.00065,BTC-LUN,164,4096,0.00065,2017-11-07T15:13:42.903,15824.08647219
97,5.252e-05,53.26174157,5.233e-05,2016-01-18T20:38:22.707,5.5e-05,5.272e-05,4.603e-05,BTC-MAID,333,3911,4.717e-05,2017-11-07T15:24:23.557,1049807.31814384
98,1.8e-06,17.14619421,1.78e-06,2017-10-13T23:32:02.993,1.85e-06,1.78e-06,1.61e-06,BTC-MANA,177,2482,1.6e-06,2017-11-07T15:16:29.3,9877722.15668018
99,0.00081669,225.2337828,0.000815,2017-07-02T00:37:16.957,0.00086821,0.000815,0.00078754,BTC-MCO,459,10050,0.0008,2017-11-07T15:24:08.073,270941.7992168
100,3.194e-05,383.06210656,3.186e-05,2016-04-01T18:24:07.207,4.34e-05,3.194e-05,2.843e-05,BTC-MEME,326,1807,3.696e-05,2017-11-07T15:23:54.183,10582711.89230856
101,0.008178,13.66728409,0.00800046,2017-03-15T19:30:56.167,0.00864404,0.008178,0.00762766,BTC-MLN,112,1498,0.0085005,2017-11-07T15:24:21.543,1695.78720082
102,0.00037545,56.94571095,0.000375,2014-04-18T22:00:00,0.00038239,0.000375,0.000362,BTC-MONA,469,3822,0.000373,2017-11-07T15:24:10.137,153856.77778263
103,0.00070978,194.04665385,0.00070501,2017-07-08T14:59:57.34,0.00077616,0.00070978,0.00067144,BTC-MTL,539,6214,0.000681,2017-11-07T15:23:53.48,270005.78323218
104,1.469e-05,14.66118177,1.43e-05,2015-04-09T17:31:31.113,1.65e-05,1.477e-05,1.401e-05,BTC-MUE,220,3077,1.467e-05,2017-11-07T15:24:20.87,986258.01451566
105,1.99e-06,36.65855521,1.98e-06,2017-03-27T19:59:13.073,2.52e-06,1.99e-06,1.86e-06,BTC-MUSIC,284,9390,1.88e-06,2017-11-07T15:12:42.497,17480647.2899541
106,8.502e-05,4.06402345,8.5e-05,2017-06-19T19:13:43.73,8.84e-05,8.5e-05,8.5e-05,BTC-MYST,231,3693,8.659e-05,2017-11-07T15:24:03.417,47379.83079242
107,0.000109,77.63505666,0.00010892,2014-07-08T03:37:28.39,0.00011375,0.00010892,0.0001059,BTC-NAV,553,5197,0.00010777,2017-11-07T15:22:14.417,706648.30952583
108,0.00014149,24.42894232,0.00014012,2015-04-08T03:57:37.33,0.000144,0.00014149,0.00013634,BTC-NBT,46,1774,0.00013697,2017-11-07T15:18:13.473,174172.31577885
109,0.0037225,1145.65640556,0.00372093,2016-10-26T01:28:31.96,0.00382043,0.0037225,0.003604,BTC-NEO,4894,27656,0.00362508,2017-11-07T15:24:15.853,309393.97338166
110,0.000327,7.19731882,0.000326,2014-08-20T00:06:59.63,0.0003435,0.000327,0.00031456,BTC-NEOS,264,2046,0.0003435,2017-11-07T15:23:52.463,22155.1088422
111,1.34e-05,26.94226782,1.325e-05,2014-04-04T22:00:00,1.419e-05,1.326e-05,1.196e-05,BTC-NLG,270,3305,1.228e-05,2017-11-07T15:24:01.353,2036344.35205413
112,0.00150987,16.0904579,0.00149028,2017-06-22T21:58:57.657,0.0016,0.00150997,0.00147258,BTC-NMR,144,4356,0.00149,2017-11-07T15:24:13.15,10559.63271104
113,2.731e-05,19.81220494,2.688e-05,2017-04-17T22:51:08.97,2.929e-05,2.731e-05,2.557e-05,BTC-NXC,102,3818,2.787e-05,2017-11-07T15:24:06.353,717914.66956224
114,0.00013652,24.92800796,0.00013599,2015-01-25T03:00:35.143,0.0001419,0.00013652,0.00012792,BTC-NXS,523,4201,0.000128,2017-11-07T15:22:07.87,183811.95439456
115,8.2e-06,44.13212581,8.14e-06,2014-03-03T09:00:00,8.27e-06,8.13e-06,7.87e-06,BTC-NXT,350,8429,7.93e-06,2017-11-07T15:23:29.243,5443587.57383733
116,3.472e-05,141.33284859,3.471e-05,2015-05-30T19:26:37.523,3.749e-05,3.472e-05,3.451e-05,BTC-OK,976,10325,3.528e-05,2017-11-07T15:24:22.84,3961015.4870902
117,0.0008881,941.692795,0.000888,2017-07-16T17:07:42.313,0.00096103,0.0008881,0.00086968,BTC-OMG,2308,17518,0.00087455,2017-11-07T15:24:19.323,1023649.52636482
118,0.00334768,12.80537046,0.00330167,2015-11-03T19:13:33.197,0.00335788,0.00330167,0.00296994,BTC-OMNI,276,2315,0.00297006,2017-11-07T15:24:20.683,4018.01069342
119,0.00121926,28.4047255,0.00119488,2017-07-20T18:19:07.157,0.00124999,0.00119488,0.00111,BTC-PART,267,1899,0.00112254,2017-11-07T15:24:20.963,23976.11573335
120,0.00023112,240.46072884,0.0002293,2017-07-07T07:14:00.793,0.00024348,0.00023114,0.00021661,BTC-PAY,986,14526,0.0002169,2017-11-07T15:24:23.48,1045395.17912817
121,1.741e-05,11.69270217,1.73e-05,2016-06-02T04:39:35.21,1.774e-05,1.76e-05,1.435e-05,BTC-PDC,192,2400,1.436e-05,2017-11-07T15:24:22.963,721413.05722485
122,3.27e-06,34.01210763,3.25e-06,2014-07-29T07:41:09.4,3.53e-06,3.27e-06,3e-06,BTC-PINK,248,2925,3.22e-06,2017-11-07T15:22:41.823,10243679.11754037
123,0.00040202,178.53789035,0.00040201,2016-03-02T20:45:37.987,0.00043595,0.00040202,0.000395,BTC-PIVX,837,6454,0.00043368,2017-11-07T15:24:21.433,436021.11183091
124,6.897e-05,26.79599668,6.896e-05,2015-06-03T06:31:14.35,7.864e-05,6.896e-05,6.65e-05,BTC-PKB,322,2570,7.021e-05,2017-11-07T15:22:44.557,374607.39760201
125,1.73e-05,994.19842117,1.713e-05,2014-03-11T08:00:00,2.682e-05,1.73e-05,1.7e-05,BTC-POT,720,4164,2.649e-05,2017-11-07T15:24:14.777,45524772.91366542
126,0.0001873,5.34191238,0.00018719,2014-02-13T00:00:00,0.00019217,0.0001873,0.00018262,BTC-PPC,175,2793,0.00018567,2017-11-07T15:24:14.7,28570.549044
127,4.69e-06,3.39912141,4.65e-06,2014-03-27T18:00:00,4.87e-06,4.7e-06,4.46e-06,BTC-PTC,217,2464,4.78e-06,2017-11-07T15:24:19.167,730327.13486162
128,2.157e-05,84.74468933,2.152e-05,2017-06-18T17:04:24.1,2.59e-05,2.157e-05,2.027e-05,BTC-PTOY,370,6657,2.042e-05,2017-11-07T15:23:56.62,3670743.8479911
129,8.613e-05,7.26317311,8.6e-05,2017-06-10T00:01:39.293,8.613e-05,8.6e-05,8.101e-05,BTC-QRL,346,3513,8.1e-05,2017-11-07T15:24:20.853,86896.59132261
130,0.0014997,743.98053377,0.0014886,2017-07-20T19:08:43.473,0.00155801,0.0014997,0.00142935,BTC-QTUM,898,11882,0.00144427,2017-11-07T15:24:21.807,498228.60823401
131,1.897e-05,37.45776387,1.871e-05,2017-03-05T19:30:16.853,2.135e-05,1.898e-05,1.867e-05,BTC-QWARK,245,5221,2.129e-05,2017-11-07T15:24:20.963,1857969.51798594
132,0.00045397,11.28923077,0.00044123,2016-01-26T23:22:16.193,0.00047099,0.00044098,0.00041861,BTC-RADS,119,2032,0.0004266,2017-11-07T15:24:22.933,25596.70111789
133,9.93e-05,10.72124452,9.818e-05,2014-04-05T08:00:00,0.00010556,9.928e-05,9.529e-05,BTC-RBY,1597,6047,9.614e-05,2017-11-07T15:18:45.663,107271.14517782
134,1.6e-07,60.90456116,1.5e-07,2014-02-25T09:00:00,1.6e-07,1.6e-07,1.4e-07,BTC-RDD,1264,18137,1.5e-07,2017-11-07T15:16:07.893,393829972.11407965
135,0.00245828,53.05353893,0.00243006,2016-10-04T15:45:37.14,0.00278,0.00243006,0.00228094,BTC-REP,177,1852,0.00231834,2017-11-07T15:24:23.497,21181.74849377
136,3.495e-05,102.51414672,3.486e-05,2016-06-24T17:00:00.043,3.65e-05,3.495e-05,3.396e-05,BTC-RISE,531,5697,3.456e-05,2017-11-07T15:24:21.637,2920284.06210562
137,7.438e-05,15.39456209,7.398e-05,2017-04-27T00:20:33.857,7.861e-05,7.438e-05,7.3e-05,BTC-RLC,186,3579,7.586e-05,2017-11-07T15:23:26.527,203982.33193739
138,1.22e-06,138.07022804,1.2e-06,2016-02-13T22:14:21.14,1.43e-06,1.2e-06,1.14e-06,BTC-SAFEX,512,6409,1.15e-06,2017-11-07T15:24:14.417,108972932.25542808
139,0.00041671,374.37321575,0.00041394,2017-10-16T17:32:48.777,0.00044108,0.00041671,0.00038142,BTC-SALT,575,1958,0.00038257,2017-11-07T15:24:23.557,924313.63818836
140,0.00014164,7.93251805,0.00014011,2016-07-09T19:02:08.943,0.000143,0.00014011,0.00013207,BTC-SBD,113,1848,0.00013206,2017-11-07T15:24:13.307,57096.96087476
141,5.3e-07,127.626718,5.2e-07,2017-05-22T21:30:29.16,5.4e-07,5.3e-07,4.8e-07,BTC-SC,1066,26906,4.8e-07,2017-11-07T15:23:54.23,245852147.21747655
142,1.754e-05,20.97787769,1.722e-05,2016-09-23T07:10:11.78,1.91e-05,1.721e-05,1.651e-05,BTC-SEQ,145,1719,1.69e-05,2017-11-07T15:21:05.43,1146857.80839883
143,0.0001425,7.9370761,0.00014105,2016-10-11T19:48:35.573,0.00014984,0.00014105,0.000135,BTC-SHIFT,147,2380,0.00014379,2017-11-07T15:21:00.617,55733.91148312
144,0.000153,4.13157839,0.00015013,2017-02-18T22:34:49.373,0.000155,0.00015013,0.00014507,BTC-SIB,124,2419,0.00014695,2017-11-07T15:18:37.083,27415.48920523
145,4.95e-05,34.78912199,4.939e-05,2014-03-23T06:00:00,5.274e-05,4.888e-05,3.88e-05,BTC-SLR,287,1977,3.9e-05,2017-11-07T15:24:20.557,759019.00172512
146,0.00195211,10.88908195,0.00191162,2016-01-20T22:24:04.65,0.00204572,0.00197976,0.00171,BTC-SLS,205,1747,0.0017849,2017-11-07T15:24:19.9,5757.76574433
147,2.751e-05,457.86218511,2.75e-05,2016-10-02T22:16:04.773,3.653e-05,2.751e-05,2.113e-05,BTC-SNGLS,375,1953,2.196e-05,2017-11-07T15:24:21.933,15618891.10293521
148,0.00021909,17.18712677,0.00021485,2015-06-03T06:27:04.623,0.000237,0.00021909,0.000185,BTC-SNRG,284,1689,0.00019431,2017-11-07T15:24:21.183,84654.92618543
149,4.24e-06,96.73251522,4.2e-06,2017-06-28T18:26:15.73,4.33e-06,4.24e-06,4.08e-06,BTC-SNT,374,10247,4.18e-06,2017-11-07T15:23:28.84,23001129.51308745
150,0.0003972,6.62538964,0.00039101,2015-05-18T22:45:47.093,0.00040013,0.00039002,0.00037988,BTC-SPHR,137,1303,0.00038211,2017-11-07T15:23:59.7,17017.86787657
151,4.4e-05,14.6663421,4.398e-05,2014-12-19T02:33:07.747,4.595e-05,4.389e-05,4.101e-05,BTC-SPR,261,3403,4.299e-05,2017-11-07T15:22:52.01,338298.3777972
152,6.26e-06,13.47727101,6.12e-06,2014-06-14T07:09:15.327,7.21e-06,6.26e-06,6.1e-06,BTC-START,346,5900,6.9e-06,2017-11-07T15:24:21.213,2058271.69931309
153,0.00012295,74.30308959,0.00012201,2016-04-17T01:22:13.35,0.00013,0.0001225,0.00011906,BTC-STEEM,467,7611,0.00012172,2017-11-07T15:24:18.23,599264.28521747
154,7.243e-05,152.82656297,7.16e-05,2017-07-11T21:14:32.643,7.41e-05,7.161e-05,6.464e-05,BTC-STORJ,623,6694,6.553e-05,2017-11-07T15:24:15.433,2179613.27323366
155,0.00042245,334.66160791,0.00042022,2016-08-10T23:26:39.657,0.00044732,0.0004202,0.00041003,BTC-STRAT,1642,22233,0.00042265,2017-11-07T15:23:24.09,781465.12929539
156,0.000153,51.23634919,0.00015244,2014-10-03T19:16:23.143,0.0001885,0.00015244,0.00014304,BTC-SWIFT,246,2006,0.00014457,2017-11-07T15:24:03.713,300836.21979805
157,0.00017446,6.6705272,0.00017414,2017-03-08T22:32:26.03,0.000179,0.00017415,0.00015394,BTC-SWT,116,1738,0.00017789,2017-11-07T15:21:48.977,39656.50095732
158,3.398e-05,37.79110456,3.352e-05,2016-08-25T21:23:15.27,3.709e-05,3.352e-05,3.253e-05,BTC-SYNX,181,2415,3.31e-05,2017-11-07T15:24:16.4,1099969.39793181
159,2.857e-05,158.58189864,2.851e-05,2014-08-16T19:57:48.823,2.892e-05,2.857e-05,2.732e-05,BTC-SYS,873,8140,2.774e-05,2017-11-07T15:24:02.433,5595790.24924343
160,2.32e-06,233.6317075,2.28e-06,2014-04-29T21:00:00,3.66e-06,2.32e-06,2.22e-06,BTC-THC,477,3986,3.27e-06,2017-11-07T15:24:19.183,81620684.98442942
161,0.0033454,2.88578213,0.00329715,2017-03-09T00:44:08.673,0.00336982,0.00334542,0.0032935,BTC-TIME,127,1584,0.00330242,2017-11-07T15:24:20.557,872.15357799
162,2.491e-05,26.52936698,2.433e-05,2017-10-25T21:01:08.287,2.739e-05,2.491e-05,2.413e-05,BTC-TIX,126,2275,2.475e-05,2017-11-07T15:24:09.387,1038765.95299269
163,0.00014939,23.9970161,0.00014659,2017-05-08T17:09:34.91,0.00016,0.00014898,0.00014546,BTC-TKN,174,3433,0.00015292,2017-11-07T15:24:22.683,158763.40043865
164,0.00025827,28.07444551,0.00025126,2017-03-23T00:48:15.94,0.000285,0.00025871,0.00022098,BTC-TKS,161,1464,0.00022526,2017-11-07T15:24:19.807,110034.89944399
165,8.238e-05,127.95635829,8.23e-05,2016-09-08T05:59:08.183,8.909e-05,8.238e-05,7.803e-05,BTC-TRIG,464,8793,8.299e-05,2017-11-07T15:24:18.353,1521361.92648971
166,3.441e-05,18.64935422,3.404e-05,2017-04-19T04:53:43.893,3.68e-05,3.441e-05,3.328e-05,BTC-TRST,246,3737,3.408e-05,2017-11-07T15:24:23.433,531438.93421991
167,1.674e-05,33.65178275,1.654e-05,2014-07-07T05:46:18.71,1.986e-05,1.655e-05,1.471e-05,BTC-TRUST,287,2091,1.556e-05,2017-11-07T15:24:12.043,1920021.98638904
168,0.00029267,30.66565189,0.0002886,2015-09-02T08:02:54.3,0.00030598,0.00029,0.0002851,BTC-TX,386,803,0.00029,2017-11-07T15:24:15.823,103988.25174718
169,0.0001602,34.36973017,0.00016,2017-02-08T17:00:59.02,0.000165,0.0001602,0.00014771,BTC-UBQ,573,7522,0.00015068,2017-11-07T15:23:01.65,219376.28069088
170,3.88e-05,4.29206222,3.822e-05,2016-08-24T21:39:28.357,3.949e-05,3.879e-05,3.581e-05,BTC-UNB,145,1624,3.727e-05,2017-11-07T15:18:41.91,114194.71228306
171,0.00021115,58.68086411,0.00020901,2014-07-18T00:20:00.393,0.00022,0.00020907,0.0002056,BTC-VIA,472,3266,0.00021301,2017-11-07T15:24:19.323,277568.51954878
172,5.68e-06,44.94758372,5.52e-06,2015-12-30T04:21:47.31,6.49e-06,5.52e-06,5.26e-06,BTC-VOX,272,5943,5.94e-06,2017-11-07T15:24:19.823,7691686.1558288
173,7.61e-05,109.04291003,7.576e-05,2014-05-13T07:00:00,8.7e-05,7.575e-05,7.044e-05,BTC-VRC,497,2563,8.028e-05,2017-11-07T15:22:57.93,1377272.33801905
174,0.0004341,7.82389905,0.00042538,2016-09-16T04:52:17.637,0.00044711,0.0004341,0.00040502,BTC-VRM,214,1508,0.00041502,2017-11-07T15:19:30.1,18289.5936927
175,0.00050876,953.76225848,0.000508,2014-02-13T00:00:00,0.00054695,0.000508,0.00047569,BTC-VTC,2957,8524,0.0005241,2017-11-07T15:24:19.137,1856538.94444825
176,2.996e-05,55.79214575,2.95e-05,2014-12-19T02:33:10.943,3.304e-05,2.95e-05,2.441e-05,BTC-VTR,241,1970,2.513e-05,2017-11-07T15:22:53.417,1929322.31377319
177,0.00051818,341.78988357,0.000516,2016-06-19T15:46:31.167,0.0005321,0.00051644,0.00046,BTC-WAVES,1263,11391,0.0004848,2017-11-07T15:24:15.823,674667.29115342
178,5.237e-05,12.78985649,5.185e-05,2017-04-26T22:34:24.49,5.544e-05,5.237e-05,5.09e-05,BTC-WINGS,136,5104,5.202e-05,2017-11-07T15:24:11.543,239589.7060579
179,2.547e-05,4.56053736,2.499e-05,2016-09-25T00:15:16.103,2.54e-05,2.54e-05,2.426e-05,BTC-XAUR,81,1437,2.475e-05,2017-11-07T15:24:10.7,183423.18496247
180,0.00175345,35.29538771,0.00172523,2015-02-14T04:20:41,0.00185,0.00174911,0.0015793,BTC-XCP,459,3449,0.00157601,2017-11-07T15:23:54.2,20199.44565438
181,3.2e-07,12.25811411,3.1e-07,2014-06-21T18:37:57.64,3.3e-07,3.2e-07,3e-07,BTC-XDN,623,6592,3.2e-07,2017-11-07T15:15:45.237,38856609.66240759
182,3.95e-05,185.59135562,3.863e-05,2017-07-01T17:38:44.883,4.921e-05,3.964e-05,3.746e-05,BTC-XEL,347,7252,3.761e-05,2017-11-07T15:24:13.667,4349591.53431478
183,2.535e-05,240.13008735,2.534e-05,2015-04-10T21:06:00.043,2.689e-05,2.535e-05,2.393e-05,BTC-XEM,1143,12030,2.536e-05,2017-11-07T15:23:34.59,9435023.50422704
184,4.34e-06,1124.52174349,4.31e-06,2015-11-17T20:06:44.92,4.8e-06,4.32e-06,3.75e-06,BTC-XLM,1699,15710,3.79e-06,2017-11-07T15:24:16.59,260395525.6050077
185,3.26e-05,9.07462566,3.228e-05,2014-11-10T06:25:07.533,3.65e-05,3.26e-05,3.205e-05,BTC-XMG,307,2276,3.568e-05,2017-11-07T15:24:04.683,262641.87816642
186,0.01368229,1017.09325909,0.01360072,2014-06-04T07:38:39.24,0.014997,0.01368228,0.0129,BTC-XMR,1510,7154,0.01309999,2017-11-07T15:24:19.323,73190.37243834
187,4.1e-07,22.7802628,4e-07,2014-03-15T08:00:00,4.5e-07,4e-07,3.7e-07,BTC-XMY,440,4811,3.7e-07,2017-11-07T15:15:51.83,55556261.46553636
188,2.883e-05,987.81088299,2.871e-05,2014-12-22T19:30:27.45,2.931e-05,2.872e-05,2.773e-05,BTC-XRP,2397,26608,2.789e-05,2017-11-07T15:24:23.01,34612223.8472231
189,2.346e-05,17.05764711,2.279e-05,2014-07-09T20:33:00.59,2.535e-05,2.342e-05,2.171e-05,BTC-XST,220,1343,2.241e-05,2017-11-07T15:24:18.933,721276.9699218
190,0.00012363,432.85839088,0.00012224,2016-03-12T19:37:38.863,0.00018694,0.00012363,0.00012222,BTC-XVC,693,3036,0.00017498,2017-11-07T15:24:10.573,2775993.375805
191,1.06e-06,2186.51888413,1.05e-06,2016-02-17T22:42:03.61,1.31e-06,1.05e-06,9.5e-07,BTC-XVG,3338,16352,1.3e-06,2017-11-07T15:24:20.713,1961666742.9899132
192,7.12e-06,33.33428824,7.03e-06,2014-04-14T00:00:00,8e-06,7.13e-06,6.71e-06,BTC-XWC,487,1440,7.53e-06,2017-11-07T15:24:13.713,4389021.40465321
193,0.00211952,117.51858546,0.00210943,2016-10-20T04:48:30.387,0.00228,0.00211952,0.002054,BTC-XZC,883,3668,0.00208256,2017-11-07T15:24:21.823,54283.03114597
194,0.0002546,18.76502548,0.00025209,2016-11-15T20:29:59.73,0.000255,0.00025204,0.00023303,BTC-ZCL,211,5204,0.00023798,2017-11-07T15:24:20.807,77043.01900996
195,0.033,318.3536846,0.03293113,2016-10-28T17:13:10.833,0.03382818,0.03293125,0.0314,BTC-ZEC,888,11174,0.03131197,2017-11-07T15:24:09.48,9771.81758379
196,0.00291528,152.63433262,0.00289359,2017-06-05T16:39:49.07,0.0031,0.00289359,0.002819,BTC-ZEN,1684,4449,0.00294999,2017-11-07T15:24:07.603,52058.67599917
197,0.0012312,476.76250557,0.00119,2017-06-11T17:33:06.127,0.00172,0.00123357,0.00103153,ETH-1ST,111,337,0.00108472,2017-11-07T15:24:23.34,350264.6558387
198,6.656e-05,79.20496796,6.5e-05,2017-07-03T21:08:06.22,7.34e-05,6.5e-05,6.31e-05,ETH-ADT,69,536,6.447e-05,2017-11-07T15:22:35.713,1184873.88102658
199,0.0030391,613.18392709,0.00303584,2017-07-11T22:42:17.78,0.0033389,0.00303911,0.00289343,ETH-ADX,183,571,0.00293707,2017-11-07T15:24:20.87,195962.54552833
200,0.0038236,246.89164869,0.00376001,2017-05-19T15:55:11.293,0.00399598,0.00387865,0.00330006,ETH-ANT,86,411,0.00399666,2017-11-07T15:24:12.73,68201.02243217
201,0.00048698,157.6909009,0.00048188,2017-06-03T22:04:52.38,0.000487,0.00048188,0.00046003,ETH-BAT,181,1085,0.00046553,2017-11-07T15:24:07.01,332915.35202669
202,2.06995,2948.000799,2.049494,2017-08-01T18:34:04.763,2.1878999,2.06999871,1.96000003,ETH-BCC,437,447,2.18789988,2017-11-07T15:21:59.43,1449.39274253
203,0.00640899,105.54652462,0.00630779,2017-06-22T21:36:30.867,0.00640899,0.00640763,0.00621213,ETH-BNT,69,411,0.00624048,2017-11-07T15:24:22.463,16850.66253048
204,0.0,26.34440146,0.0,2017-08-04T18:01:27.853,0.00017062,0.00015172,0.00013,ETH-BTS,74,212,0.00014932,2017-11-05T04:03:45.967,175120.1443082
205,0.00031239,163.48018608,0.00030588,2017-06-19T19:59:14.89,0.00037576,0.00030588,0.00029,ETH-CFI,104,430,0.00030908,2017-11-07T15:24:21.62,498459.51682036
206,0.0013,173.134711,0.00122291,2017-06-13T19:40:35.217,0.00164498,0.0012729,0.0010229,ETH-CRB,62,173,0.00104409,2017-11-07T15:24:23.043,128379.37156468
207,0.00099423,391.09836407,0.0009805,2017-07-16T23:04:18.99,0.00099398,0.0009805,0.00092,ETH-CVC,186,1020,0.000951,2017-11-07T15:24:23.043,405282.43835333
208,0.98928326,395.34251521,0.974,2017-07-14T17:10:05.143,0.99999999,0.97958872,0.909009,ETH-DASH,133,224,0.91999959,2017-11-07T15:24:22.823,412.02752077
209,2.941e-05,130.70812707,2.887e-05,2017-08-04T18:01:27.777,2.952e-05,2.896e-05,2.754e-05,ETH-DGB,77,596,2.831e-05,2017-11-07T15:24:23.4,4512331.04280851
210,0.22699632,11.04515306,0.21703061,2016-06-17T18:51:39.087,0.22699978,0.22699928,0.20593881,ETH-DGD,67,193,0.20925303,2017-11-07T15:24:23.45,52.10772773
211,0.00013694,89.54983608,0.00013205,2017-08-04T02:09:02.887,0.0001463,0.00013503,0.00012835,ETH-DNT,60,374,0.00013647,2017-11-07T15:23:47.183,659931.04622392
212,0.04656335,883.56200099,0.04640255,2016-07-28T21:45:59.05,0.04903002,0.0464998,0.04615162,ETH-ETC,191,1032,0.04832536,2017-11-07T15:24:20.713,18610.20934707
213,0.05913303,168.96286149,0.05913302,2017-08-04T18:01:27.853,0.05976,0.05913302,0.04755237,ETH-FCT,73,172,0.04781535,2017-11-07T15:23:11.527,3179.39955327
214,5.313e-05,140.80024222,5.159e-05,2017-07-04T18:45:47.143,5.443e-05,5.313e-05,4.7e-05,ETH-FUN,104,835,5.103e-05,2017-11-07T15:24:15.573,2715658.88920082
215,0.20845725,4.88571367,0.20491145,2017-04-30T18:42:52.17,0.2112,0.20846403,0.19999938,ETH-GNO,65,263,0.21086854,2017-11-07T15:23:09.37,23.95994987
216,0.0006621,593.78976304,0.00065278,2017-04-20T06:38:51.877,0.00066222,0.00066222,0.00061599,ETH-GNT,213,1419,0.000642,2017-11-07T15:24:23.497,932995.31178734
217,0.0005251,259.68829008,0.00051351,2017-04-30T18:40:42.213,0.000634,0.00052476,0.0004512,ETH-GUP,69,222,0.0004656,2017-11-07T15:24:23.48,514782.16676471
218,0.0003139,77.71055167,0.00030089,2017-05-10T07:27:27.597,0.00033111,0.00030632,0.00028302,ETH-HMQ,69,293,0.00029449,2017-11-07T15:24:20.917,257094.01800698
219,0.0030973,187.38623055,0.00303558,2017-06-17T15:02:02.783,0.00356244,0.0030973,0.00276021,ETH-LGD,75,327,0.00325574,2017-11-07T15:24:03.137,61429.60586691
220,0.19899916,1042.03255364,0.19696257,2017-06-25T03:06:46.83,0.19998348,0.1986003,0.18100002,ETH-LTC,307,530,0.18519999,2017-11-07T15:24:21.7,5482.47629979
221,0.01715165,55.40151541,0.01681316,2017-04-30T18:41:22.84,0.01715166,0.01715166,0.01580807,ETH-LUN,62,283,0.01591477,2017-11-07T15:24:19.34,3395.07812865
222,4.397e-05,40.50933897,4.302e-05,2017-10-13T23:32:03.027,4.525e-05,4.3e-05,3.867e-05,ETH-MANA,72,223,3.803e-05,2017-11-07T15:24:23.323,973660.73303155
223,0.0199,359.5698147,0.01968506,2017-07-02T00:37:17.05,0.02049996,0.0199,0.019,ETH-MCO,187,1031,0.01932,2017-11-07T15:23:46.917,18353.95559624
224,0.01743065,141.53761847,0.01689035,2017-07-08T14:59:57.37,0.01799422,0.01714241,0.0160001,ETH-MTL,118,528,0.01632,2017-11-07T15:24:22.9,8387.6757902
225,0.00208112,3.28018207,0.00203482,2017-06-19T19:13:43.743,0.0021976,0.00205929,0.0020101,ETH-MYST,44,375,0.00208123,2017-11-07T15:23:03.98,1593.4877659
226,0.0909,1557.41495758,0.0908888,2017-07-21T01:08:49.397,0.0908888,0.0908888,0.0862,ETH-NEO,925,1718,0.08847491,2017-11-07T15:24:19.543,17684.38571531
227,0.03728574,16.32842132,0.03600258,2017-06-22T21:58:57.657,0.04,0.03728574,0.03435706,ETH-NMR,98,428,0.03655436,2017-11-07T15:24:22.87,449.93351629
228,0.02178912,1771.26293276,0.02161523,2017-07-16T17:07:42.41,0.0225,0.02176735,0.02085,ETH-OMG,559,2138,0.02108388,2017-11-07T15:24:13.59,81513.13407644
229,0.00559991,705.8928352,0.00552384,2017-07-07T07:14:00.873,0.00575931,0.00559992,0.00520201,ETH-PAY,307,1679,0.00526,2017-11-07T15:24:18.76,129973.64705106
230,0.00053412,195.95535371,0.00051717,2017-06-18T17:04:24.147,0.00061394,0.00053469,0.00048652,ETH-PTOY,79,532,0.00052192,2017-11-07T15:24:22.463,359188.53302051
231,0.0020775,13.44872439,0.00203459,2017-06-11T17:33:06.14,0.0020775,0.0020775,0.00190001,ETH-QRL,90,191,0.00204259,2017-11-07T15:24:21.603,6718.03919133
232,0.03664613,1304.1793525,0.03630075,2017-07-20T19:08:43.473,0.03736976,0.03630082,0.034,ETH-QTUM,365,1017,0.0355974,2017-11-07T15:24:19.62,36285.5730383
233,0.06092749,153.68339747,0.05875667,2017-04-20T06:43:49.19,0.06869237,0.058753,0.05519379,ETH-REP,100,179,0.05662639,2017-11-07T15:24:23.573,2624.62908244
234,0.00182599,29.574392,0.00177522,2017-04-30T18:41:22.823,0.00186341,0.00177126,0.00175,ETH-RLC,64,282,0.0018589,2017-11-07T15:24:04.353,16228.24989297
235,0.01008675,964.71572282,0.00999544,2017-10-16T17:32:48.84,0.01042752,0.01000079,0.00900744,ETH-SALT,100,196,0.0092,2017-11-07T15:24:17.62,99892.70523537
236,1.275e-05,144.99540899,1.261e-05,2017-07-14T17:10:07.74,1.285e-05,1.275e-05,1.149e-05,ETH-SC,140,1167,1.181e-05,2017-11-07T15:20:55.35,11886184.92101521
237,0.00066645,1301.10617994,0.00066201,2017-04-30T18:41:22.853,0.00086196,0.00066149,0.000504,ETH-SNGLS,180,195,0.00053075,2017-11-07T15:24:21.167,1912709.12738627
238,0.00010298,267.17826114,0.00010152,2017-06-28T18:26:15.747,0.00010317,0.00010298,9.702e-05,ETH-SNT,175,1041,0.00010192,2017-11-07T15:24:20.997,2659823.39694407
239,0.00177,124.97937937,0.00172125,2017-07-11T21:14:32.643,0.00178,0.00177,0.00155,ETH-STORJ,128,444,0.00162,2017-11-07T15:24:23.45,76536.72712531
240,0.01036422,247.19961379,0.01016349,2017-08-04T18:01:27.713,0.01047204,0.01015306,0.00985906,ETH-STRAT,230,1174,0.01032375,2017-11-07T15:24:21.98,24423.92928425
241,0.08213298,6.09313182,0.07878211,2017-06-23T18:01:03.323,0.07838918,0.07838918,0.0766623,ETH-TIME,70,135,0.07834608,2017-11-07T15:24:13.387,77.88982641
242,0.000602,51.02567879,0.00058629,2017-10-25T21:01:08.287,0.000635,0.000605,0.00058002,ETH-TIX,36,308,0.0006,2017-11-07T15:24:10.23,83538.01938182
243,0.00364992,39.23753675,0.00352076,2017-05-09T04:43:46.723,0.00383058,0.00364992,0.00335111,ETH-TKN,66,491,0.0038783,2017-11-07T15:24:23.51,10882.91084872
244,0.00083715,65.38700737,0.00081566,2017-05-19T15:55:11.28,0.000882,0.000815,0.000802,ETH-TRST,78,210,0.00081629,2017-11-07T15:24:18.933,78493.0674014
245,0.01279938,273.59854454,0.01249465,2017-08-04T18:00:50.15,0.01280005,0.01240318,0.0111,ETH-WAVES,192,453,0.012,2017-11-07T15:24:22.887,22855.86755079
246,0.00126516,68.98315828,0.001252,2017-04-26T22:16:06.627,0.00129513,0.00126516,0.00123944,ETH-WINGS,48,319,0.00129125,2017-11-07T15:24:10.2,54668.42398792
247,0.00062442,577.193266,0.00061503,2017-07-21T01:08:49.38,0.00063419,0.000625,0.00057261,ETH-XEM,142,550,0.00061745,2017-11-07T15:24:23.557,943741.81557972
248,0.00010707,730.55895525,0.00010569,2017-07-21T01:08:49.38,0.00011195,0.00010569,9e-05,ETH-XLM,230,426,9.2e-05,2017-11-07T15:24:19.323,6999933.03728434
249,0.33599637,913.41171337,0.32846013,2017-07-21T01:08:49.367,0.34985,0.32843586,0.30697505,ETH-XMR,149,267,0.31137448,2017-11-07T15:24:23.48,2759.91533888
250,0.00070447,781.64794102,0.0006958,2017-06-25T03:07:09.677,0.000705,0.00069577,0.000666,ETH-XRP,458,838,0.00068004,2017-11-07T15:24:23.183,1143944.60905569
251,0.7993,489.91125585,0.79800016,2017-07-14T17:10:07.8,0.807,0.79800017,0.75149496,ETH-ZEC,267,528,0.76128555,2017-11-07T15:22:43.963,629.36268425
252,591.0,4806216.46769886,590.11800685,2017-08-01T18:34:04.873,643.988247,591.0,585.012,USDT-BCC,1266,2120,643.988247,2017-11-07T15:24:08.59,7956.96152007
253,6999.99999999,41242051.97843002,6998.2364532,2015-12-11T06:31:40.633,7282.66196574,6999.99999999,6923.0,USDT-BTC,9581,4034,7200.0,2017-11-07T15:24:19.277,5839.16024294
254,282.0,1035864.98239596,281.55,2017-07-21T01:08:49.413,301.61904399,281.55,272.17444411,USDT-DASH,416,1051,272.1632695,2017-11-07T15:23:09.87,3607.16100366
255,13.39999994,2623361.59397144,13.302,2017-07-14T17:10:10.72,14.72,13.302,13.20000001,USDT-ETC,578,2186,14.37428963,2017-11-07T15:23:55.45,186557.40366862
256,288.49999998,4730149.60797598,288.25,2017-04-20T17:26:37.647,304.04122641,288.49999998,285.00000001,USDT-ETH,1723,4300,298.55261279,2017-11-07T15:24:21.65,16016.57706292
257,57.24899969,1773068.75624351,56.9,2017-07-14T17:10:10.72,58.68,56.79244124,54.28713508,USDT-LTC,930,2480,55.2155243,2017-11-07T15:24:21.95,31420.94671516
258,26.19999977,1377854.09294269,26.01,2017-08-04T16:58:43.087,26.5799999,26.01,25.5,USDT-NEO,1317,5021,26.2,2017-11-07T15:24:23.573,52785.56733996
259,6.26279995,998836.62934557,6.25,2017-09-15T23:49:44.83,6.6999,6.25,6.2,USDT-OMG,919,4772,6.36942,2017-11-07T15:24:01.79,153880.68676816
260,96.11808467,2182903.89785319,95.3000002,2017-07-21T01:08:49.397,104.5,95.3000002,92.93439367,USDT-XMR,495,900,93.63417304,2017-11-07T15:24:19.747,22159.3245403
261,0.20199998,626726.93380105,0.2010001,2017-07-14T17:10:10.737,0.206,0.20100011,0.19934411,USDT-XRP,1154,4266,0.20173458,2017-11-07T15:23:14.103,3093980.72637031
262,231.63179998,460043.88897259,229.76147199,2017-07-14T17:10:10.673,235.99999955,230.0,226.0,USDT-ZEC,728,2855,226.30213137,2017-11-07T15:24:07.73,1990.77062714
263,2.07e-05,1678.29591938,2.052e-05,2017-11-07T07:59:10.913,0.0002001,2.07e-05,1.7e-05,BTC-RCN,617,2181,0.0002,2017-11-07T15:24:22.98,76165400.01493324
264,0.0005064,2878.54866073,0.00050237,2017-11-07T07:59:10.93,0.00089,0.00050263,0.00025124,ETH-RCN,114,239,0.00089,2017-11-07T15:24:19.26,5480402.69386405
