,Ask,BaseVolume,Bid,Created,High,Last,Low,MarketName,OpenBuyOrders,OpenSellOrders,PrevDay,TimeStamp,Volume
0,4.998e-05,571.3051039,4.928e-05,2017-06-06T01:22:35.727,7.245e-05,4.928e-05,4.402e-05,BTC-1ST,267,5804,4.499e-05,2017-11-07T15:02:13.483,9857055.99658469
1,8.7e-07,28.04240321,8.5e-07,2016-05-16T06:44:15.287,9.9e-07,8.5e-07,7.9e-07,BTC-2GIVE,322,2263,8.1e-07,2017-11-07T15:01:32.373,31949897.99945606
2,8.5e-07,17.36921175,8.4e-07,2014-10-31T01:43:25.743,9.9e-07,8.5e-07,8e-07,BTC-ABY,269,4896,8.6e-07,2017-11-07T15:02:03.153,19721920.1001309
3,3.12e-06,584.13131337,3.11e-06,2017-09-29T07:01:58.873,3.35e-06,3.12e-06,2.94e-06,BTC-ADA,1588,9317,2.97e-06,2017-11-07T15:01:44.78,185684350.91731265
4,2.72e-06,22.88105514,2.68e-06,2017-07-03T21:08:06.11,2.99e-06,2.67e-06,2.61e-06,BTC-ADT,158,3149,2.65e-06,2017-11-07T14:59:31.653,8169090.22830189
5,0.00012676,535.88256943,0.00012576,2017-07-11T22:42:17.78,0.0001429,0.00012666,0.00011993,BTC-ADX,704,8806,0.00012147,2017-11-07T15:02:09.483,4072656.86396025
6,0.000215,15.99605745,0.00021322,2015-07-31T00:50:47.11,0.00021999,0.00021322,0.00019103,BTC-AEON,253,2143,0.00020235,2017-11-07T14:50:53.3,76514.48002476
7,5.031e-05,2.89637357,4.96e-05,2015-11-10T00:53:59.643,5.117e-05,4.953e-05,4.74e-05,BTC-AGRS,201,2517,4.695e-05,2017-11-07T15:02:07.45,58709.78031104
8,2.1e-05,22.81447396,2.07e-05,2015-11-03T19:13:55.18,2.176e-05,2.088e-05,1.951e-05,BTC-AMP,157,5690,2.055e-05,2017-11-07T15:00:47.623,1098302.37096303
9,0.00015598,49.14750875,0.00015395,2017-05-17T19:54:30.143,0.00016761,0.00015395,0.00014116,BTC-ANT,194,4286,0.00015907,2017-11-07T15:02:12.45,323676.66663739
10,0.00076807,2.85582655,0.00074634,2017-05-02T06:26:32.897,0.00076874,0.00076871,0.000725,BTC-APX,187,1877,0.000751,2017-11-07T15:02:11.2,3813.419263
11,2.819e-05,44.79384655,2.815e-05,2016-10-13T18:59:37.407,2.905e-05,2.815e-05,2.669e-05,BTC-ARDR,436,4187,2.727e-05,2017-11-07T15:02:03.937,1589928.81076688
12,0.00036474,288.3525624,0.0003605,2017-03-21T18:11:29.347,0.000378,0.00036606,0.00033723,BTC-ARK,2088,9717,0.0003386,2017-11-07T15:02:02.077,799856.43958856
13,8.64e-05,2.00184048,8.51e-05,2014-03-16T22:00:00,8.777e-05,8.51e-05,8.5e-05,BTC-AUR,108,1586,8.711e-05,2017-11-07T15:02:01.547,23303.91821529
14,1.998e-05,99.77686777,1.979e-05,2017-06-03T22:04:53.82,2.05e-05,1.98e-05,1.91e-05,BTC-BAT,657,12933,1.922e-05,2017-11-07T15:02:13.61,5004139.95328908
15,3.99e-06,118.82588693,3.93e-06,2014-11-18T17:34:21.083,4.89e-06,3.99e-06,3.11e-06,BTC-BAY,288,3916,3.28e-06,2017-11-07T15:02:06.45,28793334.18527
16,0.0851136,2113.95976489,0.085,2017-08-01T18:34:04.967,0.08999999,0.085,0.083959,BTC-BCC,3255,12093,0.08709014,2017-11-07T15:02:11.157,24591.37253495
17,4.778e-05,10.88875188,4.604e-05,2015-09-10T05:28:20.787,4.799e-05,4.778e-05,4.145e-05,BTC-BCY,133,2896,4.211e-05,2017-11-07T15:02:14.437,247044.17337652
18,3.9e-07,9.15218705,3.8e-07,2015-02-15T23:07:32.777,3.9e-07,3.9e-07,3.6e-07,BTC-BITB,517,5120,3.5e-07,2017-11-07T14:59:12.277,24252656.79615244
19,0.00012119,5.75698631,0.00011786,2014-11-13T20:20:21.443,0.00012586,0.00012127,0.00011603,BTC-BLITZ,139,2612,0.00011559,2017-11-07T15:02:13.17,47712.20568292
20,3.033e-05,20.97382004,3.022e-05,2014-03-14T09:00:00,3.285e-05,3.033e-05,2.916e-05,BTC-BLK,196,4605,3.014e-05,2017-11-07T15:01:15.56,674392.02292233
21,0.00288791,27.37880832,0.00287,2014-10-29T06:45:03.97,0.00299999,0.00287,0.00246868,BTC-BLOCK,267,1530,0.00251213,2017-11-07T15:02:09.577,9806.03736936
22,0.00026171,10.66383365,0.00026083,2017-06-22T21:36:30.85,0.00027499,0.00026083,0.00025388,BTC-BNT,138,3314,0.000259,2017-11-07T14:59:23.62,40401.9697731
23,2.095e-05,4.16439294,2.056e-05,2016-06-13T02:27:33.34,2.252e-05,2.095e-05,2.026e-05,BTC-BRK,126,2200,2.055e-05,2017-11-07T15:01:54.967,194299.64893162
24,6.962e-05,17.24968024,6.834e-05,2016-07-10T21:25:05.127,7.207e-05,6.838e-05,6.251e-05,BTC-BRX,140,2037,7.011e-05,2017-11-07T15:02:13.42,256392.14259748
25,8.214e-05,7.66280205,8.145e-05,2016-02-17T00:54:23.677,8.6e-05,8.214e-05,8.078e-05,BTC-BSD,186,2036,8.291e-05,2017-11-07T15:01:09.39,91618.90526874
26,0.01761978,8.26614994,0.0175,2014-07-14T06:05:04.567,0.01790817,0.0175,0.01593002,BTC-BTCD,168,713,0.01720817,2017-11-07T15:01:40.467,481.23933443
27,0.0,63.85828478,0.0,2014-11-24T08:18:16.53,9.98e-06,8.86e-06,8.44e-06,BTC-BTS,229,4558,8.63e-06,2017-11-05T03:45:21.24,6871090.19001538
28,8.4e-07,14.24611007,8.3e-07,2014-09-16T07:41:56.047,8.8e-07,8.3e-07,7.5e-07,BTC-BURST,316,6355,7.8e-07,2017-11-07T15:00:56.84,17564561.5747561
29,0.00013802,56.41676085,0.00013801,2014-11-03T19:02:45.96,0.00015001,0.00013802,7.455e-05,BTC-BYC,216,991,7.6e-05,2017-11-07T15:02:13.89,532555.94231969
30,3.7e-06,24.65320825,3.62e-06,2014-08-10T06:48:44.83,4.49e-06,3.7e-06,3.58e-06,BTC-CANN,254,6246,3.9e-06,2017-11-07T15:02:10.733,6128384.45306079
31,1.29e-05,104.56880758,1.28e-05,2017-06-19T19:59:14.78,1.589e-05,1.28e-05,1.204e-05,BTC-CFI,249,5376,1.26e-05,2017-11-07T15:01:58.233,7463198.7449749
32,0.00068974,7.34254108,0.00068007,2015-04-18T22:04:25.183,0.00072071,0.00068967,0.00064184,BTC-CLAM,238,1468,0.00065174,2017-11-07T15:01:58.577,10665.56350098
33,0.00069527,19.52019599,0.00068199,2014-06-04T08:53:18.563,0.0007666,0.00069528,0.00060111,BTC-CLOAK,304,2836,0.0006536,2017-11-07T15:02:14.64,28729.20069691
34,0.00021621,63.43113424,0.00021401,2015-12-18T00:30:10.31,0.00021878,0.000217,0.0001996,BTC-CLUB,403,1825,0.00020459,2017-11-07T15:02:12.623,302963.81986991
35,6.9e-07,11.17278711,6.7e-07,2015-01-22T19:11:45.903,7.1e-07,6.9e-07,6.4e-07,BTC-COVAL,301,4722,6.7e-07,2017-11-07T15:01:50.2,16365683.16323584
36,5.324e-05,18.57840573,5.322e-05,2015-07-25T06:30:32.53,6.187e-05,5.324e-05,5.2e-05,BTC-CPC,117,2772,5.882e-05,2017-11-07T15:01:58.873,329371.0450623
37,4.999e-05,229.17647184,4.944e-05,2017-06-13T19:40:35.203,6.999e-05,4.944e-05,4.252e-05,BTC-CRB,106,2978,4.215e-05,2017-11-07T15:02:14.61,3780336.07250562
38,0.0001955,14.15928214,0.000195,2017-03-06T21:10:15.663,0.00020631,0.00019553,0.0001883,BTC-CRW,178,1708,0.00020115,2017-11-07T15:02:13.717,72233.40442302
39,4.44e-05,88.70997979,4.371e-05,2014-05-13T09:00:00,6.146e-05,4.44e-05,4.23e-05,BTC-CURE,321,2204,5.809e-05,2017-11-07T15:02:01.297,1672724.47312839
40,4.046e-05,139.94413443,4.038e-05,2017-07-16T23:04:18.867,4.18e-05,4.038e-05,3.905e-05,BTC-CVC,834,12013,3.911e-05,2017-11-07T15:02:01.577,3455788.16795088
41,0.0402999,506.47911497,0.04025006,2014-03-11T08:00:00,0.0421155,0.04025006,0.03759549,BTC-DASH,1150,6045,0.03759549,2017-11-07T15:01:55.81,12611.64139538
42,0.00400999,50.18854936,0.00400594,2016-02-09T21:06:51.577,0.0042,0.00401,0.00379999,BTC-DCR,516,4613,0.00379997,2017-11-07T15:01:49.53,12433.57077067
43,6.015e-05,12.27988601,5.924e-05,2017-06-30T16:35:24.643,6.298e-05,6.015e-05,5.694e-05,BTC-DCT,153,4810,5.849e-05,2017-11-07T15:02:14.593,205979.7189594
44,1.2e-06,238.84424518,1.19e-06,2014-08-20T07:09:57.207,1.27e-06,1.2e-06,1.15e-06,BTC-DGB,973,25416,1.16e-06,2017-11-07T15:01:50.107,197650908.80304557
45,0.00898019,5.54605452,0.00898008,2016-06-14T16:25:12.063,0.00916,0.00898008,0.00856101,BTC-DGD,153,1099,0.00879498,2017-11-07T14:52:33.643,621.68607828
46,0.0013,36.99101362,0.00128279,2015-05-01T17:31:24.97,0.00144435,0.00131996,0.00089003,BTC-DMD,353,1649,0.00091956,2017-11-07T15:02:11.593,32768.65310263
47,5.42e-06,29.15564836,5.33e-06,2017-08-04T02:09:02.873,5.95e-06,5.33e-06,5.28e-06,BTC-DNT,149,1962,5.51e-06,2017-11-07T15:02:12.797,5139633.39712413
48,1.7e-07,30.80650911,1.6e-07,2014-02-13T00:00:00,1.7e-07,1.6e-07,1.5e-07,BTC-DOGE,1636,18032,1.6e-07,2017-11-07T15:00:00.59,187971675.7237336
49,3.02e-06,33.6373802,2.95e-06,2014-10-17T19:09:32.6,3.88e-06,2.94e-06,2.83e-06,BTC-DOPE,287,3389,3.39e-06,2017-11-07T15:02:08.967,10432994.72070217
50,5.921e-05,8.26736026,5.92e-05,2017-04-01T04:06:13.887,6.366e-05,5.921e-05,5.302e-05,BTC-DTB,148,3066,5.583e-05,2017-11-07T14:53:44.363,142842.030304
51,0.000433,1.65457406,0.00042526,2017-03-23T00:10:19.403,0.0004499,0.00042526,0.000418,BTC-DYN,155,922,0.00041897,2017-11-07T15:01:00.967,3835.54170511
52,1.491e-05,7.3671907,1.468e-05,2016-09-15T15:47:38.92,1.541e-05,1.468e-05,1.425e-05,BTC-EBST,152,4421,1.47e-05,2017-11-07T15:01:53.327,495441.12227417
53,7.7e-05,40.29043721,7.688e-05,2017-04-18T00:56:59.243,7.799e-05,7.7e-05,7.153e-05,BTC-EDG,319,6209,7.385e-05,2017-11-07T15:00:22.497,537728.83304106
54,1.725e-05,1.54838144,1.699e-05,2014-03-20T20:00:00,1.75e-05,1.723e-05,1.621e-05,BTC-EFL,129,1581,1.621e-05,2017-11-07T15:02:12.5,92532.7969353
55,3.17e-05,4.13220253,3.157e-05,2016-01-18T21:01:43.837,3.2e-05,3.17e-05,2.991e-05,BTC-EGC,258,2896,3.138e-05,2017-11-07T14:57:31.977,133661.23834447
56,8.785e-05,73.58084242,8.61e-05,2016-01-06T05:28:04.553,0.00010274,8.61e-05,8.307e-05,BTC-EMC,251,3105,8.551e-05,2017-11-07T15:02:10.78,795590.99192471
57,9.11e-06,115.16625277,9.1e-06,2014-12-24T00:00:00,9.83e-06,9.1e-06,8.28e-06,BTC-EMC2,341,7063,8.46e-06,2017-11-07T15:02:08.5,12886838.18785723
58,1.793e-05,29.33679417,1.743e-05,2014-05-04T00:00:00,2.025e-05,1.787e-05,1.477e-05,BTC-ENRG,250,2273,1.516e-05,2017-11-07T15:02:08.623,1656729.54593595
59,7.375e-05,154.88818993,7.35e-05,2014-05-10T17:00:00,0.0001125,7.375e-05,5.95e-05,BTC-ERC,207,1941,6.083e-05,2017-11-07T15:01:11.577,1769121.54069813
60,0.00193253,572.92606993,0.0019305,2016-07-26T18:10:22.82,0.00206832,0.00193253,0.0019201,BTC-ETC,1087,8240,0.00202467,2017-11-07T15:02:08.547,286593.96024579
61,0.04131498,2880.73229104,0.04129,2015-08-14T09:02:24.817,0.04340655,0.04131499,0.04021202,BTC-ETH,3802,19951,0.0411015,2017-11-07T15:02:14.53,68518.12636033
62,0.00017249,7.40595488,0.00017025,2014-09-28T20:33:27.633,0.00020025,0.00017249,0.00016702,BTC-EXCL,204,1515,0.0002,2017-11-07T15:01:55.233,41041.65830745
63,0.00025483,45.86822172,0.00024982,2015-09-16T17:10:15.253,0.00029499,0.00025484,0.00023995,BTC-EXP,184,4157,0.00023995,2017-11-07T15:02:12.687,173740.41323707
64,0.00011999,1.66539453,0.00011801,2014-12-12T19:51:07.703,0.000124,0.000118,0.00011504,BTC-FAIR,184,929,0.000123,2017-11-07T14:56:14.65,13698.26753617
65,0.00232297,194.65805499,0.00231,2016-01-09T03:47:07.803,0.00246935,0.00231,0.0019928,BTC-FCT,561,3930,0.00199279,2017-11-07T15:02:05.513,86804.40597412
66,1.48e-06,13.08043059,1.47e-06,2015-02-23T23:01:53.92,1.57e-06,1.48e-06,1.44e-06,BTC-FLDC,292,3724,1.48e-06,2017-11-07T14:59:51.23,8709769.42260588
67,1.258e-05,13.47928024,1.233e-05,2015-03-11T05:43:30.193,1.272e-05,1.233e-05,1.052e-05,BTC-FLO,172,2369,1.055e-05,2017-11-07T15:02:12.577,1177309.24530186
68,1.62e-05,137.40824223,1.612e-05,2014-02-13T00:00:00,1.702e-05,1.612e-05,1.345e-05,BTC-FTC,929,5246,1.657e-05,2017-11-07T15:02:14.467,8801102.33482126
69,2.22e-06,107.44985349,2.2e-06,2017-07-04T18:45:47.13,2.3e-06,2.2e-06,1.96e-06,BTC-FUN,273,6205,2.12e-06,2017-11-07T15:02:13.437,49188704.52788076
70,0.00101889,1.40669728,0.00099547,2015-05-05T22:38:44.963,0.0010189,0.00101889,0.00093348,BTC-GAM,109,826,0.00095202,2017-11-07T15:02:08.11,1424.49595034
71,0.000235,67.50087805,0.00023355,2015-04-08T04:09:53.013,0.00024778,0.000235,0.00022714,BTC-GAME,252,5383,0.00022805,2017-11-07T15:02:09.513,286270.29050115
72,1.539e-05,22.08239867,1.53e-05,2017-02-12T00:38:21.023,1.7e-05,1.539e-05,1.44e-05,BTC-GBG,169,2922,1.445e-05,2017-11-07T15:01:38.263,1383604.25364114
73,0.02334225,87.72323691,0.02307818,2017-04-13T20:46:39.83,0.0253,0.02334225,0.02070022,BTC-GBYTE,333,3558,0.02112703,2017-11-07T15:02:00.61,3727.27451731
74,6.78e-06,21.76585359,6.77e-06,2015-08-24T00:25:28.933,8.24e-06,6.78e-06,6.46e-06,BTC-GCR,91,3988,6.6e-06,2017-11-07T15:01:29.03,2927988.99795056
75,0.00014154,8.02855195,0.00013905,2015-02-21T03:29:43.267,0.00014905,0.00013904,0.00013503,BTC-GEO,312,2674,0.00013943,2017-11-07T15:02:11.187,56764.8474296
76,2.127e-05,4.75125323,2.073e-05,2014-03-22T16:00:00,2.152e-05,2.127e-05,1.919e-05,BTC-GLD,274,2196,1.99e-05,2017-11-07T15:02:13.89,234770.65949778
77,0.0086216,10.19053433,0.00850005,2017-04-28T02:43:12,0.0087571,0.00862397,0.00837988,BTC-GNO,159,2286,0.00833374,2017-11-07T15:02:10.967,1187.70844818
78,2.698e-05,108.35162559,2.677e-05,2017-04-17T21:35:59.26,2.791e-05,2.676e-05,2.567e-05,BTC-GNT,496,10614,2.679e-05,2017-11-07T15:02:05.483,4035182.40541465
79,1.631e-05,6.46042668,1.612e-05,2017-01-19T23:23:12.41,1.658e-05,1.612e-05,1.54e-05,BTC-GOLOS,192,2137,1.556e-05,2017-11-07T15:02:07.233,404684.03301589
80,5.53e-06,7.86705036,5.46e-06,2015-02-27T19:57:02.82,5.66e-06,5.46e-06,5.08e-06,BTC-GRC,234,3593,5.19e-06,2017-11-07T15:02:05.06,1457665.37072985
81,9.201e-05,1220.35005419,9.2e-05,2014-04-03T05:00:00,0.0001085,9.201e-05,8.7e-05,BTC-GRS,1636,5187,9.52e-05,2017-11-07T15:02:12.86,12478007.01330283
82,2.252e-05,90.05473102,2.239e-05,2017-04-29T18:08:12.39,2.711e-05,2.273e-05,1.868e-05,BTC-GUP,216,3609,1.915e-05,2017-11-07T15:02:03.937,4049223.10908092
83,1.311e-05,37.65142983,1.31e-05,2017-05-10T00:02:47.373,1.395e-05,1.311e-05,1.2e-05,BTC-HMQ,203,3991,1.2e-05,2017-11-07T15:02:14.217,2896133.07323357
84,2.142e-05,3.08929863,2.141e-05,2017-04-04T21:20:51.083,2.209e-05,2.142e-05,2.093e-05,BTC-INCNT,129,2709,2.182e-05,2017-11-07T05:43:44.113,142340.20175623
85,9.462e-05,3.75336743,9.109e-05,2015-10-03T20:41:41.403,9.535e-05,9.109e-05,8.904e-05,BTC-INFX,179,1548,8.902e-05,2017-11-07T14:59:41.167,40578.39414079
86,0.00035677,101.39684211,0.00035179,2014-07-29T16:57:43.787,0.0004897,0.00035179,0.0003,BTC-IOC,218,1942,0.00031176,2017-11-07T15:02:10.11,254067.96705183
87,0.00015,6.19719668,0.0001477,2017-02-18T23:41:17.04,0.000152,0.00015,0.00014226,BTC-ION,193,2179,0.00015157,2017-11-07T15:02:11.983,41842.26372233
88,0.00031728,56.67653146,0.00031342,2016-12-22T00:54:23.477,0.00033399,0.00031674,0.00029,BTC-IOP,348,5662,0.00030967,2017-11-07T14:58:52.45,178564.42678155
89,0.00038356,558.05348878,0.00038252,2017-02-11T23:04:01.853,0.00040898,0.00038356,0.00036,BTC-KMD,1568,6559,0.00037205,2017-11-07T15:02:08.513,1455698.44856153
90,0.00050915,20.44868964,0.00050729,2014-06-17T05:46:29.303,0.00053644,0.00050915,0.000475,BTC-KORE,274,2434,0.00050974,2017-11-07T15:01:35.56,40289.8920356
91,2.16e-05,31.78794837,2.153e-05,2016-07-05T21:50:07.81,2.219e-05,2.154e-05,1.96e-05,BTC-LBC,384,8893,1.999e-05,2017-11-07T15:01:52.343,1487912.97144473
92,0.00012853,122.12547425,0.0001268,2017-04-18T07:37:41.3,0.00014325,0.00012855,0.00011561,BTC-LGD,322,5365,0.00013777,2017-11-07T15:02:13.11,929550.18894788
93,6.27e-06,19.59425015,6.24e-06,2017-02-18T23:55:53.153,6.44e-06,6.22e-06,6.06e-06,BTC-LMC,203,5455,6.4e-06,2017-11-07T15:01:32.467,3162702.97267328
94,0.00068276,352.42881675,0.00068275,2016-05-24T18:49:52.77,0.0007,0.00068276,0.00062458,BTC-LSK,1721,8389,0.0006298,2017-11-07T15:02:05.547,534278.47719239
95,0.00813387,1130.18295441,0.00813001,2014-02-13T00:00:00,0.0083,0.00813387,0.0076,BTC-LTC,2095,13059,0.00763,2017-11-07T15:02:13.437,143202.71025171
96,0.00070496,10.88801096,0.00069487,2017-04-30T16:57:03.27,0.00072739,0.00069488,0.00065,BTC-LUN,164,4098,0.00065,2017-11-07T15:02:14.11,15732.95997137
97,5.423e-05,52.78770078,5.329e-05,2016-01-18T20:38:22.707,5.5e-05,5.387e-05,4.603e-05,BTC-MAID,339,3899,4.711e-05,2017-11-07T15:02:13.733,1041709.95125269
98,1.81e-06,17.14021785,1.78e-06,2017-10-13T23:32:02.993,1.85e-06,1.78e-06,1.59e-06,BTC-MANA,170,2479,1.61e-06,2017-11-07T14:53:54.317,9879035.83769081
99,0.00082393,225.32796864,0.00082,2017-07-02T00:37:16.957,0.00086821,0.00082,0.00078754,BTC-MCO,497,10140,0.0007965,2017-11-07T15:01:59.89,271131.73846318
100,3.25e-05,388.94106757,3.237e-05,2016-04-01T18:24:07.207,4.34e-05,3.25e-05,2.843e-05,BTC-MEME,326,1785,3.7e-05,2017-11-07T15:01:52.733,10742631.78130393
101,0.00818166,13.85555509,0.00793003,2017-03-15T19:30:56.167,0.00864404,0.00792701,0.00762766,BTC-MLN,106,1496,0.00865097,2017-11-07T15:02:10.623,1717.51692216
102,0.00037158,59.34569018,0.00037,2014-04-18T22:00:00,0.00038239,0.00037158,0.000362,BTC-MONA,460,3828,0.00037439,2017-11-07T15:02:07.717,160275.01455897
103,0.00071047,194.91176706,0.00070319,2017-07-08T14:59:57.34,0.00077616,0.00070319,0.00067144,BTC-MTL,541,6208,0.0006715,2017-11-07T15:02:14.53,271321.73235299
104,1.48e-05,14.22400057,1.463e-05,2015-04-09T17:31:31.113,1.65e-05,1.463e-05,1.401e-05,BTC-MUE,230,3075,1.405e-05,2017-11-07T15:02:02.437,956319.85111704
105,2e-06,36.68775663,1.97e-06,2017-03-27T19:59:13.073,2.52e-06,1.97e-06,1.86e-06,BTC-MUSIC,284,9381,1.86e-06,2017-11-07T15:00:26.277,17496326.59053173
106,8.502e-05,4.16527362,8.5e-05,2017-06-19T19:13:43.73,8.84e-05,8.502e-05,8.5e-05,BTC-MYST,162,3693,8.628e-05,2017-11-07T15:00:24.823,48562.63185368
107,0.00010729,78.58027663,0.00010728,2014-07-08T03:37:28.39,0.00011375,0.00010729,0.00010544,BTC-NAV,550,5198,0.00010569,2017-11-07T15:01:45.547,715669.33093943
108,0.00014124,24.48245336,0.00013986,2015-04-08T03:57:37.33,0.000144,0.00014158,0.00013634,BTC-NBT,45,1774,0.0001365,2017-11-07T14:54:53.74,174575.99964033
109,0.00372103,1132.77669995,0.00372102,2016-10-26T01:28:31.96,0.00382043,0.00372102,0.0036003,BTC-NEO,4689,27468,0.00362502,2017-11-07T15:02:06.547,306052.22300108
110,0.00032965,7.11027919,0.000328,2014-08-20T00:06:59.63,0.00034504,0.00032972,0.00031456,BTC-NEOS,265,2031,0.00034504,2017-11-07T15:01:34.093,21869.66313717
111,1.369e-05,27.01552406,1.355e-05,2014-04-04T22:00:00,1.419e-05,1.359e-05,1.196e-05,BTC-NLG,272,3292,1.223e-05,2017-11-07T15:02:06.233,2043852.53729211
112,0.00154113,15.68692958,0.00150009,2017-06-22T21:58:57.657,0.0016,0.00154091,0.00147258,BTC-NMR,148,4353,0.00149,2017-11-07T15:02:13.623,10292.8333669
113,2.713e-05,20.15767395,2.71e-05,2017-04-17T22:51:08.97,2.929e-05,2.71e-05,2.557e-05,BTC-NXC,105,3813,2.752e-05,2017-11-07T15:02:05.327,730576.13773114
114,0.00013654,24.26989844,0.00013612,2015-01-25T03:00:35.143,0.0001419,0.00013654,0.00012577,BTC-NXS,526,4201,0.00012577,2017-11-07T15:00:02.06,179008.93273019
115,8.16e-06,44.54897285,8.15e-06,2014-03-03T09:00:00,8.27e-06,8.16e-06,7.85e-06,BTC-NXT,354,8431,7.93e-06,2017-11-07T15:01:44.983,5499857.1724194
116,3.509e-05,142.38330504,3.508e-05,2015-05-30T19:26:37.523,3.749e-05,3.509e-05,3.437e-05,BTC-OK,977,10319,3.439e-05,2017-11-07T15:02:09.11,3990406.24116302
117,0.0008937,949.58910674,0.0008925,2017-07-16T17:07:42.313,0.00096103,0.0008937,0.00086706,BTC-OMG,2365,17570,0.00087079,2017-11-07T15:02:13.763,1032867.02093398
118,0.00334784,12.40289597,0.00330195,2015-11-03T19:13:33.197,0.00335788,0.00334784,0.00296994,BTC-OMNI,317,2316,0.00297005,2017-11-07T15:02:13.623,3897.50811498
119,0.001195,28.32769005,0.00119488,2017-07-20T18:19:07.157,0.00124999,0.001195,0.00111,BTC-PART,271,1902,0.00112079,2017-11-07T14:59:09.607,23935.60925826
120,0.00023103,238.4331587,0.0002268,2017-07-07T07:14:00.793,0.00024348,0.00022823,0.0002166,BTC-PAY,914,14495,0.00021736,2017-11-07T15:02:14.53,1036966.61777207
121,1.718e-05,10.40302941,1.687e-05,2016-06-02T04:39:35.21,1.72e-05,1.718e-05,1.435e-05,BTC-PDC,188,2436,1.466e-05,2017-11-07T15:02:05.61,647973.99777523
122,3.27e-06,34.73868022,3.25e-06,2014-07-29T07:41:09.4,3.53e-06,3.27e-06,3e-06,BTC-PINK,251,2927,3.33e-06,2017-11-07T15:01:50.717,10464487.02796456
123,0.00040571,176.87995881,0.00040202,2016-03-02T20:45:37.987,0.00043598,0.00040202,0.000395,BTC-PIVX,893,6514,0.0004335,2017-11-07T15:02:10.047,431830.1185806
124,7.103e-05,26.79689566,6.91e-05,2015-06-03T06:31:14.35,7.864e-05,6.904e-05,6.65e-05,BTC-PKB,322,2561,7.056e-05,2017-11-07T15:02:10.967,374550.39077585
125,1.814e-05,1039.80123253,1.807e-05,2014-03-11T08:00:00,2.692e-05,1.814e-05,1.77e-05,BTC-POT,734,4147,2.4e-05,2017-11-07T15:01:59.937,47037917.07609908
126,0.00018987,5.29424448,0.00018722,2014-02-13T00:00:00,0.00019217,0.00018987,0.00018262,BTC-PPC,179,2791,0.00018401,2017-11-07T15:02:11.157,28316.21511208
127,4.7e-06,3.39705965,4.62e-06,2014-03-27T18:00:00,4.87e-06,4.66e-06,4.46e-06,BTC-PTC,217,2460,4.69e-06,2017-11-07T14:59:45.2,729844.31735723
128,2.18e-05,84.23648669,2.171e-05,2017-06-18T17:04:24.1,2.59e-05,2.18e-05,2.027e-05,BTC-PTOY,365,6649,2.06e-05,2017-11-07T15:02:14.513,3647729.38172555
129,8.556e-05,7.10624264,8.501e-05,2017-06-10T00:01:39.293,8.613e-05,8.556e-05,8.1e-05,BTC-QRL,340,3511,8.101e-05,2017-11-07T15:01:05.56,85254.37787179
130,0.00149,758.29081537,0.0014835,2017-07-20T19:08:43.473,0.00155801,0.00149,0.00142935,BTC-QTUM,879,11822,0.00145599,2017-11-07T15:02:11.983,508220.13568514
131,1.958e-05,37.69023692,1.926e-05,2017-03-05T19:30:16.853,2.135e-05,1.958e-05,1.91e-05,BTC-QWARK,276,5213,2.105e-05,2017-11-07T15:01:50.653,1863452.13760422
132,0.00046574,9.53321198,0.00045483,2016-01-26T23:22:16.193,0.00047099,0.0004548,0.00041861,BTC-RADS,124,2031,0.00043342,2017-11-07T15:02:14.437,21676.36066431
133,9.928e-05,10.75880123,9.821e-05,2014-04-05T08:00:00,0.00010556,9.928e-05,9.529e-05,BTC-RBY,1664,6053,9.614e-05,2017-11-07T14:58:42.277,107672.34170982
134,1.6e-07,62.98171978,1.5e-07,2014-02-25T09:00:00,1.6e-07,1.6e-07,1.4e-07,BTC-RDD,1264,18129,1.5e-07,2017-11-07T15:01:00.623,407767060.28271854
135,0.00246191,53.14976569,0.00243006,2016-10-04T15:45:37.14,0.00278,0.00246239,0.00227761,BTC-REP,174,1851,0.00233027,2017-11-07T15:02:14.123,21223.43968615
136,3.48e-05,100.41994556,3.476e-05,2016-06-24T17:00:00.043,3.65e-05,3.476e-05,3.396e-05,BTC-RISE,519,5712,3.463e-05,2017-11-07T15:01:49.153,2861159.90353783
137,7.435e-05,15.45158945,7.401e-05,2017-04-27T00:20:33.857,7.861e-05,7.434e-05,7.3e-05,BTC-RLC,183,3576,7.585e-05,2017-11-07T15:02:04.11,204715.23557844
138,1.24e-06,138.54476827,1.21e-06,2016-02-13T22:14:21.14,1.43e-06,1.21e-06,1.13e-06,BTC-SAFEX,525,6406,1.13e-06,2017-11-07T15:01:19.467,109401311.72290814
139,0.00041743,382.27104231,0.00041275,2017-10-16T17:32:48.777,0.00044108,0.00041745,0.00037129,BTC-SALT,578,2012,0.00040225,2017-11-07T15:02:14.407,948056.59019801
140,0.00014151,7.70827654,0.000141,2016-07-09T19:02:08.943,0.000143,0.00014151,0.00013206,BTC-SBD,122,1829,0.00013206,2017-11-07T15:01:51.903,55540.01766142
141,5.3e-07,131.23689623,5.2e-07,2017-05-22T21:30:29.16,5.4e-07,5.3e-07,4.8e-07,BTC-SC,1118,26999,4.8e-07,2017-11-07T15:00:25.45,253492531.06455183
142,1.777e-05,20.86620162,1.761e-05,2016-09-23T07:10:11.78,1.91e-05,1.761e-05,1.651e-05,BTC-SEQ,149,1721,1.69e-05,2017-11-07T15:00:20.107,1140373.174034
143,0.0001425,8.41789753,0.00014105,2016-10-11T19:48:35.573,0.00015095,0.0001425,0.000135,BTC-SHIFT,148,2382,0.0001455,2017-11-07T14:57:37.04,58952.2736966
144,0.00015392,4.13353309,0.00015013,2017-02-18T22:34:49.373,0.000155,0.00015013,0.00014415,BTC-SIB,124,2419,0.000145,2017-11-07T15:02:11.907,27431.81714703
145,4.913e-05,34.39872491,4.898e-05,2014-03-23T06:00:00,5.274e-05,4.897e-05,3.88e-05,BTC-SLR,277,1976,3.861e-05,2017-11-07T14:59:41.2,751101.95118743
146,0.00198487,10.89710894,0.00191316,2016-01-20T22:24:04.65,0.00204572,0.00191271,0.00171,BTC-SLS,201,1746,0.0017849,2017-11-07T15:02:10.547,5762.89046354
147,2.601e-05,456.62445789,2.6e-05,2016-10-02T22:16:04.773,3.653e-05,2.601e-05,2.113e-05,BTC-SNGLS,250,1979,2.189e-05,2017-11-07T15:02:03.89,15615105.76729493
148,0.000234,15.50718964,0.00022843,2015-06-03T06:27:04.623,0.000237,0.000237,0.000185,BTC-SNRG,269,1631,0.0001943,2017-11-07T15:02:13.187,77063.23713406
149,4.21e-06,94.8710623,4.2e-06,2017-06-28T18:26:15.73,4.33e-06,4.2e-06,4.08e-06,BTC-SNT,366,10240,4.16e-06,2017-11-07T15:01:49.95,22566489.80265403
150,0.00039499,6.59161996,0.00039,2015-05-18T22:45:47.093,0.00040013,0.00039,0.00037988,BTC-SPHR,138,1304,0.00038865,2017-11-07T14:58:52.417,16933.74961002
151,4.459e-05,14.14455657,4.331e-05,2014-12-19T02:33:07.747,4.595e-05,4.331e-05,4.101e-05,BTC-SPR,258,3404,4.203e-05,2017-11-07T15:02:08.623,326458.2098201
152,6.3e-06,14.39031372,6.12e-06,2014-06-14T07:09:15.327,7.21e-06,6.29e-06,6.1e-06,BTC-START,343,5889,6.78e-06,2017-11-07T15:02:11.123,2188486.80640279
153,0.00012298,74.49325108,0.00012282,2016-04-17T01:22:13.35,0.00013,0.00012281,0.00011906,BTC-STEEM,483,7633,0.00012022,2017-11-07T15:01:46.797,600944.81295734
154,7.32e-05,149.85765257,7.3e-05,2017-07-11T21:14:32.643,7.41e-05,7.301e-05,6.464e-05,BTC-STORJ,622,6662,6.56e-05,2017-11-07T15:02:05.56,2141118.65234591
155,0.0004242,336.73708864,0.0004239,2016-08-10T23:26:39.657,0.00044732,0.0004242,0.00041003,BTC-STRAT,1642,22228,0.00041964,2017-11-07T15:01:04.373,786361.47176922
156,0.00015515,51.18695483,0.0001546,2014-10-03T19:16:23.143,0.0001885,0.00015515,0.00014304,BTC-SWIFT,220,1997,0.00014404,2017-11-07T15:01:53.577,300515.84228846
157,0.00017446,7.69135226,0.00017416,2017-03-08T22:32:26.03,0.000179,0.00017416,0.00015394,BTC-SWT,119,1738,0.0001669,2017-11-07T14:59:53.62,45459.68945404
158,3.399e-05,38.1317275,3.352e-05,2016-08-25T21:23:15.27,3.709e-05,3.35e-05,3.228e-05,BTC-SYNX,179,2406,3.285e-05,2017-11-07T15:02:11.95,1110366.93299434
159,2.835e-05,158.81846259,2.827e-05,2014-08-16T19:57:48.823,2.892e-05,2.836e-05,2.731e-05,BTC-SYS,925,8192,2.731e-05,2017-11-07T15:02:09.42,5605690.1458964
160,2.3e-06,316.15306644,2.28e-06,2014-04-29T21:00:00,3.89e-06,2.3e-06,2.22e-06,BTC-THC,481,3977,2.55e-06,2017-11-07T15:00:50.31,106205479.33209933
161,0.00334543,2.88578213,0.00329715,2017-03-09T00:44:08.673,0.00336982,0.00334542,0.0032935,BTC-TIME,129,1582,0.00330242,2017-11-07T15:02:14.61,872.15357799
162,2.495e-05,26.54849806,2.494e-05,2017-10-25T21:01:08.287,2.739e-05,2.494e-05,2.416e-05,BTC-TIX,128,2275,2.475e-05,2017-11-07T14:58:36.95,1038965.14728871
163,0.00015119,24.41464987,0.00014858,2017-05-08T17:09:34.91,0.00016,0.00014846,0.00014546,BTC-TKN,175,3433,0.00015248,2017-11-07T15:02:09.843,161517.19302058
164,0.00026008,28.14984692,0.0002481,2017-03-23T00:48:15.94,0.000285,0.00026013,0.00022098,BTC-TKS,164,1464,0.00022131,2017-11-07T15:02:14.233,110398.76019792
165,8.328e-05,129.89827673,8.288e-05,2016-09-08T05:59:08.183,8.909e-05,8.326e-05,7.803e-05,BTC-TRIG,460,8793,8.022e-05,2017-11-07T15:00:10.48,1545135.04677994
166,3.443e-05,18.58339563,3.397e-05,2017-04-19T04:53:43.893,3.68e-05,3.397e-05,3.328e-05,BTC-TRST,249,3748,3.374e-05,2017-11-07T15:02:11.467,529550.07250361
167,1.701e-05,33.72805057,1.659e-05,2014-07-07T05:46:18.71,1.986e-05,1.656e-05,1.471e-05,BTC-TRUST,286,2071,1.589e-05,2017-11-07T15:01:50.56,1925652.7078284
168,0.00029189,30.84430863,0.0002886,2015-09-02T08:02:54.3,0.00030598,0.0002886,0.0002851,BTC-TX,386,805,0.00029099,2017-11-07T15:01:50.687,104602.65103454
169,0.00016024,34.96463715,0.00016023,2017-02-08T17:00:59.02,0.000165,0.00016023,0.00014636,BTC-UBQ,681,7577,0.00014994,2017-11-07T14:59:36.823,223424.98423074
170,3.878e-05,4.2315618,3.811e-05,2016-08-24T21:39:28.357,3.949e-05,3.831e-05,3.581e-05,BTC-UNB,144,1623,3.8e-05,2017-11-07T15:02:13.45,112637.06392619
171,0.00021089,59.03968444,0.00021087,2014-07-18T00:20:00.393,0.00022,0.00021087,0.0002056,BTC-VIA,479,3263,0.00020901,2017-11-07T15:01:00.64,279250.60769867
172,5.59e-06,45.60676223,5.54e-06,2015-12-30T04:21:47.31,6.49e-06,5.59e-06,5.26e-06,BTC-VOX,259,5939,5.92e-06,2017-11-07T15:02:11.86,7796518.54252962
173,7.55e-05,109.6622379,7.532e-05,2014-05-13T07:00:00,8.7e-05,7.55e-05,7.044e-05,BTC-VRC,494,2562,8.14e-05,2017-11-07T15:02:09.86,1383826.91432929
174,0.0004341,7.92286217,0.0004254,2016-09-16T04:52:17.637,0.00044711,0.0004341,0.00040502,BTC-VRM,212,1509,0.00041501,2017-11-07T14:59:46.59,18528.0526422
175,0.00051351,975.91996545,0.00050927,2014-02-13T00:00:00,0.00054695,0.00051351,0.00047569,BTC-VTC,2885,8460,0.00051804,2017-11-07T15:02:12.547,1899116.58590507
176,2.935e-05,55.76160368,2.92e-05,2014-12-19T02:33:10.943,3.304e-05,2.905e-05,2.441e-05,BTC-VTR,245,1976,2.46e-05,2017-11-07T15:01:53.467,1932466.49716013
177,0.00052999,342.13983509,0.00052501,2016-06-19T15:46:31.167,0.0005321,0.000525,0.00046,BTC-WAVES,1199,11328,0.00049814,2017-11-07T15:02:14.467,678994.86985287
178,5.2e-05,12.9675743,5.181e-05,2017-04-26T22:34:24.49,5.544e-05,5.238e-05,5.09e-05,BTC-WINGS,135,5104,5.207e-05,2017-11-07T15:00:27.387,243020.75757115
179,2.547e-05,4.58055654,2.505e-05,2016-09-25T00:15:16.103,2.54e-05,2.54e-05,2.426e-05,BTC-XAUR,82,1437,2.428e-05,2017-11-07T15:01:58.343,184233.49417003
180,0.00177099,34.41253551,0.00174449,2015-02-14T04:20:41,0.00185,0.00174448,0.00155331,BTC-XCP,423,3453,0.00158414,2017-11-07T15:02:12.077,19714.5806264
181,3.2e-07,12.68350478,3.1e-07,2014-06-21T18:37:57.64,3.3e-07,3.2e-07,3e-07,BTC-XDN,620,6591,3.2e-07,2017-11-07T14:54:44.193,40205621.88391137
182,3.875e-05,184.610888,3.847e-05,2017-07-01T17:38:44.883,4.921e-05,3.875e-05,3.746e-05,BTC-XEL,340,7247,3.782e-05,2017-11-07T15:02:05.17,4324879.61097432
183,2.565e-05,242.43142234,2.546e-05,2015-04-10T21:06:00.043,2.689e-05,2.565e-05,2.393e-05,BTC-XEM,1160,12018,2.506e-05,2017-11-07T15:01:37.547,9526296.48035779
184,4.42e-06,1120.79080535,4.41e-06,2015-11-17T20:06:44.92,4.8e-06,4.41e-06,3.75e-06,BTC-XLM,1698,15642,3.79e-06,2017-11-07T15:02:13.513,259655435.47961733
185,3.315e-05,8.95055164,3.29e-05,2014-11-10T06:25:07.533,3.65e-05,3.315e-05,3.205e-05,BTC-XMG,303,2271,3.461e-05,2017-11-07T15:00:52.263,258086.25115905
186,0.01376995,1041.96088267,0.01370833,2014-06-04T07:38:39.24,0.014997,0.01376306,0.01244,BTC-XMR,1461,7116,0.01244,2017-11-07T15:02:13.623,75163.51982067
187,4.1e-07,22.75971983,4e-07,2014-03-15T08:00:00,4.5e-07,4e-07,3.7e-07,BTC-XMY,442,4809,3.6e-07,2017-11-07T15:01:38.53,55516160.08750031
188,2.889e-05,968.66978006,2.881e-05,2014-12-22T19:30:27.45,2.931e-05,2.889e-05,2.773e-05,BTC-XRP,2359,26465,2.792e-05,2017-11-07T15:02:12.657,33959439.76416071
189,2.346e-05,17.09185457,2.317e-05,2014-07-09T20:33:00.59,2.535e-05,2.34e-05,2.171e-05,BTC-XST,219,1345,2.242e-05,2017-11-07T15:02:02.827,722867.29907268
190,0.00012827,437.95831256,0.00012825,2016-03-12T19:37:38.863,0.00018694,0.00012825,0.000127,BTC-XVC,705,3004,0.00018,2017-11-07T15:02:09.28,2791551.98138487
191,1.05e-06,2200.84375264,1.04e-06,2016-02-17T22:42:03.61,1.31e-06,1.05e-06,9.5e-07,BTC-XVG,3278,16133,1.3e-06,2017-11-07T15:02:09.907,1971018738.96615
192,7.37e-06,31.1766863,7.21e-06,2014-04-14T00:00:00,8e-06,7.2e-06,6.86e-06,BTC-XWC,480,1429,7.73e-06,2017-11-07T15:02:10.123,4072754.91895443
193,0.002129,117.34216682,0.00212671,2016-10-20T04:48:30.387,0.00228,0.002129,0.002054,BTC-XZC,867,3689,0.00212094,2017-11-07T15:01:49.013,54190.35059939
194,0.00025185,18.56194142,0.00025,2016-11-15T20:29:59.73,0.000255,0.00024816,0.00023303,BTC-ZCL,214,5200,0.00023665,2017-11-07T15:02:08.5,76304.93563191
195,0.03326614,321.21589244,0.03300731,2016-10-28T17:13:10.833,0.03382818,0.03300722,0.0310983,BTC-ZEC,944,11352,0.03105077,2017-11-07T15:02:12.14,9865.04851313
196,0.00291,155.78100095,0.00290106,2017-06-05T16:39:49.07,0.0031,0.00290106,0.002819,BTC-ZEN,1699,4450,0.0029297,2017-11-07T15:02:06.967,53132.09337658
197,0.00124939,467.76299925,0.0012162,2017-06-11T17:33:06.127,0.00172,0.0012162,0.00103153,ETH-1ST,110,332,0.00108,2017-11-07T15:02:12.437,342773.29029846
198,6.655e-05,81.45787025,6.526e-05,2017-07-03T21:08:06.22,7.34e-05,6.501e-05,6.31e-05,ETH-ADT,68,536,6.34e-05,2017-11-07T15:02:05.297,1220231.44910124
199,0.00309654,620.82829932,0.00307821,2017-07-11T22:42:17.78,0.0033389,0.00305436,0.00289343,ETH-ADX,189,572,0.00294243,2017-11-07T15:02:08.39,198587.06497839
200,0.00375999,240.79204734,0.00370072,2017-05-19T15:55:11.293,0.00399681,0.00375999,0.00330006,ETH-ANT,85,413,0.00390003,2017-11-07T15:02:11.95,66579.12817797
201,0.00048698,155.56965468,0.00048188,2017-06-03T22:04:52.38,0.000487,0.00048698,0.00046003,ETH-BAT,183,1083,0.0004655,2017-11-07T15:00:48.81,328561.48591177
202,2.06999866,3017.89107714,2.0498517,2017-08-01T18:34:04.763,2.1878999,2.05,1.96000003,ETH-BCC,436,452,2.09999999,2017-11-07T15:02:12.67,1481.00658016
203,0.00640642,105.96590951,0.00628843,2017-06-22T21:36:30.867,0.00640899,0.00640763,0.00621213,ETH-BNT,67,411,0.00621003,2017-11-07T15:02:14.187,16917.84150782
204,0.0,26.34440146,0.0,2017-08-04T18:01:27.853,0.00017062,0.00015172,0.00013,ETH-BTS,74,212,0.00014932,2017-11-05T03:48:43.87,175120.1443082
205,0.00031239,165.69878473,0.00030444,2017-06-19T19:59:14.89,0.00037576,0.00030784,0.00029,ETH-CFI,104,434,0.00032319,2017-11-07T15:01:53.81,505534.8701412
206,0.00130452,172.90252109,0.00118567,2017-06-13T19:40:35.217,0.00164498,0.0013,0.0010229,ETH-CRB,57,178,0.00104351,2017-11-07T15:02:14.61,128246.23107182
207,0.00099269,390.80921735,0.00098342,2017-07-16T23:04:18.99,0.00099398,0.00099353,0.00092,ETH-CVC,185,1016,0.000951,2017-11-07T15:02:14.217,404990.23907743
208,0.9892716,395.34251521,0.974,2017-07-14T17:10:05.143,0.99999999,0.97958872,0.909009,ETH-DASH,134,222,0.91999959,2017-11-07T15:02:13.623,412.02752077
209,2.94e-05,132.29154092,2.877e-05,2017-08-04T18:01:27.777,2.952e-05,2.872e-05,2.754e-05,ETH-DGB,78,598,2.779e-05,2017-11-07T15:02:13.593,4568274.85780771
210,0.21999961,10.34452684,0.21307486,2016-06-17T18:51:39.087,0.21999993,0.21,0.20593881,ETH-DGD,65,196,0.20925303,2017-11-07T15:01:57.78,48.93775833
211,0.00013765,89.31060647,0.00013007,2017-08-04T02:09:02.887,0.0001463,0.00013006,0.00012835,ETH-DNT,62,373,0.00013647,2017-11-07T15:02:13.78,658137.98386172
212,0.04774327,892.40668817,0.04700001,2016-07-28T21:45:59.05,0.04903084,0.04774425,0.04615162,ETH-ETC,210,1023,0.0494,2017-11-07T15:02:14.61,18771.92319091
213,0.05687308,168.68584374,0.05534116,2017-08-04T18:01:27.853,0.05976,0.05498019,0.04755237,ETH-FCT,78,174,0.04728749,2017-11-07T15:02:13.187,3174.58194019
214,5.313e-05,117.28526488,5.224e-05,2017-07-04T18:45:47.143,5.443e-05,5.313e-05,4.7e-05,ETH-FUN,101,835,5.103e-05,2017-11-07T15:00:47.997,2271515.83190619
215,0.20844448,4.88571367,0.20491111,2017-04-30T18:42:52.17,0.2112,0.20846403,0.19999938,ETH-GNO,49,265,0.21086854,2017-11-07T14:56:58.51,23.95994987
216,0.00065357,587.99052863,0.00065101,2017-04-20T06:38:51.877,0.00066075,0.00065357,0.00061599,ETH-GNT,205,1431,0.00065109,2017-11-07T15:02:05.483,924131.69042186
217,0.00054318,253.67235924,0.00053652,2017-04-30T18:40:42.213,0.000634,0.00054318,0.0004512,ETH-GUP,68,219,0.00046393,2017-11-07T15:02:08,503716.09801088
218,0.0003338,75.70497994,0.0003116,2017-05-10T07:27:27.597,0.00033111,0.00033111,0.00028302,ETH-HMQ,64,293,0.00029449,2017-11-07T15:02:14.013,250702.42143553
219,0.0030973,187.79931529,0.00297778,2017-06-17T15:02:02.783,0.00356244,0.0030973,0.00276021,ETH-LGD,80,326,0.00334832,2017-11-07T15:02:14.513,61553.73257947
220,0.1984003,1008.4604959,0.19696302,2017-06-25T03:06:46.83,0.19998348,0.1984003,0.18100002,ETH-LTC,305,529,0.185,2017-11-07T15:01:25.547,5313.45616995
221,0.01715166,55.69112266,0.01681043,2017-04-30T18:41:22.84,0.01715166,0.01715166,0.01580807,ETH-LUN,60,282,0.01591477,2017-11-07T15:02:13.64,3413.27551718
222,4.397e-05,40.50933897,4.3e-05,2017-10-13T23:32:03.027,4.525e-05,4.3e-05,3.867e-05,ETH-MANA,70,224,3.803e-05,2017-11-07T14:58:21.213,973660.73303155
223,0.01989039,362.16771701,0.01968506,2017-07-02T00:37:17.05,0.02049996,0.01968506,0.019,ETH-MCO,183,1032,0.019994,2017-11-07T14:52:04.643,18492.07048124
224,0.01714239,141.44438588,0.01678758,2017-07-08T14:59:57.37,0.01799422,0.01713404,0.0160001,ETH-MTL,117,531,0.01632,2017-11-07T15:02:14.61,8382.23701694
225,0.00208112,3.35049134,0.00203021,2017-06-19T19:13:43.743,0.0021976,0.00206051,0.0020101,ETH-MYST,43,375,0.00219137,2017-11-07T14:58:36.683,1627.20707905
226,0.08999987,1532.5812062,0.08950014,2017-07-21T01:08:49.397,0.08999991,0.08999987,0.0862,ETH-NEO,917,1745,0.0884772,2017-11-07T15:02:14.217,17432.23316535
227,0.03731947,16.16403766,0.03728574,2017-06-22T21:58:57.657,0.03728574,0.03728574,0.03435706,ETH-NMR,98,426,0.03655436,2017-11-07T14:51:50.113,445.66531726
228,0.02176619,1759.80593062,0.02144087,2017-07-16T17:07:42.41,0.0225,0.02176716,0.02085,ETH-OMG,560,2131,0.02124479,2017-11-07T15:02:14.513,81042.33085082
229,0.00559909,707.56673101,0.00550013,2017-07-07T07:14:00.873,0.00575931,0.00559998,0.00520201,ETH-PAY,302,1677,0.00528,2017-11-07T15:02:12.39,130296.98447947
230,0.0005493,193.71185079,0.00053003,2017-06-18T17:04:24.147,0.00061394,0.00053001,0.00048652,ETH-PTOY,77,530,0.00052192,2017-11-07T15:02:14.56,354891.23875627
231,0.00205981,9.96053414,0.00202218,2017-06-11T17:33:06.14,0.00201927,0.002,0.00190001,ETH-QRL,89,196,0.00204259,2017-11-07T15:02:12.437,5026.68231775
232,0.03649559,1304.56785074,0.03585193,2017-07-20T19:08:43.473,0.03736976,0.03585089,0.034,ETH-QTUM,355,1016,0.0356,2017-11-07T15:02:13.623,36317.09849891
233,0.06094257,154.07746993,0.05874876,2017-04-20T06:43:49.19,0.06869237,0.0609572,0.05519379,ETH-REP,105,176,0.05552946,2017-11-07T15:02:14.03,2631.65695456
234,0.00182937,29.574392,0.001775,2017-04-30T18:41:22.823,0.00186341,0.00177126,0.00175,ETH-RLC,65,283,0.0018589,2017-11-07T15:01:56.093,16228.24989297
235,0.01,977.89281793,0.00996318,2017-10-16T17:32:48.84,0.01042752,0.01,0.00900744,ETH-SALT,101,196,0.01009457,2017-11-07T15:02:12.95,101355.44942989
236,1.271e-05,146.39963109,1.26e-05,2017-07-14T17:10:07.74,1.285e-05,1.26e-05,1.149e-05,ETH-SC,142,1170,1.174e-05,2017-11-07T15:00:47.34,12007826.18041916
237,0.00062999,1319.08006337,0.0006256,2017-04-30T18:41:22.853,0.00086196,0.00062999,0.000504,ETH-SNGLS,178,202,0.00053414,2017-11-07T15:01:22.013,1949094.06644453
238,0.00010299,267.6226903,0.0001001,2017-06-28T18:26:15.747,0.00010317,0.00010299,9.702e-05,ETH-SNT,173,1043,0.00010159,2017-11-07T15:02:11.593,2664183.39654407
239,0.00178246,124.63521291,0.0017709,2017-07-11T21:14:32.643,0.00178,0.00178,0.00155,ETH-STORJ,128,439,0.00162,2017-11-07T14:57:47.667,76340.92718228
240,0.0103459,245.24052843,0.01010179,2017-08-04T18:01:27.713,0.01047204,0.01035644,0.00985906,ETH-STRAT,233,1177,0.01032496,2017-11-07T15:02:12.61,24226.59502484
241,0.08213298,6.09313182,0.07877213,2017-06-23T18:01:03.323,0.07838918,0.07838918,0.0766623,ETH-TIME,70,135,0.07834608,2017-11-07T15:02:14.513,77.88982641
242,0.00060496,51.05298749,0.00058964,2017-10-25T21:01:08.287,0.000635,0.000605,0.00058002,ETH-TIX,38,311,0.00061193,2017-11-07T15:02:10.967,83583.53388777
243,0.00364992,41.23212692,0.00353001,2017-05-09T04:43:46.723,0.0038783,0.00364992,0.00335111,ETH-TKN,63,492,0.00364099,2017-11-07T15:02:13.513,11397.20937904
244,0.00083715,67.84091695,0.00081198,2017-05-19T15:55:11.28,0.000882,0.000815,0.000802,ETH-TRST,74,210,0.00083,2017-11-07T15:01:23.75,81453.15694201
245,0.0128447,262.59479835,0.01280004,2017-08-04T18:00:50.15,0.01280005,0.01280005,0.0111,ETH-WAVES,187,450,0.01199999,2017-11-07T14:57:19.603,22004.52680578
246,0.00126518,68.96820082,0.001252,2017-04-26T22:16:06.627,0.00129513,0.00123944,0.00123944,ETH-WINGS,47,319,0.00129125,2017-11-07T14:58:50.247,54656.60139152
247,0.00062099,576.81503701,0.00061304,2017-07-21T01:08:49.38,0.00063419,0.000619,0.00057261,ETH-XEM,142,551,0.00061745,2017-11-07T15:02:14.56,943136.07269128
248,0.00010774,716.10330982,0.00010603,2017-07-21T01:08:49.38,0.00011195,0.000106,9e-05,ETH-XLM,231,428,9.212e-05,2017-11-07T15:02:12.61,6868041.24174879
249,0.33433899,881.6071696,0.33210001,2017-07-21T01:08:49.367,0.34985,0.3321,0.30155102,ETH-XMR,152,267,0.30104782,2017-11-07T15:02:12.577,2665.7310441
250,0.00070136,697.28023899,0.00069612,2017-06-25T03:07:09.677,0.00070135,0.0007013,0.000666,ETH-XRP,456,836,0.00067807,2017-11-07T15:02:14.467,1023540.68747585
251,0.805,488.69532108,0.7993002,2017-07-14T17:10:07.8,0.807,0.7993,0.75149496,ETH-ZEC,262,525,0.75939371,2017-11-07T15:02:14.56,627.84825691
252,590.1,5228832.73678078,588.50000059,2017-08-01T18:34:04.873,648.99999805,590.1,585.012,USDT-BCC,1271,2116,629.8,2017-11-07T15:02:14.64,8607.16775743
253,6984.0,42119561.73448375,6976.1,2015-12-11T06:31:40.633,7285.89999999,6984.0,6923.0,USDT-BTC,9550,4019,7273.0,2017-11-07T15:02:03.81,5959.25403851
254,282.99999943,1030769.55107965,280.1,2017-07-21T01:08:49.413,301.61904399,282.99999993,272.1632695,USDT-DASH,415,1044,274.00000001,2017-11-07T15:02:12.11,3589.17193639
255,13.55000001,2393798.37534423,13.55,2017-07-14T17:10:10.72,14.72,13.55,13.55,USDT-ETC,609,2160,14.7077025,2017-11-07T15:01:52.56,169092.39079673
256,287.80185,4459272.81750398,287.58,2017-04-20T17:26:37.647,304.04122641,287.58,285.00000001,USDT-ETH,1664,4270,298.95317364,2017-11-07T15:01:43.28,15071.78027486
257,57.0,1750922.44158838,56.7,2017-07-14T17:10:10.72,58.68,57.0,54.28713508,USDT-LTC,929,2471,55.42,2017-11-07T15:02:03.06,31037.59156981
258,25.93702494,1396712.14928989,25.85000002,2017-08-04T16:58:43.087,26.5799999,25.93702494,25.5,USDT-NEO,1314,5029,26.49998999,2017-11-07T15:00:34.073,53501.43820743
259,6.25492385,973304.60363264,6.22,2017-09-15T23:49:44.83,6.6999,6.27999997,6.2,USDT-OMG,906,4768,6.3727765,2017-11-07T15:02:13.623,149795.25884432
260,96.50342409,2238243.50980002,95.3,2017-07-21T01:08:49.397,104.5,96.05789969,90.5,USDT-XMR,505,903,90.5,2017-11-07T15:02:13.64,22759.38719342
261,0.20248821,625473.59543822,0.20100005,2017-07-14T17:10:10.737,0.206,0.202,0.19934411,USDT-XRP,1157,4267,0.20402576,2017-11-07T15:02:13.343,3087652.50021044
262,231.0,456070.35136097,230.70000001,2017-07-14T17:10:10.673,235.99999955,231.0,226.0,USDT-ZEC,726,2858,226.37002906,2017-11-07T15:01:57.797,1973.53869276
263,2.186e-05,1643.11386467,2.185e-05,2017-11-07T07:59:10.913,0.0002001,2.186e-05,1.7e-05,BTC-RCN,668,2047,0.0002,2017-11-07T15:02:12.657,74519277.41052406
264,0.0005278,2802.62962394,0.00052328,2017-11-07T07:59:10.93,0.00089,0.00052263,0.00025124,ETH-RCN,128,232,0.00089,2017-11-07T15:02:14.483,5335264.21679096
