,Ask,BaseVolume,Bid,Created,High,Last,Low,MarketName,OpenBuyOrders,OpenSellOrders,PrevDay,TimeStamp,Volume
0,5.07e-05,570.4813833,5.007e-05,2017-06-06T01:22:35.727,7.245e-05,5.012e-05,4.402e-05,BTC-1ST,284,5804,4.5e-05,2017-11-07T15:00:59.747,9841505.75144332
1,8.7e-07,28.03830205,8.5e-07,2016-05-16T06:44:15.287,9.9e-07,8.7e-07,7.9e-07,BTC-2GIVE,320,2262,8.1e-07,2017-11-07T15:00:32.98,31945081.77319185
2,8.5e-07,17.36921175,8.3e-07,2014-10-31T01:43:25.743,9.9e-07,8.5e-07,8e-07,BTC-ABY,269,4896,8.6e-07,2017-11-07T14:56:00.99,19721920.1001309
3,3.12e-06,584.09973747,3.11e-06,2017-09-29T07:01:58.873,3.35e-06,3.12e-06,2.94e-06,BTC-ADA,1589,9316,2.97e-06,2017-11-07T15:00:59.92,185675640.68633223
4,2.72e-06,22.88105514,2.68e-06,2017-07-03T21:08:06.11,2.99e-06,2.67e-06,2.61e-06,BTC-ADT,158,3149,2.65e-06,2017-11-07T14:59:31.653,8169090.22830189
5,0.00012674,535.87623643,0.00012666,2017-07-11T22:42:17.78,0.0001429,0.00012674,0.00011993,BTC-ADX,702,8806,0.00012147,2017-11-07T15:01:13.89,4072606.86396025
6,0.000215,15.99605745,0.00021322,2015-07-31T00:50:47.11,0.00021999,0.00021322,0.00019103,BTC-AEON,253,2143,0.00020235,2017-11-07T14:50:52.893,76514.48002476
7,5.031e-05,2.89637357,4.953e-05,2015-11-10T00:53:59.643,5.117e-05,4.953e-05,4.74e-05,BTC-AGRS,201,2517,4.695e-05,2017-11-07T15:01:11.437,58709.78031104
8,2.1e-05,22.81447396,2.07e-05,2015-11-03T19:13:55.18,2.176e-05,2.088e-05,1.951e-05,BTC-AMP,157,5690,2.055e-05,2017-11-07T15:00:47.623,1098302.37096303
9,0.00015664,49.14750875,0.00015395,2017-05-17T19:54:30.143,0.00016761,0.00015395,0.00014116,BTC-ANT,194,4286,0.00015907,2017-11-07T15:00:53.903,323676.66663739
10,0.00076813,2.85582655,0.00074634,2017-05-02T06:26:32.897,0.00076874,0.00076871,0.000725,BTC-APX,187,1877,0.000751,2017-11-07T15:01:10.013,3813.419263
11,2.815e-05,43.33769885,2.782e-05,2016-10-13T18:59:37.407,2.905e-05,2.815e-05,2.669e-05,BTC-ARDR,461,4258,2.688e-05,2017-11-07T15:01:07.56,1538178.75031312
12,0.00036606,288.3525624,0.00036046,2017-03-21T18:11:29.347,0.000378,0.00036606,0.00033723,BTC-ARK,2088,9717,0.0003386,2017-11-07T15:01:13.793,799856.43958856
13,8.645e-05,2.00184048,8.51e-05,2014-03-16T22:00:00,8.777e-05,8.51e-05,8.5e-05,BTC-AUR,108,1586,8.711e-05,2017-11-07T15:01:10.623,23303.91821529
14,1.998e-05,99.77686777,1.977e-05,2017-06-03T22:04:53.82,2.05e-05,1.98e-05,1.91e-05,BTC-BAT,657,12933,1.922e-05,2017-11-07T15:01:13.39,5004139.95328908
15,3.99e-06,118.81545504,3.93e-06,2014-11-18T17:34:21.083,4.89e-06,3.99e-06,3.11e-06,BTC-BAY,287,3916,3.28e-06,2017-11-07T15:01:10.623,28790719.67642932
16,0.0849149,2118.05931861,0.08465001,2017-08-01T18:34:04.967,0.08999999,0.0849149,0.083959,BTC-BCC,3316,12104,0.08679957,2017-11-07T15:01:00.28,24638.29745137
17,4.798e-05,10.86378255,4.59e-05,2015-09-10T05:28:20.787,4.799e-05,4.584e-05,4.145e-05,BTC-BCY,134,2891,4.206e-05,2017-11-07T15:01:13.903,246529.77909674
18,3.9e-07,9.15218705,3.8e-07,2015-02-15T23:07:32.777,3.9e-07,3.9e-07,3.6e-07,BTC-BITB,517,5120,3.5e-07,2017-11-07T14:59:12.277,24252656.79615244
19,0.00012127,5.75698631,0.0001177,2014-11-13T20:20:21.443,0.00012586,0.00012127,0.00011603,BTC-BLITZ,139,2612,0.00011559,2017-11-07T15:01:12.187,47712.20568292
20,3.033e-05,20.97170422,3.022e-05,2014-03-14T09:00:00,3.285e-05,3.022e-05,2.916e-05,BTC-BLK,194,4604,3.014e-05,2017-11-07T15:01:10.75,674322.26272303
21,0.00288791,27.39664577,0.00286,2014-10-29T06:45:03.97,0.00299999,0.00286,0.00246868,BTC-BLOCK,266,1530,0.00251214,2017-11-07T14:59:57.933,9813.23761208
22,0.00026171,10.66383365,0.00026083,2017-06-22T21:36:30.85,0.00027499,0.00026083,0.00025388,BTC-BNT,138,3314,0.000259,2017-11-07T14:59:23.62,40401.9697731
23,2.095e-05,4.16439294,2.052e-05,2016-06-13T02:27:33.34,2.252e-05,2.095e-05,2.026e-05,BTC-BRK,126,2200,2.055e-05,2017-11-07T15:01:04.2,194299.64893162
24,6.962e-05,17.24968024,6.824e-05,2016-07-10T21:25:05.127,7.207e-05,6.838e-05,6.251e-05,BTC-BRX,140,2037,7.011e-05,2017-11-07T15:01:10.34,256392.14259748
25,8.214e-05,7.66280205,8.145e-05,2016-02-17T00:54:23.677,8.6e-05,8.214e-05,8.078e-05,BTC-BSD,186,2036,8.291e-05,2017-11-07T15:01:09.39,91618.90526874
26,0.01761979,8.26337941,0.01761959,2014-07-14T06:05:04.567,0.01790817,0.01761959,0.01593002,BTC-BTCD,168,713,0.01720817,2017-11-07T15:01:01.997,481.0812116
27,0.0,63.85828478,0.0,2014-11-24T08:18:16.53,9.98e-06,8.86e-06,8.44e-06,BTC-BTS,229,4558,8.63e-06,2017-11-05T03:45:21.24,6871090.19001538
28,8.4e-07,14.24611007,8.3e-07,2014-09-16T07:41:56.047,8.8e-07,8.3e-07,7.5e-07,BTC-BURST,316,6355,7.8e-07,2017-11-07T15:00:56.84,17564561.5747561
29,0.000121,42.2410395,0.00012,2014-11-03T19:02:45.96,0.00012722,0.000121,7.455e-05,BTC-BYC,215,1114,7.6e-05,2017-11-07T15:01:09.937,430407.74242757
30,3.71e-06,24.65038915,3.7e-06,2014-08-10T06:48:44.83,4.49e-06,3.71e-06,3.58e-06,BTC-CANN,255,6245,3.96e-06,2017-11-07T14:59:53.76,6127599.60491548
31,1.28e-05,104.88070742,1.279e-05,2017-06-19T19:59:14.78,1.589e-05,1.279e-05,1.204e-05,BTC-CFI,242,5376,1.308e-05,2017-11-07T15:01:07.84,7487520.9682154
32,0.00068974,7.35162747,0.00068002,2015-04-18T22:04:25.183,0.00072071,0.00068967,0.00064184,BTC-CLAM,241,1467,0.00064903,2017-11-07T15:01:05.653,10679.59294207
33,0.00069527,19.52019599,0.00068188,2014-06-04T08:53:18.563,0.0007666,0.00069528,0.00060111,BTC-CLOAK,304,2836,0.0006536,2017-11-07T15:01:13.89,28729.20069691
34,0.0002181,62.71908315,0.00021748,2015-12-18T00:30:10.31,0.00021878,0.0002181,0.0001996,BTC-CLUB,406,1823,0.00020127,2017-11-07T15:00:03.357,299683.10604218
35,6.9e-07,11.46534656,6.7e-07,2015-01-22T19:11:45.903,7.1e-07,6.7e-07,6.4e-07,BTC-COVAL,299,4722,6.6e-07,2017-11-07T14:59:17.683,16803989.15731294
36,5.324e-05,18.6424886,5.322e-05,2015-07-25T06:30:32.53,6.187e-05,5.324e-05,5.2e-05,BTC-CPC,117,2772,5.883e-05,2017-11-07T15:01:07.623,330457.66150738
37,4.943e-05,228.22779763,4.9e-05,2017-06-13T19:40:35.203,6.999e-05,4.943e-05,4.252e-05,BTC-CRB,103,2982,4.215e-05,2017-11-07T15:01:13.81,3760998.6743995
38,0.0001955,14.15928214,0.00018974,2017-03-06T21:10:15.663,0.00020631,0.00019553,0.0001883,BTC-CRW,178,1708,0.00020115,2017-11-07T15:01:12.153,72233.40442302
39,4.44e-05,88.70997979,4.37e-05,2014-05-13T09:00:00,6.146e-05,4.44e-05,4.23e-05,BTC-CURE,321,2204,5.809e-05,2017-11-07T14:59:26.31,1672724.47312839
40,4.046e-05,139.95163701,4.045e-05,2017-07-16T23:04:18.867,4.18e-05,4.047e-05,3.905e-05,BTC-CVC,886,12012,3.921e-05,2017-11-07T15:00:18.497,3456072.55975648
41,0.04029991,506.58391298,0.04025006,2014-03-11T08:00:00,0.0421155,0.04025006,0.03759549,BTC-DASH,1211,6068,0.03759549,2017-11-07T15:00:43.357,12614.48808866
42,0.00400999,50.19170439,0.00400594,2016-02-09T21:06:51.577,0.0042,0.00401262,0.00379997,BTC-DCR,523,4639,0.00379999,2017-11-07T14:59:33.51,12434.89520402
43,6.015e-05,12.27988601,5.921e-05,2017-06-30T16:35:24.643,6.298e-05,6.015e-05,5.694e-05,BTC-DCT,153,4810,5.849e-05,2017-11-07T15:00:54.967,205979.7189594
44,1.2e-06,238.83108035,1.19e-06,2014-08-20T07:09:57.207,1.27e-06,1.19e-06,1.15e-06,BTC-DGB,967,25419,1.17e-06,2017-11-07T15:01:13,197640311.07317936
45,0.00898019,5.54605452,0.00898008,2016-06-14T16:25:12.063,0.00916,0.00898008,0.00856101,BTC-DGD,153,1099,0.00879498,2017-11-07T14:52:33.643,621.68607828
46,0.00132997,36.97197104,0.00128276,2015-05-01T17:31:24.97,0.00144435,0.00128276,0.00089003,BTC-DMD,351,1646,0.00091857,2017-11-07T15:01:12.687,32759.19377363
47,5.42e-06,29.34070909,5.32e-06,2017-08-04T02:09:02.873,5.95e-06,5.42e-06,5.28e-06,BTC-DNT,152,1963,5.68e-06,2017-11-07T15:01:03.013,5172390.23806197
48,1.7e-07,30.80650911,1.6e-07,2014-02-13T00:00:00,1.7e-07,1.6e-07,1.5e-07,BTC-DOGE,1636,18032,1.6e-07,2017-11-07T15:00:00.59,187971675.7237336
49,3.02e-06,33.66847934,3e-06,2014-10-17T19:09:32.6,3.88e-06,2.94e-06,2.83e-06,BTC-DOPE,287,3390,3.39e-06,2017-11-07T15:00:23.153,10439063.76526371
50,5.921e-05,8.26736026,5.92e-05,2017-04-01T04:06:13.887,6.366e-05,5.921e-05,5.302e-05,BTC-DTB,148,3066,5.583e-05,2017-11-07T14:53:44.363,142842.030304
51,0.000433,1.65457406,0.00042526,2017-03-23T00:10:19.403,0.0004499,0.00042526,0.000418,BTC-DYN,155,922,0.00041897,2017-11-07T15:01:00.967,3835.54170511
52,1.492e-05,7.3671907,1.466e-05,2016-09-15T15:47:38.92,1.541e-05,1.468e-05,1.425e-05,BTC-EBST,152,4421,1.47e-05,2017-11-07T15:01:12.67,495441.12227417
53,7.7e-05,40.29043721,7.688e-05,2017-04-18T00:56:59.243,7.799e-05,7.7e-05,7.153e-05,BTC-EDG,319,6209,7.385e-05,2017-11-07T15:00:22.497,537728.83304106
54,1.725e-05,1.54838144,1.698e-05,2014-03-20T20:00:00,1.75e-05,1.723e-05,1.621e-05,BTC-EFL,129,1581,1.621e-05,2017-11-07T15:00:54.153,92532.7969353
55,3.17e-05,4.13220253,3.157e-05,2016-01-18T21:01:43.837,3.2e-05,3.17e-05,2.991e-05,BTC-EGC,258,2896,3.138e-05,2017-11-07T14:57:31.977,133661.23834447
56,8.791e-05,73.58084242,8.61e-05,2016-01-06T05:28:04.553,0.00010274,8.61e-05,8.307e-05,BTC-EMC,251,3105,8.551e-05,2017-11-07T15:01:13.217,795590.99192471
57,9.13e-06,114.83880122,9.11e-06,2014-12-24T00:00:00,9.83e-06,9.11e-06,8.28e-06,BTC-EMC2,342,7060,8.44e-06,2017-11-07T15:01:13.327,12850896.65754782
58,1.787e-05,29.3345833,1.785e-05,2014-05-04T00:00:00,2.025e-05,1.785e-05,1.477e-05,BTC-ENRG,258,2281,1.516e-05,2017-11-07T15:00:56.95,1656605.82593595
59,7.375e-05,154.88818993,7.35e-05,2014-05-10T17:00:00,0.0001125,7.375e-05,5.95e-05,BTC-ERC,207,1941,6.083e-05,2017-11-07T15:01:11.873,1769121.54069813
60,0.0019335,573.0204538,0.00193253,2016-07-26T18:10:22.82,0.00206832,0.00193253,0.0019201,BTC-ETC,1084,8241,0.00202905,2017-11-07T15:01:09.793,286639.20409867
61,0.04132492,2879.80047181,0.04129,2015-08-14T09:02:24.817,0.04340655,0.04132492,0.04021202,BTC-ETH,3829,19965,0.041015,2017-11-07T15:01:11.327,68495.77431995
62,0.00017249,7.40595488,0.00017025,2014-09-28T20:33:27.633,0.00020025,0.00017249,0.00016702,BTC-EXCL,204,1515,0.0002,2017-11-07T15:01:10.437,41041.65830745
63,0.00025574,45.85894251,0.00025034,2015-09-16T17:10:15.253,0.00029499,0.00025002,0.00023995,BTC-EXP,184,4155,0.00023995,2017-11-07T15:01:12.623,173703.31185977
64,0.00011999,1.66539453,0.00011801,2014-12-12T19:51:07.703,0.000124,0.000118,0.00011504,BTC-FAIR,184,929,0.000123,2017-11-07T14:56:14.65,13698.26753617
65,0.00232294,193.19009648,0.00231092,2016-01-09T03:47:07.803,0.00246935,0.00231092,0.00199279,BTC-FCT,584,3936,0.001991,2017-11-07T15:01:05.7,86169.46202817
66,1.48e-06,13.08043059,1.47e-06,2015-02-23T23:01:53.92,1.57e-06,1.48e-06,1.44e-06,BTC-FLDC,292,3724,1.48e-06,2017-11-07T14:59:51.23,8709769.42260588
67,1.263e-05,13.46776027,1.23e-05,2015-03-11T05:43:30.193,1.272e-05,1.215e-05,1.052e-05,BTC-FLO,193,2396,1.055e-05,2017-11-07T15:01:11.293,1176391.72670919
68,1.652e-05,135.22243072,1.611e-05,2014-02-13T00:00:00,1.702e-05,1.598e-05,1.345e-05,BTC-FTC,923,5244,1.657e-05,2017-11-07T15:01:11.857,8666168.12853528
69,2.22e-06,107.43886043,2.2e-06,2017-07-04T18:45:47.13,2.3e-06,2.21e-06,1.96e-06,BTC-FUN,267,6205,2.09e-06,2017-11-07T15:01:02.373,49183730.96811937
70,0.00101889,1.40669728,0.00099537,2015-05-05T22:38:44.963,0.0010189,0.00101889,0.00093348,BTC-GAM,109,826,0.00095202,2017-11-07T15:01:11.92,1424.49595034
71,0.000235,66.12557652,0.000232,2015-04-08T04:09:53.013,0.00024778,0.000235,0.00022714,BTC-GAME,252,5383,0.00022804,2017-11-07T15:01:06.373,280418.1199814
72,1.539e-05,22.0813673,1.53e-05,2017-02-12T00:38:21.023,1.7e-05,1.53e-05,1.44e-05,BTC-GBG,169,2923,1.446e-05,2017-11-07T14:58:57.06,1383539.51406802
73,0.02334225,87.71961887,0.02307818,2017-04-13T20:46:39.83,0.0253,0.02307818,0.02070022,BTC-GBYTE,346,3564,0.02112703,2017-11-07T15:01:02.437,3727.11951731
74,6.78e-06,21.7650536,6.77e-06,2015-08-24T00:25:28.933,8.24e-06,6.78e-06,6.46e-06,BTC-GCR,90,3986,6.6e-06,2017-11-07T14:52:20.02,2927871.00385027
75,0.00014115,8.02855195,0.00013905,2015-02-21T03:29:43.267,0.00014905,0.00013904,0.00013503,BTC-GEO,312,2674,0.00013943,2017-11-07T15:01:08.967,56764.8474296
76,2.129e-05,4.76597773,2.073e-05,2014-03-22T16:00:00,2.152e-05,2.129e-05,1.919e-05,BTC-GLD,275,2196,1.99e-05,2017-11-07T15:01:08.233,235510.67758823
77,0.00862171,10.19053433,0.00850005,2017-04-28T02:43:12,0.0087571,0.00862397,0.00837988,BTC-GNO,159,2286,0.00833374,2017-11-07T15:01:10.123,1187.70844818
78,2.698e-05,108.8707969,2.678e-05,2017-04-17T21:35:59.26,2.791e-05,2.676e-05,2.567e-05,BTC-GNT,488,10612,2.676e-05,2017-11-07T15:00:28.98,4054581.32945926
79,1.631e-05,6.45985886,1.612e-05,2017-01-19T23:23:12.41,1.658e-05,1.612e-05,1.54e-05,BTC-GOLOS,193,2138,1.556e-05,2017-11-07T15:00:36.857,404648.80837146
80,5.53e-06,7.86705036,5.46e-06,2015-02-27T19:57:02.82,5.66e-06,5.46e-06,5.08e-06,BTC-GRC,234,3593,5.19e-06,2017-11-07T15:01:00.607,1457665.37072985
81,9.25e-05,1220.40708696,9.146e-05,2014-04-03T05:00:00,0.0001085,9.145e-05,8.7e-05,BTC-GRS,1763,5223,9.52e-05,2017-11-07T15:01:13.42,12478520.15061596
82,2.248e-05,89.9332714,2.233e-05,2017-04-29T18:08:12.39,2.711e-05,2.248e-05,1.868e-05,BTC-GUP,216,3613,1.915e-05,2017-11-07T15:01:12.03,4043818.13438832
83,1.354e-05,37.40282219,1.306e-05,2017-05-10T00:02:47.373,1.395e-05,1.305e-05,1.2e-05,BTC-HMQ,194,3977,1.2e-05,2017-11-07T15:01:13.373,2877658.84107315
84,2.142e-05,3.08929863,2.141e-05,2017-04-04T21:20:51.083,2.209e-05,2.142e-05,2.093e-05,BTC-INCNT,129,2709,2.182e-05,2017-11-07T05:43:44.113,142340.20175623
85,9.462e-05,3.75336743,9.109e-05,2015-10-03T20:41:41.403,9.535e-05,9.109e-05,8.904e-05,BTC-INFX,179,1548,8.902e-05,2017-11-07T14:59:41.167,40578.39414079
86,0.00035683,101.37988353,0.00035179,2014-07-29T16:57:43.787,0.0004897,0.00035178,0.0003,BTC-IOC,218,1940,0.00031176,2017-11-07T15:01:07.84,254019.76050338
87,0.00015,6.19719668,0.00014764,2017-02-18T23:41:17.04,0.000152,0.00015,0.00014226,BTC-ION,193,2179,0.00015157,2017-11-07T15:01:11.903,41842.26372233
88,0.00031728,56.67653146,0.00031342,2016-12-22T00:54:23.477,0.00033399,0.00031674,0.00029,BTC-IOP,348,5662,0.00030967,2017-11-07T14:58:52.45,178564.42678155
89,0.00038415,558.14567231,0.00038394,2017-02-11T23:04:01.853,0.00040898,0.00038415,0.00036,BTC-KMD,1577,6567,0.00037385,2017-11-07T15:01:13.403,1455957.24110757
90,0.0005112,20.47583978,0.00050915,2014-06-17T05:46:29.303,0.00053644,0.000511,0.000475,BTC-KORE,274,2425,0.0005002,2017-11-07T15:01:10.043,40343.45589475
91,2.16e-05,31.78794837,2.153e-05,2016-07-05T21:50:07.81,2.219e-05,2.154e-05,1.96e-05,BTC-LBC,384,8893,1.999e-05,2017-11-07T15:01:03.717,1487912.97144473
92,0.00012857,122.10552426,0.0001268,2017-04-18T07:37:41.3,0.00014325,0.00012662,0.00011561,BTC-LGD,320,5375,0.00013777,2017-11-07T15:01:12.25,929394.99641579
93,6.27e-06,19.59425015,6.23e-06,2017-02-18T23:55:53.153,6.44e-06,6.22e-06,6.06e-06,BTC-LMC,203,5455,6.4e-06,2017-11-07T15:00:09.823,3162702.97267328
94,0.00068747,352.10093296,0.00068276,2016-05-24T18:49:52.77,0.0007,0.00068276,0.00062458,BTC-LSK,1713,8405,0.0006298,2017-11-07T15:00:45.903,533798.25194753
95,0.00814186,1128.40672214,0.0081373,2014-02-13T00:00:00,0.0083,0.00814186,0.0076,BTC-LTC,2227,13144,0.00761209,2017-11-07T15:01:12.967,142985.72321713
96,0.00070507,10.88801096,0.00069487,2017-04-30T16:57:03.27,0.00072739,0.00069488,0.00065,BTC-LUN,164,4098,0.00065,2017-11-07T15:01:09.75,15732.95997137
97,5.418e-05,52.78770078,5.321e-05,2016-01-18T20:38:22.707,5.5e-05,5.387e-05,4.603e-05,BTC-MAID,339,3899,4.711e-05,2017-11-07T15:01:13.28,1041709.95125269
98,1.81e-06,17.14021785,1.78e-06,2017-10-13T23:32:02.993,1.85e-06,1.78e-06,1.59e-06,BTC-MANA,170,2479,1.61e-06,2017-11-07T14:53:54.317,9879035.83769081
99,0.00082394,225.34248265,0.00082,2017-07-02T00:37:16.957,0.00086821,0.00082,0.00078754,BTC-MCO,496,10141,0.0007965,2017-11-07T15:01:03.967,271150.22994643
100,3.25e-05,389.54620121,3.237e-05,2016-04-01T18:24:07.207,4.34e-05,3.25e-05,2.843e-05,BTC-MEME,324,1785,3.748e-05,2017-11-07T15:00:17.217,10758781.48538011
101,0.00818181,13.85555509,0.00793035,2017-03-15T19:30:56.167,0.00864404,0.00792701,0.00762766,BTC-MLN,106,1496,0.00865097,2017-11-07T15:01:09.75,1717.51692216
102,0.00037158,59.34194689,0.00037,2014-04-18T22:00:00,0.00038239,0.00037,0.000362,BTC-MONA,461,3829,0.00037439,2017-11-07T15:00:59.467,160264.94055897
103,0.00071059,194.91176706,0.00070318,2017-07-08T14:59:57.34,0.00077616,0.00070319,0.00067144,BTC-MTL,541,6208,0.0006715,2017-11-07T15:01:12.95,271321.73235299
104,1.479e-05,14.22400057,1.463e-05,2015-04-09T17:31:31.113,1.65e-05,1.463e-05,1.401e-05,BTC-MUE,230,3075,1.405e-05,2017-11-07T15:00:54.327,956319.85111704
105,2e-06,36.68775663,1.97e-06,2017-03-27T19:59:13.073,2.52e-06,1.97e-06,1.86e-06,BTC-MUSIC,284,9381,1.86e-06,2017-11-07T15:00:26.277,17496326.59053173
106,8.502e-05,4.16527362,8.5e-05,2017-06-19T19:13:43.73,8.84e-05,8.502e-05,8.5e-05,BTC-MYST,162,3693,8.628e-05,2017-11-07T15:00:24.823,48562.63185368
107,0.00010807,78.60771216,0.00010729,2014-07-08T03:37:28.39,0.00011375,0.00010807,0.00010544,BTC-NAV,552,5197,0.00010501,2017-11-07T15:01:05.577,715930.46000009
108,0.00014124,24.48245336,0.00013986,2015-04-08T03:57:37.33,0.000144,0.00014158,0.00013634,BTC-NBT,45,1774,0.0001365,2017-11-07T14:54:53.74,174575.99964033
109,0.00372103,1132.61052669,0.00372095,2016-10-26T01:28:31.96,0.00382043,0.00372095,0.0036003,BTC-NEO,4825,27785,0.0036249,2017-11-07T15:01:12.043,306007.83849262
110,0.00032966,7.11027919,0.000328,2014-08-20T00:06:59.63,0.00034504,0.00032972,0.00031456,BTC-NEOS,265,2031,0.00034504,2017-11-07T14:58:52.387,21869.66313717
111,1.369e-05,27.01415254,1.359e-05,2014-04-04T22:00:00,1.419e-05,1.355e-05,1.196e-05,BTC-NLG,274,3293,1.223e-05,2017-11-07T15:01:09.53,2043751.61530356
112,0.00154114,15.68692958,0.00150006,2017-06-22T21:58:57.657,0.0016,0.00154091,0.00147258,BTC-NMR,148,4353,0.00149,2017-11-07T15:01:11.7,10292.8333669
113,2.725e-05,20.13723361,2.694e-05,2017-04-17T22:51:08.97,2.929e-05,2.725e-05,2.557e-05,BTC-NXC,103,3813,2.753e-05,2017-11-07T14:58:17.947,729792.85505617
114,0.00013654,24.26989844,0.00013612,2015-01-25T03:00:35.143,0.0001419,0.00013654,0.00012577,BTC-NXS,526,4201,0.00012577,2017-11-07T15:00:02.06,179008.93273019
115,8.23e-06,44.60428732,8.16e-06,2014-03-03T09:00:00,8.27e-06,8.23e-06,7.85e-06,BTC-NXT,354,8430,7.93e-06,2017-11-07T14:57:51.48,5506878.93369572
116,3.507e-05,142.37676812,3.48e-05,2015-05-30T19:26:37.523,3.749e-05,3.508e-05,3.437e-05,BTC-OK,981,10319,3.438e-05,2017-11-07T15:01:13.357,3990285.37133894
117,0.0008935,949.55452878,0.0008925,2017-07-16T17:07:42.313,0.00096103,0.0008925,0.00086706,BTC-OMG,2386,17601,0.00087,2017-11-07T15:00:47.497,1032837.61350246
118,0.00334784,12.34340486,0.00330186,2015-11-03T19:13:33.197,0.00335788,0.00334784,0.00296994,BTC-OMNI,323,2316,0.00297005,2017-11-07T15:00:47.497,3879.73811498
119,0.001195,28.32769005,0.00119488,2017-07-20T18:19:07.157,0.00124999,0.001195,0.00111,BTC-PART,271,1902,0.00112079,2017-11-07T14:59:09.607,23935.60925826
120,0.00022823,238.59479367,0.00022671,2017-07-07T07:14:00.793,0.00024348,0.00022682,0.0002166,BTC-PAY,965,14493,0.000217,2017-11-07T15:00:18.387,1037716.55840406
121,1.719e-05,10.39249001,1.718e-05,2016-06-02T04:39:35.21,1.72e-05,1.718e-05,1.435e-05,BTC-PDC,191,2437,1.466e-05,2017-11-07T15:00:50.793,647360.52784322
122,3.27e-06,34.97802641,3.25e-06,2014-07-29T07:41:09.4,3.53e-06,3.27e-06,3e-06,BTC-PINK,252,2928,3.4e-06,2017-11-07T14:57:53.853,10535410.45498718
123,0.00040572,177.38468218,0.00040202,2016-03-02T20:45:37.987,0.00043598,0.00040202,0.000395,BTC-PIVX,864,6510,0.00043351,2017-11-07T15:01:11.28,432987.17093778
124,7.108e-05,26.79689566,6.907e-05,2015-06-03T06:31:14.35,7.864e-05,6.904e-05,6.65e-05,BTC-PKB,322,2561,7.056e-05,2017-11-07T15:01:11.857,374550.39077585
125,1.814e-05,1052.15809622,1.813e-05,2014-03-11T08:00:00,2.692e-05,1.814e-05,1.77e-05,BTC-POT,789,4146,2.38e-05,2017-11-07T15:00:53.403,47540148.38508356
126,0.00018987,5.29424448,0.00018723,2014-02-13T00:00:00,0.00019217,0.00018987,0.00018262,BTC-PPC,179,2791,0.00018401,2017-11-07T15:01:10.327,28316.21511208
127,4.7e-06,3.39705965,4.62e-06,2014-03-27T18:00:00,4.87e-06,4.66e-06,4.46e-06,BTC-PTC,217,2460,4.69e-06,2017-11-07T14:59:45.2,729844.31735723
128,2.18e-05,84.23648669,2.17e-05,2017-06-18T17:04:24.1,2.59e-05,2.18e-05,2.027e-05,BTC-PTOY,365,6649,2.06e-05,2017-11-07T14:58:31.997,3647729.38172555
129,8.556e-05,7.10624264,8.501e-05,2017-06-10T00:01:39.293,8.613e-05,8.556e-05,8.1e-05,BTC-QRL,340,3511,8.101e-05,2017-11-07T15:01:05.56,85254.37787179
130,0.00149,760.27886412,0.0014831,2017-07-20T19:08:43.473,0.00155801,0.001483,0.00142935,BTC-QTUM,873,11892,0.00145,2017-11-07T15:01:07.107,509588.29860714
131,1.958e-05,37.68744393,1.926e-05,2017-03-05T19:30:16.853,2.135e-05,1.958e-05,1.91e-05,BTC-QWARK,272,5213,2.105e-05,2017-11-07T15:00:52.293,1863309.49204753
132,0.00046582,9.3658253,0.00045934,2016-01-26T23:22:16.193,0.00047099,0.00045933,0.00041861,BTC-RADS,127,2034,0.00043342,2017-11-07T15:01:13.28,21308.36066431
133,9.928e-05,10.75880123,9.821e-05,2014-04-05T08:00:00,0.00010556,9.928e-05,9.529e-05,BTC-RBY,1664,6053,9.614e-05,2017-11-07T14:58:42.277,107672.34170982
134,1.6e-07,62.98171978,1.5e-07,2014-02-25T09:00:00,1.6e-07,1.6e-07,1.4e-07,BTC-RDD,1264,18129,1.5e-07,2017-11-07T15:01:00.623,407767060.28271854
135,0.00246207,53.14976569,0.00243006,2016-10-04T15:45:37.14,0.00278,0.00246239,0.00227761,BTC-REP,174,1851,0.00233027,2017-11-07T15:01:10.327,21223.43968615
136,3.48e-05,100.41646956,3.476e-05,2016-06-24T17:00:00.043,3.65e-05,3.476e-05,3.396e-05,BTC-RISE,521,5713,3.463e-05,2017-11-07T15:00:04.607,2861059.90353783
137,7.438e-05,15.45158945,7.401e-05,2017-04-27T00:20:33.857,7.861e-05,7.434e-05,7.3e-05,BTC-RLC,183,3576,7.585e-05,2017-11-07T15:01:08.293,204715.23557844
138,1.23e-06,138.54476827,1.21e-06,2016-02-13T22:14:21.14,1.43e-06,1.21e-06,1.13e-06,BTC-SAFEX,525,6406,1.13e-06,2017-11-07T15:00:25.45,109401311.72290814
139,0.00041404,382.79177966,0.0004117,2017-10-16T17:32:48.777,0.00044108,0.0004117,0.00037129,BTC-SALT,576,2020,0.000416,2017-11-07T15:00:53.42,949329.19348393
140,0.0001425,7.5040742,0.00014153,2016-07-09T19:02:08.943,0.000143,0.0001425,0.00013206,BTC-SBD,129,1827,0.00013206,2017-11-07T15:00:44.937,54097.00251709
141,5.3e-07,131.23689623,5.2e-07,2017-05-22T21:30:29.16,5.4e-07,5.3e-07,4.8e-07,BTC-SC,1118,26999,4.8e-07,2017-11-07T15:00:25.45,253492531.06455183
142,1.777e-05,20.86620162,1.761e-05,2016-09-23T07:10:11.78,1.91e-05,1.761e-05,1.651e-05,BTC-SEQ,149,1721,1.69e-05,2017-11-07T15:00:20.107,1140373.174034
143,0.0001425,8.41789753,0.00014105,2016-10-11T19:48:35.573,0.00015095,0.0001425,0.000135,BTC-SHIFT,148,2382,0.0001455,2017-11-07T14:57:37.273,58952.2736966
144,0.00015393,4.13353309,0.00015013,2017-02-18T22:34:49.373,0.000155,0.00015013,0.00014415,BTC-SIB,124,2419,0.000145,2017-11-07T15:00:17.747,27431.81714703
145,4.913e-05,34.39872491,4.898e-05,2014-03-23T06:00:00,5.274e-05,4.897e-05,3.88e-05,BTC-SLR,277,1976,3.861e-05,2017-11-07T14:59:41.2,751101.95118743
146,0.00198495,10.89710894,0.00191312,2016-01-20T22:24:04.65,0.00204572,0.00191271,0.00171,BTC-SLS,201,1746,0.0017849,2017-11-07T15:01:11.42,5762.89046354
147,2.598e-05,456.60181125,2.581e-05,2016-10-02T22:16:04.773,3.653e-05,2.597e-05,2.113e-05,BTC-SNGLS,312,1979,2.19e-05,2017-11-07T15:01:13.64,15614486.54929936
148,0.00023515,15.17853793,0.0002323,2015-06-03T06:27:04.623,0.0002354,0.00023539,0.000185,BTC-SNRG,278,1635,0.00019429,2017-11-07T15:01:13.09,75669.23283033
149,4.21e-06,94.85127017,4.2e-06,2017-06-28T18:26:15.73,4.33e-06,4.22e-06,4.08e-06,BTC-SNT,362,10238,4.16e-06,2017-11-07T15:00:43.84,22561785.87024268
150,0.00039499,6.59161996,0.00039,2015-05-18T22:45:47.093,0.00040013,0.00039,0.00037988,BTC-SPHR,138,1304,0.00038865,2017-11-07T14:58:52.417,16933.74961002
151,4.465e-05,14.14455657,4.331e-05,2014-12-19T02:33:07.747,4.595e-05,4.331e-05,4.101e-05,BTC-SPR,258,3404,4.203e-05,2017-11-07T15:01:13.233,326458.2098201
152,6.3e-06,14.72682184,6.29e-06,2014-06-14T07:09:15.327,7.21e-06,6.29e-06,6.1e-06,BTC-START,347,5890,6.8e-06,2017-11-07T14:57:49.523,2237594.17532662
153,0.00012281,74.46062907,0.0001222,2016-04-17T01:22:13.35,0.00013,0.00012281,0.00011906,BTC-STEEM,484,7638,0.00012064,2017-11-07T15:00:51.983,600695.4192081
154,7.37e-05,149.61450272,7.33e-05,2017-07-11T21:14:32.643,7.41e-05,7.33e-05,6.464e-05,BTC-STORJ,626,6662,6.56e-05,2017-11-07T15:01:13.623,2137796.47443819
155,0.0004242,336.73708864,0.0004239,2016-08-10T23:26:39.657,0.00044732,0.0004242,0.00041003,BTC-STRAT,1642,22228,0.00041964,2017-11-07T15:01:04.373,786361.47176922
156,0.00015515,51.15607338,0.00015458,2014-10-03T19:16:23.143,0.0001885,0.00015515,0.00014304,BTC-SWIFT,256,1993,0.00014404,2017-11-07T15:00:53.89,300316.79973045
157,0.00017446,7.69135226,0.00017416,2017-03-08T22:32:26.03,0.000179,0.00017416,0.00015394,BTC-SWT,119,1738,0.0001669,2017-11-07T14:59:53.62,45459.68945404
158,3.4e-05,38.1317275,3.352e-05,2016-08-25T21:23:15.27,3.709e-05,3.35e-05,3.228e-05,BTC-SYNX,179,2406,3.285e-05,2017-11-07T15:01:05.59,1110366.93299434
159,2.836e-05,158.81846259,2.827e-05,2014-08-16T19:57:48.823,2.892e-05,2.836e-05,2.731e-05,BTC-SYS,925,8192,2.731e-05,2017-11-07T15:00:54.543,5605690.1458964
160,2.3e-06,316.15306644,2.28e-06,2014-04-29T21:00:00,3.89e-06,2.3e-06,2.22e-06,BTC-THC,481,3977,2.55e-06,2017-11-07T15:00:50.31,106205479.33209933
161,0.00334542,2.88578213,0.00329715,2017-03-09T00:44:08.673,0.00336982,0.00334542,0.0032935,BTC-TIME,129,1582,0.00330242,2017-11-07T15:01:11.03,872.15357799
162,2.495e-05,26.54849806,2.494e-05,2017-10-25T21:01:08.287,2.739e-05,2.494e-05,2.416e-05,BTC-TIX,128,2275,2.475e-05,2017-11-07T14:58:36.95,1038965.14728871
163,0.00015119,24.41464987,0.00014831,2017-05-08T17:09:34.91,0.00016,0.00014846,0.00014546,BTC-TKN,175,3433,0.00015248,2017-11-07T15:01:13.89,161517.19302058
164,0.00026016,28.20634403,0.00024797,2017-03-23T00:48:15.94,0.000285,0.00024678,0.0002167,BTC-TKS,162,1464,0.00021648,2017-11-07T15:01:13.92,110654.31887638
165,8.328e-05,129.89827673,8.288e-05,2016-09-08T05:59:08.183,8.909e-05,8.326e-05,7.803e-05,BTC-TRIG,460,8793,8.022e-05,2017-11-07T15:00:10.48,1545135.04677994
166,3.43e-05,18.58339563,3.397e-05,2017-04-19T04:53:43.893,3.68e-05,3.397e-05,3.328e-05,BTC-TRST,249,3748,3.374e-05,2017-11-07T15:00:57.64,529550.07250361
167,1.701e-05,33.50638993,1.657e-05,2014-07-07T05:46:18.71,1.986e-05,1.656e-05,1.471e-05,BTC-TRUST,288,2070,1.589e-05,2017-11-07T15:00:39.34,1912273.19364986
168,0.00029312,30.84430863,0.00028862,2015-09-02T08:02:54.3,0.00030598,0.0002886,0.0002851,BTC-TX,386,805,0.00029099,2017-11-07T15:01:13.187,104602.65103454
169,0.00016024,34.96463715,0.00016023,2017-02-08T17:00:59.02,0.000165,0.00016023,0.00014636,BTC-UBQ,681,7577,0.00014994,2017-11-07T14:59:36.823,223424.98423074
170,3.878e-05,4.2315618,3.808e-05,2016-08-24T21:39:28.357,3.949e-05,3.831e-05,3.581e-05,BTC-UNB,144,1623,3.8e-05,2017-11-07T15:01:07.293,112637.06392619
171,0.00021089,59.03968444,0.00021087,2014-07-18T00:20:00.393,0.00022,0.00021087,0.0002056,BTC-VIA,479,3263,0.00020901,2017-11-07T15:01:00.64,279250.60769867
172,5.66e-06,46.12797273,5.58e-06,2015-12-30T04:21:47.31,6.49e-06,5.67e-06,5.26e-06,BTC-VOX,260,5938,6.06e-06,2017-11-07T15:01:12.45,7884027.23015201
173,7.532e-05,109.6483178,7.489e-05,2014-05-13T07:00:00,8.7e-05,7.532e-05,7.044e-05,BTC-VRC,495,2567,8.02e-05,2017-11-07T15:01:14,1383621.47008191
174,0.0004341,7.92286217,0.0004254,2016-09-16T04:52:17.637,0.00044711,0.0004341,0.00040502,BTC-VRM,212,1509,0.00041501,2017-11-07T14:59:46.59,18528.0526422
175,0.00051372,977.88706905,0.00050926,2014-02-13T00:00:00,0.00054695,0.00050926,0.00047569,BTC-VTC,2971,8491,0.00051754,2017-11-07T15:01:09.623,1902912.66373638
176,2.935e-05,55.76160368,2.906e-05,2014-12-19T02:33:10.943,3.304e-05,2.905e-05,2.441e-05,BTC-VTR,245,1976,2.46e-05,2017-11-07T15:00:33.903,1932466.49716013
177,0.00052672,341.07309962,0.00052622,2016-06-19T15:46:31.167,0.0005321,0.00052676,0.00046,BTC-WAVES,1213,11387,0.00049111,2017-11-07T15:01:13.437,677026.5703623
178,5.2e-05,12.9675743,5.181e-05,2017-04-26T22:34:24.49,5.544e-05,5.238e-05,5.09e-05,BTC-WINGS,135,5104,5.207e-05,2017-11-07T15:00:27.387,243020.75757115
179,2.547e-05,4.58055654,2.499e-05,2016-09-25T00:15:16.103,2.54e-05,2.54e-05,2.426e-05,BTC-XAUR,82,1437,2.428e-05,2017-11-07T15:01:13.31,184233.49417003
180,0.00177126,34.41074447,0.00174448,2015-02-14T04:20:41,0.00185,0.00177191,0.00155331,BTC-XCP,459,3454,0.00158414,2017-11-07T15:01:12.67,19713.55393236
181,3.2e-07,12.68350478,3.1e-07,2014-06-21T18:37:57.64,3.3e-07,3.2e-07,3e-07,BTC-XDN,620,6591,3.2e-07,2017-11-07T14:54:44.193,40205621.88391137
182,3.875e-05,184.60485899,3.846e-05,2017-07-01T17:38:44.883,4.921e-05,3.846e-05,3.746e-05,BTC-XEL,340,7249,3.782e-05,2017-11-07T14:59:36.12,4324723.84544712
183,2.565e-05,242.43142234,2.545e-05,2015-04-10T21:06:00.043,2.689e-05,2.565e-05,2.393e-05,BTC-XEM,1160,12018,2.506e-05,2017-11-07T15:00:15.34,9526296.48035779
184,4.41e-06,1120.77104369,4.38e-06,2015-11-17T20:06:44.92,4.8e-06,4.38e-06,3.75e-06,BTC-XLM,1707,15655,3.81e-06,2017-11-07T15:01:13.873,259661389.27712736
185,3.315e-05,8.95055164,3.29e-05,2014-11-10T06:25:07.533,3.65e-05,3.315e-05,3.205e-05,BTC-XMG,303,2271,3.461e-05,2017-11-07T15:00:52.263,258086.25115905
186,0.0137056,1041.23101615,0.0137055,2014-06-04T07:38:39.24,0.014997,0.01370559,0.012345,BTC-XMR,1526,7137,0.0124,2017-11-07T15:01:11.28,75111.94861432
187,4.1e-07,22.77815222,4e-07,2014-03-15T08:00:00,4.5e-07,4e-07,3.6e-07,BTC-XMY,442,4809,3.7e-07,2017-11-07T15:00:57.653,55566131.05275806
188,2.896e-05,965.7164114,2.884e-05,2014-12-22T19:30:27.45,2.931e-05,2.892e-05,2.773e-05,BTC-XRP,2363,26456,2.789e-05,2017-11-07T15:01:11.437,33857406.58952423
189,2.346e-05,17.09185457,2.341e-05,2014-07-09T20:33:00.59,2.535e-05,2.34e-05,2.171e-05,BTC-XST,219,1345,2.242e-05,2017-11-07T14:59:28.76,722867.29907268
190,0.00012825,437.86481565,0.00012824,2016-03-12T19:37:38.863,0.00018694,0.00012825,0.000127,BTC-XVC,702,3026,0.00017998,2017-11-07T15:01:01.31,2790701.31097765
191,1.05e-06,2199.78952568,1.04e-06,2016-02-17T22:42:03.61,1.31e-06,1.05e-06,9.5e-07,BTC-XVG,3285,16276,1.31e-06,2017-11-07T15:01:07.653,1969855595.6968024
192,7.24e-06,31.29730337,7.2e-06,2014-04-14T00:00:00,8e-06,7.25e-06,6.86e-06,BTC-XWC,480,1432,7.69e-06,2017-11-07T15:01:07.39,4088357.03691194
193,0.002129,117.58520647,0.00212671,2016-10-20T04:48:30.387,0.00228,0.002129,0.002054,BTC-XZC,917,3686,0.0021031,2017-11-07T15:01:13.327,54305.17707349
194,0.00025188,18.56194142,0.00024823,2016-11-15T20:29:59.73,0.000255,0.00024816,0.00023303,BTC-ZCL,214,5200,0.00023665,2017-11-07T15:01:12.84,76304.93563191
195,0.03326614,321.15806532,0.03316614,2016-10-28T17:13:10.833,0.03382818,0.0333,0.03104045,BTC-ZEC,950,11351,0.0310983,2017-11-07T15:00:41.87,9863.49599055
196,0.00291,155.86406972,0.00290106,2017-06-05T16:39:49.07,0.0031,0.00290106,0.002819,BTC-ZEN,1703,4449,0.00288487,2017-11-07T15:00:01.653,53160.68347876
197,0.00125,470.93831664,0.0012162,2017-06-11T17:33:06.127,0.00172,0.0012481,0.00103153,ETH-1ST,110,331,0.00107499,2017-11-07T14:59:06.433,345732.43606679
198,6.656e-05,81.45787025,6.526e-05,2017-07-03T21:08:06.22,7.34e-05,6.501e-05,6.31e-05,ETH-ADT,68,536,6.34e-05,2017-11-07T14:59:19.81,1220231.44910124
199,0.00309349,620.82829932,0.00307209,2017-07-11T22:42:17.78,0.0033389,0.00305436,0.00289343,ETH-ADX,189,572,0.00294243,2017-11-07T15:01:03.153,198587.06497839
200,0.00375999,240.79204734,0.00370072,2017-05-19T15:55:11.293,0.00399681,0.00375999,0.00330006,ETH-ANT,85,413,0.00390003,2017-11-07T15:01:04.653,66579.12817797
201,0.00048698,155.56965468,0.00048188,2017-06-03T22:04:52.38,0.000487,0.00048698,0.00046003,ETH-BAT,183,1083,0.0004655,2017-11-07T15:00:48.81,328561.48591177
202,2.06999649,3017.89107714,2.0498517,2017-08-01T18:34:04.763,2.1878999,2.05,1.96000003,ETH-BCC,436,452,2.09999999,2017-11-07T15:01:07.45,1481.00658016
203,0.00640651,105.96590951,0.00628835,2017-06-22T21:36:30.867,0.00640899,0.00640763,0.00621213,ETH-BNT,67,411,0.00621003,2017-11-07T15:01:12.717,16917.84150782
204,0.0,26.34440146,0.0,2017-08-04T18:01:27.853,0.00017062,0.00015172,0.00013,ETH-BTS,74,212,0.00014932,2017-11-05T03:48:43.87,175120.1443082
205,0.00031239,165.69878473,0.00030402,2017-06-19T19:59:14.89,0.00037576,0.00030784,0.00029,ETH-CFI,104,434,0.00032319,2017-11-07T15:01:13.793,505534.8701412
206,0.00130614,172.90252109,0.0011856,2017-06-13T19:40:35.217,0.00164498,0.0013,0.0010229,ETH-CRB,57,178,0.00104351,2017-11-07T15:01:14.013,128246.23107182
207,0.00099292,390.80921735,0.00098342,2017-07-16T23:04:18.99,0.00099398,0.00099353,0.00092,ETH-CVC,185,1016,0.000951,2017-11-07T15:01:10.34,404990.23907743
208,0.98927209,395.34251521,0.974,2017-07-14T17:10:05.143,0.99999999,0.97958872,0.909009,ETH-DASH,134,222,0.91999959,2017-11-07T15:01:13.95,412.02752077
209,2.919e-05,132.29154092,2.858e-05,2017-08-04T18:01:27.777,2.952e-05,2.872e-05,2.754e-05,ETH-DGB,78,598,2.779e-05,2017-11-07T15:01:12.467,4568274.85780771
210,0.21999963,10.34452684,0.21307486,2016-06-17T18:51:39.087,0.21999993,0.21,0.20593881,ETH-DGD,65,196,0.20925303,2017-11-07T15:01:06.687,48.93775833
211,0.00013426,89.23532149,0.00013005,2017-08-04T02:09:02.887,0.0001463,0.00013446,0.00012835,ETH-DNT,61,373,0.00013647,2017-11-07T15:01:13.903,657559.13575362
212,0.04774408,892.40668817,0.04700001,2016-07-28T21:45:59.05,0.04903084,0.04774425,0.04615162,ETH-ETC,210,1023,0.0494,2017-11-07T15:01:13.78,18771.92319091
213,0.05687312,168.68584374,0.05508827,2017-08-04T18:01:27.853,0.05976,0.05498019,0.04755237,ETH-FCT,78,174,0.04728749,2017-11-07T15:01:13.903,3174.58194019
214,5.313e-05,117.28526488,5.224e-05,2017-07-04T18:45:47.143,5.443e-05,5.313e-05,4.7e-05,ETH-FUN,101,835,5.103e-05,2017-11-07T15:00:47.997,2271515.83190619
215,0.20844448,4.88571367,0.20491111,2017-04-30T18:42:52.17,0.2112,0.20846403,0.19999938,ETH-GNO,49,265,0.21086854,2017-11-07T14:56:58.51,23.95994987
216,0.00065357,587.99052863,0.000651,2017-04-20T06:38:51.877,0.00066075,0.00065357,0.00061599,ETH-GNT,205,1431,0.00065109,2017-11-07T15:01:05.34,924131.69042186
217,0.00054318,253.67235924,0.00053651,2017-04-30T18:40:42.213,0.000634,0.00054318,0.0004512,ETH-GUP,68,219,0.00046393,2017-11-07T15:00:50.92,503716.09801088
218,0.00033503,75.70497994,0.00031091,2017-05-10T07:27:27.597,0.00033111,0.00033111,0.00028302,ETH-HMQ,64,293,0.00029449,2017-11-07T15:01:10.733,250702.42143553
219,0.0030973,187.79931529,0.00297528,2017-06-17T15:02:02.783,0.00356244,0.0030973,0.00276021,ETH-LGD,80,326,0.00334832,2017-11-07T15:01:12.607,61553.73257947
220,0.1984003,1008.4604959,0.19696301,2017-06-25T03:06:46.83,0.19998348,0.1984003,0.18100002,ETH-LTC,305,529,0.185,2017-11-07T15:01:12.56,5313.45616995
221,0.01715166,55.69112266,0.01681043,2017-04-30T18:41:22.84,0.01715166,0.01715166,0.01580807,ETH-LUN,60,282,0.01591477,2017-11-07T15:01:11.217,3413.27551718
222,4.397e-05,40.50933897,4.3e-05,2017-10-13T23:32:03.027,4.525e-05,4.3e-05,3.867e-05,ETH-MANA,70,224,3.803e-05,2017-11-07T14:58:21.4,973660.73303155
223,0.01989039,362.16771701,0.01968506,2017-07-02T00:37:17.05,0.02049996,0.01968506,0.019,ETH-MCO,183,1032,0.019994,2017-11-07T14:52:04.643,18492.07048124
224,0.01714235,141.44438588,0.01678739,2017-07-08T14:59:57.37,0.01799422,0.01713404,0.0160001,ETH-MTL,117,531,0.01632,2017-11-07T15:01:13.89,8382.23701694
225,0.00208112,3.35049134,0.00203021,2017-06-19T19:13:43.743,0.0021976,0.00206051,0.0020101,ETH-MYST,43,375,0.00219137,2017-11-07T14:58:36.683,1627.20707905
226,0.08999987,1532.40120646,0.08940263,2017-07-21T01:08:49.397,0.08999991,0.08999987,0.0862,ETH-NEO,920,1744,0.0884772,2017-11-07T15:01:12.17,17430.23316535
227,0.03731947,16.16403766,0.03728574,2017-06-22T21:58:57.657,0.03728574,0.03728574,0.03435706,ETH-NMR,98,426,0.03655436,2017-11-07T14:51:50.113,445.66531726
228,0.02176671,1759.80593062,0.02144044,2017-07-16T17:07:42.41,0.0225,0.02176716,0.02085,ETH-OMG,560,2131,0.02124479,2017-11-07T15:01:14.013,81042.33085082
229,0.00559914,707.56673101,0.00550013,2017-07-07T07:14:00.873,0.00575931,0.00559998,0.00520201,ETH-PAY,302,1677,0.00528,2017-11-07T15:01:13.92,130296.98447947
230,0.00055065,193.71185079,0.00053003,2017-06-18T17:04:24.147,0.00061394,0.00053001,0.00048652,ETH-PTOY,77,530,0.00052192,2017-11-07T15:01:12.84,354891.23875627
231,0.00205981,9.96053414,0.00202218,2017-06-11T17:33:06.14,0.00201927,0.002,0.00190001,ETH-QRL,89,196,0.00204259,2017-11-07T15:01:01.357,5026.68231775
232,0.03649579,1304.56785074,0.03585177,2017-07-20T19:08:43.473,0.03736976,0.03585089,0.034,ETH-QTUM,355,1016,0.0356,2017-11-07T15:01:11.03,36317.09849891
233,0.06094395,154.07746993,0.05874868,2017-04-20T06:43:49.19,0.06869237,0.0609572,0.05519379,ETH-REP,105,176,0.05552946,2017-11-07T15:01:13.937,2631.65695456
234,0.0018294,29.574392,0.001775,2017-04-30T18:41:22.823,0.00186341,0.00177126,0.00175,ETH-RLC,65,283,0.0018589,2017-11-07T15:01:05.187,16228.24989297
235,0.01,980.21073142,0.00996643,2017-10-16T17:32:48.84,0.01042752,0.01,0.00900744,ETH-SALT,100,195,0.01010926,2017-11-07T15:00:41.03,101584.74976635
236,1.271e-05,146.39963109,1.26e-05,2017-07-14T17:10:07.74,1.285e-05,1.26e-05,1.149e-05,ETH-SC,142,1170,1.174e-05,2017-11-07T15:00:47.34,12007826.18041916
237,0.00062999,1319.08006337,0.0006256,2017-04-30T18:41:22.853,0.00086196,0.00062999,0.000504,ETH-SNGLS,178,202,0.00053414,2017-11-07T15:00:20.527,1949094.06644453
238,0.00010299,267.6226903,0.00010173,2017-06-28T18:26:15.747,0.00010317,0.00010299,9.702e-05,ETH-SNT,173,1043,0.00010159,2017-11-07T15:01:12,2664183.39654407
239,0.00178246,124.63521291,0.0017709,2017-07-11T21:14:32.643,0.00178,0.00178,0.00155,ETH-STORJ,128,439,0.00162,2017-11-07T14:57:47.667,76340.92718228
240,0.0103459,245.24052843,0.01010135,2017-08-04T18:01:27.713,0.01047204,0.01035644,0.00985906,ETH-STRAT,233,1177,0.01032496,2017-11-07T15:01:13.763,24226.59502484
241,0.08213298,6.09313182,0.07877219,2017-06-23T18:01:03.323,0.07838918,0.07838918,0.0766623,ETH-TIME,70,135,0.07834608,2017-11-07T15:01:10.28,77.88982641
242,0.00060496,51.05298749,0.00059136,2017-10-25T21:01:08.287,0.000635,0.000605,0.00058002,ETH-TIX,38,311,0.00061193,2017-11-07T15:01:10.81,83583.53388777
243,0.00364992,41.23212692,0.0036,2017-05-09T04:43:46.723,0.0038783,0.00364992,0.00335111,ETH-TKN,63,492,0.00364099,2017-11-07T15:00:43.81,11397.20937904
244,0.00083715,67.84091695,0.00081198,2017-05-19T15:55:11.28,0.000882,0.000815,0.000802,ETH-TRST,74,210,0.00083,2017-11-07T15:00:36.357,81453.15694201
245,0.0128447,262.59479835,0.01280004,2017-08-04T18:00:50.15,0.01280005,0.01280005,0.0111,ETH-WAVES,187,450,0.01199999,2017-11-07T14:57:19.603,22004.52680578
246,0.00126518,68.96820082,0.001252,2017-04-26T22:16:06.627,0.00129513,0.00123944,0.00123944,ETH-WINGS,47,319,0.00129125,2017-11-07T14:58:50.247,54656.60139152
247,0.00062099,576.81503701,0.00061282,2017-07-21T01:08:49.38,0.00063419,0.000619,0.00057261,ETH-XEM,142,551,0.00061745,2017-11-07T15:01:08.89,943136.07269128
248,0.00010774,716.10330982,0.00010602,2017-07-21T01:08:49.38,0.00011195,0.000106,9e-05,ETH-XLM,231,428,9.212e-05,2017-11-07T15:01:11.827,6868041.24174879
249,0.33433899,881.6071696,0.3321,2017-07-21T01:08:49.367,0.34985,0.3321,0.30155102,ETH-XMR,152,267,0.30104782,2017-11-07T15:00:57.03,2665.7310441
250,0.00070136,697.28023899,0.0006958,2017-06-25T03:07:09.677,0.00070135,0.0007013,0.000666,ETH-XRP,456,836,0.00067807,2017-11-07T15:01:13.45,1023540.68747585
251,0.807,488.69532108,0.79800859,2017-07-14T17:10:07.8,0.807,0.7993,0.75149496,ETH-ZEC,262,525,0.75939371,2017-11-07T15:01:12.357,627.84825691
252,590.1,5197782.77535616,587.37617792,2017-08-01T18:34:04.873,648.99999805,590.1,585.012,USDT-BCC,1273,2114,629.0,2017-11-07T15:01:12.06,8554.29967241
253,6985.0,42173402.44192438,6976.0,2015-12-11T06:31:40.633,7289.0,6976.0,6923.0,USDT-BTC,9544,4014,7282.0,2017-11-07T15:01:05.28,5966.59359261
254,282.99999981,1030769.55107965,280.1,2017-07-21T01:08:49.413,301.61904399,282.99999993,272.1632695,USDT-DASH,415,1044,274.00000001,2017-11-07T15:01:13.827,3589.17193639
255,13.56099963,2368475.45430266,13.55,2017-07-14T17:10:10.72,14.72,13.55,13.55,USDT-ETC,609,2163,14.7077025,2017-11-07T15:00:56.873,167223.54053567
256,287.58,4453670.69409083,287.2419,2017-04-20T17:26:37.647,304.04122641,287.2419,285.00000001,USDT-ETH,1664,4267,298.95317364,2017-11-07T15:01:10.75,15052.28027486
257,57.27999995,1750922.44158838,56.7,2017-07-14T17:10:10.72,58.68,57.0,54.28713508,USDT-LTC,929,2471,55.42,2017-11-07T15:01:13.483,31037.59156981
258,25.93702494,1396712.14928989,25.85000002,2017-08-04T16:58:43.087,26.5799999,25.93702494,25.5,USDT-NEO,1314,5029,26.49998999,2017-11-07T15:00:34.073,53501.43820743
259,6.26744937,973304.60363264,6.22,2017-09-15T23:49:44.83,6.6999,6.27999997,6.2,USDT-OMG,906,4768,6.3727765,2017-11-07T15:01:13.81,149795.25884432
260,96.40694479,2238243.50980002,95.3,2017-07-21T01:08:49.397,104.5,96.05789969,90.5,USDT-XMR,505,903,90.5,2017-11-07T15:01:08.327,22759.38719342
261,0.20199999,623303.57894857,0.20100004,2017-07-14T17:10:10.737,0.206,0.20199999,0.19934411,USDT-XRP,1156,4275,0.20479999,2017-11-07T15:01:12.327,3076895.81671223
262,232.0,456070.35136097,230.70000001,2017-07-14T17:10:10.673,235.99999955,231.0,226.0,USDT-ZEC,726,2858,226.37002906,2017-11-07T15:00:46.467,1973.53869276
263,2.185e-05,1640.22123905,2.176e-05,2017-11-07T07:59:10.913,0.0002001,2.185e-05,1.7e-05,BTC-RCN,660,2048,0.0002,2017-11-07T15:01:12.17,74386846.87280446
264,0.00052605,2792.09712946,0.0005235,2017-11-07T07:59:10.93,0.00089,0.00052605,0.00025124,ETH-RCN,127,231,0.00089,2017-11-07T15:00:49.857,5315244.74486948
