,Ask,BaseVolume,Bid,Created,High,Last,Low,MarketName,OpenBuyOrders,OpenSellOrders,PrevDay,TimeStamp,Volume
0,4.986e-05,572.04798827,4.932e-05,2017-06-06T01:22:35.727,7.245e-05,4.99e-05,4.451e-05,BTC-1ST,279,5804,4.495e-05,2017-11-07T15:08:08.477,9870781.53497663
1,8.7e-07,26.57410557,8.6e-07,2016-05-16T06:44:15.287,9.9e-07,8.6e-07,7.9e-07,BTC-2GIVE,322,2260,8.2e-07,2017-11-07T15:06:13.517,30244342.01620607
2,8.5e-07,17.27948054,8.3e-07,2014-10-31T01:43:25.743,9.9e-07,8.3e-07,8e-07,BTC-ABY,267,4897,8.4e-07,2017-11-07T15:07:46.273,19615489.23864358
3,3.12e-06,583.34163701,3.1e-06,2017-09-29T07:01:58.873,3.35e-06,3.12e-06,2.94e-06,BTC-ADA,1547,9261,2.99e-06,2017-11-07T15:07:50.193,185410407.33510882
4,2.72e-06,22.91115025,2.67e-06,2017-07-03T21:08:06.11,2.99e-06,2.72e-06,2.61e-06,BTC-ADT,159,3151,2.65e-06,2017-11-07T15:08:14.867,8179966.45513595
5,0.00012609,536.4125754,0.00012558,2017-07-11T22:42:17.78,0.0001429,0.0001261,0.00011994,BTC-ADX,703,8812,0.00012051,2017-11-07T15:08:13.46,4076721.80086991
6,0.000215,16.00516809,0.00021322,2015-07-31T00:50:47.11,0.00021999,0.00021322,0.00019103,BTC-AEON,254,2144,0.00020235,2017-11-07T15:07:44.35,76555.60604336
7,5.031e-05,2.89637357,4.938e-05,2015-11-10T00:53:59.643,5.117e-05,4.953e-05,4.74e-05,BTC-AGRS,201,2517,4.695e-05,2017-11-07T15:08:04.79,58709.78031104
8,2.097e-05,22.75083918,2.031e-05,2015-11-03T19:13:55.18,2.176e-05,2.07e-05,1.951e-05,BTC-AMP,156,5690,2.055e-05,2017-11-07T15:08:15.727,1095200.6825721
9,0.00015642,49.14059439,0.00015395,2017-05-17T19:54:30.143,0.00016761,0.00015644,0.00014116,BTC-ANT,196,4288,0.00016259,2017-11-07T15:08:16.1,323636.59728304
10,0.00076769,2.95461388,0.00074634,2017-05-02T06:26:32.897,0.00076874,0.00074634,0.000725,BTC-APX,189,1878,0.00075148,2017-11-07T15:08:13.85,3945.7983662
11,2.826e-05,44.23592896,2.815e-05,2016-10-13T18:59:37.407,2.905e-05,2.826e-05,2.669e-05,BTC-ARDR,412,4170,2.673e-05,2017-11-07T15:04:27.33,1569023.79129586
12,0.00036102,288.16862511,0.000361,2017-03-21T18:11:29.347,0.000378,0.00036102,0.00033723,BTC-ARK,2000,9650,0.00034079,2017-11-07T15:07:53.443,799202.42196739
13,8.639e-05,2.00184048,8.51e-05,2014-03-16T22:00:00,8.777e-05,8.51e-05,8.5e-05,BTC-AUR,108,1586,8.711e-05,2017-11-07T15:08:14.4,23303.91821529
14,1.995e-05,99.77686777,1.983e-05,2017-06-03T22:04:53.82,2.05e-05,1.98e-05,1.91e-05,BTC-BAT,657,12933,1.922e-05,2017-11-07T15:08:16.227,5004139.95328908
15,3.86e-06,119.00224241,3.82e-06,2014-11-18T17:34:21.083,4.89e-06,3.86e-06,3.11e-06,BTC-BAY,277,3920,3.28e-06,2017-11-07T15:08:00.117,28838191.19371915
16,0.0849997,2087.33167068,0.08465001,2017-08-01T18:34:04.967,0.08999999,0.08465001,0.083959,BTC-BCC,3108,12002,0.08757862,2017-11-07T15:08:12.193,24288.70385147
17,4.622e-05,11.39108416,4.54e-05,2015-09-10T05:28:20.787,4.799e-05,4.622e-05,4.145e-05,BTC-BCY,127,2899,4.2e-05,2017-11-07T15:08:13.193,257335.44399572
18,3.9e-07,8.86980642,3.8e-07,2015-02-15T23:07:32.777,3.9e-07,3.9e-07,3.6e-07,BTC-BITB,516,5118,3.6e-07,2017-11-07T15:07:54.007,23463871.11886619
19,0.00012127,5.75698631,0.00012,2014-11-13T20:20:21.443,0.00012586,0.00012127,0.00011603,BTC-BLITZ,139,2612,0.00011559,2017-11-07T15:02:31.92,47712.20568292
20,3.03e-05,20.91909058,3e-05,2014-03-14T09:00:00,3.285e-05,3.03e-05,2.916e-05,BTC-BLK,189,4612,3.021e-05,2017-11-07T15:08:04.35,672553.91272585
21,0.00293492,27.56903556,0.00287,2014-10-29T06:45:03.97,0.00299999,0.00293504,0.00246868,BTC-BLOCK,264,1526,0.00247433,2017-11-07T15:08:16.18,9870.99949726
22,0.00026171,10.66383365,0.00026083,2017-06-22T21:36:30.85,0.00027499,0.00026083,0.00025388,BTC-BNT,138,3314,0.000259,2017-11-07T14:59:23.62,40401.9697731
23,2.095e-05,4.16439294,2.058e-05,2016-06-13T02:27:33.34,2.252e-05,2.095e-05,2.026e-05,BTC-BRK,126,2200,2.055e-05,2017-11-07T15:02:52.22,194299.64893162
24,6.962e-05,17.11542008,6.868e-05,2016-07-10T21:25:05.127,7.207e-05,6.853e-05,6.251e-05,BTC-BRX,142,2034,6.666e-05,2017-11-07T15:08:09.913,254382.06616979
25,8.214e-05,7.66280205,8.146e-05,2016-02-17T00:54:23.677,8.6e-05,8.214e-05,8.078e-05,BTC-BSD,186,2036,8.291e-05,2017-11-07T15:07:19.35,91618.90526874
26,0.01761969,8.25222545,0.0175,2014-07-14T06:05:04.567,0.01790817,0.0175,0.01593002,BTC-BTCD,167,711,0.01784949,2017-11-07T15:07:02.22,480.46821828
27,0.0,63.85828478,0.0,2014-11-24T08:18:16.53,9.98e-06,8.86e-06,8.44e-06,BTC-BTS,229,4558,8.63e-06,2017-11-05T03:45:21.24,6871090.19001538
28,8.4e-07,14.24611007,8.3e-07,2014-09-16T07:41:56.047,8.8e-07,8.3e-07,7.5e-07,BTC-BURST,316,6355,7.8e-07,2017-11-07T15:05:22.14,17564561.5747561
29,0.000153,97.24391678,0.00015,2014-11-03T19:02:45.96,0.00016843,0.000153,7.455e-05,BTC-BYC,273,943,7.6e-05,2017-11-07T15:08:15.6,807503.10866015
30,3.7e-06,24.65560966,3.68e-06,2014-08-10T06:48:44.83,4.49e-06,3.68e-06,3.58e-06,BTC-CANN,254,6245,3.9e-06,2017-11-07T15:05:05.877,6129037.0112006
31,1.279e-05,103.3111557,1.264e-05,2017-06-19T19:59:14.78,1.589e-05,1.278e-05,1.204e-05,BTC-CFI,244,5375,1.278e-05,2017-11-07T15:07:46.93,7363081.99698353
32,0.00068974,7.5597177,0.00068003,2015-04-18T22:04:25.183,0.00072071,0.00068007,0.00064184,BTC-CLAM,237,1468,0.00065339,2017-11-07T15:08:15.837,10984.67338498
33,0.00069517,19.52912154,0.00068301,2014-06-04T08:53:18.563,0.0007666,0.00068299,0.00060111,BTC-CLOAK,316,2869,0.00066596,2017-11-07T15:08:12.65,28737.47988272
34,0.00021621,63.43113424,0.00021401,2015-12-18T00:30:10.31,0.00021878,0.000217,0.0001996,BTC-CLUB,403,1825,0.00020459,2017-11-07T15:04:31.313,302963.81986991
35,6.9e-07,11.17278711,6.8e-07,2015-01-22T19:11:45.903,7.1e-07,6.9e-07,6.4e-07,BTC-COVAL,301,4722,6.7e-07,2017-11-07T15:02:35.657,16365683.16323584
36,5.117e-05,19.22373809,5.005e-05,2015-07-25T06:30:32.53,6.187e-05,5.004e-05,5.004e-05,BTC-CPC,98,2768,5.847e-05,2017-11-07T15:08:15.413,342413.43878918
37,5.038e-05,231.26802536,5.037e-05,2017-06-13T19:40:35.203,6.999e-05,5.037e-05,4.328e-05,BTC-CRB,116,2978,4.252e-05,2017-11-07T15:08:13.977,3822666.38329032
38,0.00019437,13.57153736,0.00019198,2017-03-06T21:10:15.663,0.00020631,0.00019552,0.0001883,BTC-CRW,183,1709,0.0001985,2017-11-07T15:08:12.757,69267.84451759
39,4.498e-05,87.84560294,4.379e-05,2014-05-13T09:00:00,6.146e-05,4.499e-05,4.23e-05,BTC-CURE,323,2201,5.62e-05,2017-11-07T15:08:15.4,1660285.19909868
40,4.046e-05,139.86692098,4.039e-05,2017-07-16T23:04:18.867,4.18e-05,4.046e-05,3.913e-05,BTC-CVC,829,11978,3.913e-05,2017-11-07T15:08:11.523,3453440.50993513
41,0.04029999,505.40564844,0.04025006,2014-03-11T08:00:00,0.0421155,0.04029999,0.03784752,BTC-DASH,1080,5810,0.03784752,2017-11-07T15:08:11.413,12582.95576957
42,0.00400999,49.35830384,0.00400594,2016-02-09T21:06:51.577,0.0042,0.00400594,0.00379999,BTC-DCR,487,4610,0.00384515,2017-11-07T15:08:06.46,12217.35230569
43,6.015e-05,12.27988601,5.924e-05,2017-06-30T16:35:24.643,6.298e-05,6.015e-05,5.694e-05,BTC-DCT,153,4810,5.849e-05,2017-11-07T15:08:15.617,205979.7189594
44,1.2e-06,238.1428977,1.19e-06,2014-08-20T07:09:57.207,1.27e-06,1.19e-06,1.15e-06,BTC-DGB,931,25290,1.16e-06,2017-11-07T15:07:33.757,197032426.23879355
45,0.0089802,5.58234984,0.0085883,2016-06-14T16:25:12.063,0.00916,0.0089802,0.00856101,BTC-DGD,114,1019,0.00879497,2017-11-07T15:08:14.947,625.66461388
46,0.00129996,38.25378537,0.00128565,2015-05-01T17:31:24.97,0.00144435,0.00129996,0.00089003,BTC-DMD,354,1689,0.00092,2017-11-07T15:08:13.977,33719.166994
47,5.69e-06,29.04151934,5.32e-06,2017-08-04T02:09:02.873,5.95e-06,5.49e-06,5.28e-06,BTC-DNT,148,1961,5.53e-06,2017-11-07T15:08:15.85,5119350.82351875
48,1.7e-07,30.17470727,1.6e-07,2014-02-13T00:00:00,1.7e-07,1.7e-07,1.5e-07,BTC-DOGE,1640,18030,1.6e-07,2017-11-07T15:07:54.257,184019963.4920118
49,2.94e-06,33.46722226,2.93e-06,2014-10-17T19:09:32.6,3.88e-06,2.94e-06,2.83e-06,BTC-DOPE,283,3390,3.38e-06,2017-11-07T15:07:12.707,10383639.06187602
50,6.08e-05,7.04675075,5.926e-05,2017-04-01T04:06:13.887,6.366e-05,5.921e-05,5.302e-05,BTC-DTB,150,3067,5.712e-05,2017-11-07T15:07:15.317,122588.18236839
51,0.000433,1.65457406,0.00042526,2017-03-23T00:10:19.403,0.0004499,0.00042526,0.000418,BTC-DYN,155,922,0.00041897,2017-11-07T15:01:00.967,3835.54170511
52,1.491e-05,7.3671907,1.467e-05,2016-09-15T15:47:38.92,1.541e-05,1.468e-05,1.425e-05,BTC-EBST,152,4421,1.47e-05,2017-11-07T15:08:04.397,495441.12227417
53,7.799e-05,39.5604449,7.7e-05,2017-04-18T00:56:59.243,7.799e-05,7.7e-05,7.153e-05,BTC-EDG,322,6208,7.355e-05,2017-11-07T15:05:07.14,527844.11668247
54,1.725e-05,1.54838144,1.704e-05,2014-03-20T20:00:00,1.75e-05,1.723e-05,1.621e-05,BTC-EFL,129,1581,1.621e-05,2017-11-07T15:03:46.483,92532.7969353
55,3.169e-05,4.13220253,3.159e-05,2016-01-18T21:01:43.837,3.2e-05,3.17e-05,2.991e-05,BTC-EGC,258,2896,3.138e-05,2017-11-07T15:07:12.47,133661.23834447
56,8.749e-05,73.01915295,8.61e-05,2016-01-06T05:28:04.553,0.00010274,8.61e-05,8.307e-05,BTC-EMC,250,3103,8.725e-05,2017-11-07T15:08:15.29,789158.06075513
57,9.05e-06,115.33242919,8.98e-06,2014-12-24T00:00:00,9.83e-06,9.05e-06,8.28e-06,BTC-EMC2,341,7061,8.49e-06,2017-11-07T15:07:55.633,12903825.64614103
58,1.772e-05,29.64233146,1.742e-05,2014-05-04T00:00:00,2.025e-05,1.742e-05,1.477e-05,BTC-ENRG,199,2282,1.516e-05,2017-11-07T15:08:12.65,1673994.41315599
59,7.468e-05,155.86878657,7.301e-05,2014-05-10T17:00:00,0.0001125,7.464e-05,6.074e-05,BTC-ERC,200,1944,5.965e-05,2017-11-07T15:08:15.413,1782658.05512166
60,0.00193253,571.83571857,0.00193051,2016-07-26T18:10:22.82,0.00206832,0.00193051,0.0019201,BTC-ETC,901,8062,0.00202394,2017-11-07T15:07:53.803,286113.71192889
61,0.04129123,2884.89651913,0.04125668,2015-08-14T09:02:24.817,0.04340655,0.04129123,0.04021202,BTC-ETH,3712,19577,0.04114919,2017-11-07T15:08:15.71,68618.16792326
62,0.00017249,7.38692354,0.00017025,2014-09-28T20:33:27.633,0.00019988,0.00017025,0.00016702,BTC-EXCL,204,1515,0.00019246,2017-11-07T15:07:59.99,40975.50845041
63,0.0002544,45.90605703,0.00025439,2015-09-16T17:10:15.253,0.00029499,0.00025439,0.00024083,BTC-EXP,184,4161,0.00024603,2017-11-07T15:07:32.413,173888.23439746
64,0.00011999,1.65802989,0.00011802,2014-12-12T19:51:07.703,0.000124,0.000118,0.00011504,BTC-FAIR,241,929,0.0001229,2017-11-07T15:06:55.27,13638.26753617
65,0.00232319,195.4045739,0.0023111,2016-01-09T03:47:07.803,0.00246935,0.00232319,0.002,BTC-FCT,528,3897,0.002,2017-11-07T15:07:41.71,87108.43345348
66,1.48e-06,13.01681079,1.47e-06,2015-02-23T23:01:53.92,1.57e-06,1.48e-06,1.44e-06,BTC-FLDC,291,3725,1.48e-06,2017-11-07T15:06:08.83,8666796.32197255
67,1.234e-05,13.78260563,1.222e-05,2015-03-11T05:43:30.193,1.272e-05,1.234e-05,1.052e-05,BTC-FLO,189,2388,1.056e-05,2017-11-07T15:08:05.553,1199462.44460489
68,1.665e-05,142.05978342,1.651e-05,2014-02-13T00:00:00,1.702e-05,1.665e-05,1.345e-05,BTC-FTC,942,5249,1.665e-05,2017-11-07T15:08:15.6,9079329.19017811
69,2.24e-06,108.46012733,2.2e-06,2017-07-04T18:45:47.13,2.3e-06,2.2e-06,1.96e-06,BTC-FUN,281,6197,2.13e-06,2017-11-07T15:07:20.317,49642897.10589615
70,0.00101889,1.40669728,0.00099604,2015-05-05T22:38:44.963,0.0010189,0.00101889,0.00093348,BTC-GAM,109,829,0.00095202,2017-11-07T15:08:11.443,1424.49595034
71,0.000235,67.51533203,0.00023454,2015-04-08T04:09:53.013,0.00024778,0.000235,0.00022714,BTC-GAME,253,5380,0.00023067,2017-11-07T15:07:33.257,286318.2717665
72,1.539e-05,22.08655514,1.52e-05,2017-02-12T00:38:21.023,1.7e-05,1.52e-05,1.44e-05,BTC-GBG,167,2926,1.442e-05,2017-11-07T15:07:27.46,1383867.62446274
73,0.02334219,87.78633826,0.0229383,2017-04-13T20:46:39.83,0.0253,0.02293824,0.02070022,BTC-GBYTE,313,3569,0.02112034,2017-11-07T15:08:15.587,3729.84859321
74,6.78e-06,21.81504186,6.62e-06,2015-08-24T00:25:28.933,8.24e-06,6.78e-06,6.46e-06,BTC-GCR,85,3987,6.6e-06,2017-11-07T15:07:54.727,2935391.1007543
75,0.00014109,8.02855195,0.00013906,2015-02-21T03:29:43.267,0.00014905,0.00013904,0.00013503,BTC-GEO,312,2674,0.00013943,2017-11-07T15:08:10.163,56764.8474296
76,2.117e-05,4.75085291,2.074e-05,2014-03-22T16:00:00,2.152e-05,2.117e-05,1.919e-05,BTC-GLD,275,2201,1.973e-05,2017-11-07T15:08:12.29,234749.69238171
77,0.00862057,10.18661171,0.00850014,2017-04-28T02:43:12,0.0087571,0.0086206,0.00837988,BTC-GNO,137,2258,0.00845104,2017-11-07T15:08:12.15,1187.24165786
78,2.747e-05,113.71853229,2.696e-05,2017-04-17T21:35:59.26,2.8e-05,2.727e-05,2.567e-05,BTC-GNT,492,10489,2.636e-05,2017-11-07T15:08:16.053,4227488.31480157
79,1.63e-05,6.48531996,1.612e-05,2017-01-19T23:23:12.41,1.658e-05,1.63e-05,1.54e-05,BTC-GOLOS,192,2136,1.571e-05,2017-11-07T15:08:04.29,406220.4940038
80,5.65e-06,7.99198984,5.63e-06,2015-02-27T19:57:02.82,5.66e-06,5.65e-06,5.08e-06,BTC-GRC,245,3579,5.19e-06,2017-11-07T15:08:07.65,1479878.27889955
81,9.139e-05,1222.74624966,9.131e-05,2014-04-03T05:00:00,0.0001085,9.11e-05,8.7e-05,BTC-GRS,1787,5242,9.486e-05,2017-11-07T15:08:11.54,12504515.66422756
82,2.211e-05,90.38917874,2.197e-05,2017-04-29T18:08:12.39,2.711e-05,2.211e-05,1.868e-05,BTC-GUP,212,3619,1.916e-05,2017-11-07T15:08:08.93,4063713.80972587
83,1.26e-05,39.89597288,1.244e-05,2017-05-10T00:02:47.373,1.395e-05,1.261e-05,1.2e-05,BTC-HMQ,193,4007,1.218e-05,2017-11-07T15:08:14.85,3064898.49855142
84,2.142e-05,3.08929863,2.141e-05,2017-04-04T21:20:51.083,2.209e-05,2.142e-05,2.093e-05,BTC-INCNT,129,2709,2.182e-05,2017-11-07T05:43:44.113,142340.20175623
85,9.309e-05,3.70141689,9.11e-05,2015-10-03T20:41:41.403,9.535e-05,9.309e-05,8.904e-05,BTC-INFX,177,1547,8.904e-05,2017-11-07T15:08:04.68,39990.38060402
86,0.0003555,101.39684211,0.00035118,2014-07-29T16:57:43.787,0.0004897,0.00035179,0.0003,BTC-IOC,218,1942,0.00031176,2017-11-07T15:08:15.507,254067.96705183
87,0.00015029,6.23548255,0.00015,2017-02-18T23:41:17.04,0.000152,0.00015,0.00014226,BTC-ION,194,2178,0.00015157,2017-11-07T15:08:06.693,42098.54963571
88,0.00031728,56.67653146,0.00031343,2016-12-22T00:54:23.477,0.00033399,0.00031674,0.00029,BTC-IOP,348,5662,0.00030967,2017-11-07T15:02:23.39,178564.42678155
89,0.0003815,558.9228802,0.00038136,2017-02-11T23:04:01.853,0.00040898,0.0003815,0.00036,BTC-KMD,1507,6544,0.00037198,2017-11-07T15:08:02.663,1457804.42378989
90,0.00050123,20.50286977,0.00050122,2014-06-17T05:46:29.303,0.00053644,0.00050123,0.000475,BTC-KORE,273,2428,0.00050101,2017-11-07T15:08:13.18,40397.27025645
91,2.172e-05,31.16338276,2.154e-05,2016-07-05T21:50:07.81,2.219e-05,2.154e-05,1.96e-05,BTC-LBC,350,8860,1.97e-05,2017-11-07T15:08:03.553,1456406.97403384
92,0.000128,122.29478823,0.0001268,2017-04-18T07:37:41.3,0.00014325,0.0001268,0.00011561,BTC-LGD,384,5386,0.00013808,2017-11-07T15:08:05.193,930934.4754691
93,6.24e-06,19.0446035,6.23e-06,2017-02-18T23:55:53.153,6.44e-06,6.23e-06,6.06e-06,BTC-LMC,203,5455,6.21e-06,2017-11-07T15:07:20.003,3075154.73698204
94,0.00067694,353.23838055,0.000675,2016-05-24T18:49:52.77,0.0007,0.00067694,0.00062458,BTC-LSK,1741,8111,0.000626,2017-11-07T15:08:10.04,535432.93577778
95,0.00814999,1133.70645892,0.00813001,2014-02-13T00:00:00,0.0083,0.00813001,0.0076,BTC-LTC,2244,12953,0.00765,2017-11-07T15:08:08.46,143626.53895449
96,0.00070398,10.88881095,0.00069487,2017-04-30T16:57:03.27,0.00072739,0.00070495,0.00065,BTC-LUN,164,4099,0.00065,2017-11-07T15:08:15.913,15734.09480362
97,5.397e-05,52.83277401,5.339e-05,2016-01-18T20:38:22.707,5.5e-05,5.339e-05,4.603e-05,BTC-MAID,330,3867,4.72e-05,2017-11-07T15:08:15.07,1042511.1495066
98,1.81e-06,17.22441862,1.78e-06,2017-10-13T23:32:02.993,1.85e-06,1.78e-06,1.59e-06,BTC-MANA,172,2482,1.63e-06,2017-11-07T15:07:04.457,9925783.36897099
99,0.00082372,226.8497454,0.000817,2017-07-02T00:37:16.957,0.00086821,0.00081716,0.00078754,BTC-MCO,484,10137,0.000803,2017-11-07T15:08:12.523,272990.37823446
100,3.227e-05,387.06449889,3.189e-05,2016-04-01T18:24:07.207,4.34e-05,3.189e-05,2.843e-05,BTC-MEME,326,1794,3.672e-05,2017-11-07T15:07:32.837,10691280.40896541
101,0.00818064,13.85555509,0.00793024,2017-03-15T19:30:56.167,0.00864404,0.00792701,0.00762766,BTC-MLN,106,1496,0.00865097,2017-11-07T15:08:16.24,1717.51692216
102,0.00037284,58.73460679,0.00037158,2014-04-18T22:00:00,0.00038239,0.00037158,0.000362,BTC-MONA,459,3828,0.00037471,2017-11-07T15:08:15.477,158641.59896699
103,0.0007098,195.11695473,0.00070405,2017-07-08T14:59:57.34,0.00077616,0.00070401,0.00067144,BTC-MTL,528,6209,0.00067999,2017-11-07T15:07:47.18,271605.85782846
104,1.48e-05,14.22400057,1.479e-05,2015-04-09T17:31:31.113,1.65e-05,1.463e-05,1.401e-05,BTC-MUE,230,3075,1.405e-05,2017-11-07T15:08:12.507,956319.85111704
105,2e-06,36.65675328,1.99e-06,2017-03-27T19:59:13.073,2.52e-06,2e-06,1.86e-06,BTC-MUSIC,285,9387,1.88e-06,2017-11-07T15:06:55.58,17479745.02833718
106,8.502e-05,4.16527362,8.5e-05,2017-06-19T19:13:43.73,8.84e-05,8.502e-05,8.5e-05,BTC-MYST,162,3693,8.628e-05,2017-11-07T15:00:24.823,48562.63185368
107,0.000109,78.59062032,0.00010892,2014-07-08T03:37:28.39,0.00011375,0.00010892,0.00010544,BTC-NAV,511,5104,0.00010637,2017-11-07T15:06:48.05,715610.13984771
108,0.00014149,24.38972683,0.00014011,2015-04-08T03:57:37.33,0.000144,0.00014011,0.00013634,BTC-NBT,44,1774,0.00013719,2017-11-07T15:06:06.5,173899.82460258
109,0.00372141,1136.76683295,0.00372095,2016-10-26T01:28:31.96,0.00382043,0.00372141,0.0036003,BTC-NEO,4590,26894,0.00360921,2017-11-07T15:08:12.053,307079.50467716
110,0.00032959,7.1260442,0.000328,2014-08-20T00:06:59.63,0.00034401,0.00032853,0.00031456,BTC-NEOS,266,2038,0.00034323,2017-11-07T15:08:06.96,21918.15917448
111,1.369e-05,26.98271702,1.344e-05,2014-04-04T22:00:00,1.419e-05,1.343e-05,1.196e-05,BTC-NLG,254,3298,1.223e-05,2017-11-07T15:08:06.773,2041100.46694604
112,0.00153999,15.68692958,0.00150989,2017-06-22T21:58:57.657,0.0016,0.00154091,0.00147258,BTC-NMR,148,4353,0.00149,2017-11-07T15:08:14.383,10292.8333669
113,2.695e-05,20.05405861,2.675e-05,2017-04-17T22:51:08.97,2.929e-05,2.695e-05,2.557e-05,BTC-NXC,100,3821,2.72e-05,2017-11-07T15:07:01.237,726773.41350518
114,0.00013652,24.27409843,0.00013615,2015-01-25T03:00:35.143,0.0001419,0.00013652,0.00012577,BTC-NXS,528,4194,0.00012577,2017-11-07T15:06:49.94,179039.69745319
115,8.2e-06,44.74578388,8.13e-06,2014-03-03T09:00:00,8.27e-06,8.2e-06,7.85e-06,BTC-NXT,350,8430,7.86e-06,2017-11-07T15:07:16.923,5522262.67603284
116,3.493e-05,142.71909057,3.479e-05,2015-05-30T19:26:37.523,3.749e-05,3.48e-05,3.451e-05,BTC-OK,974,10323,3.439e-05,2017-11-07T15:08:10.803,3999705.7330655
117,0.000891,949.87836943,0.00089,2017-07-16T17:07:42.313,0.00096103,0.000891,0.00086706,BTC-OMG,2291,17505,0.00087437,2017-11-07T15:08:02.913,1033141.86088472
118,0.00334788,12.50450745,0.00330167,2015-11-03T19:13:33.197,0.00335788,0.00330167,0.00296994,BTC-OMNI,336,2313,0.00297005,2017-11-07T15:06:48.707,3928.01246394
119,0.00119988,28.29461198,0.001195,2017-07-20T18:19:07.157,0.00124999,0.001195,0.00111,BTC-PART,268,1901,0.00112253,2017-11-07T15:06:49.52,23905.90831443
120,0.00023084,238.19912808,0.00023031,2017-07-07T07:14:00.793,0.00024348,0.00023084,0.0002166,BTC-PAY,976,14452,0.000217,2017-11-07T15:07:56.57,1035837.46078954
121,1.717e-05,10.63481868,1.69e-05,2016-06-02T04:39:35.21,1.72e-05,1.719e-05,1.435e-05,BTC-PDC,191,2433,1.466e-05,2017-11-07T15:07:58.757,661468.59567222
122,3.27e-06,34.76592437,3.25e-06,2014-07-29T07:41:09.4,3.53e-06,3.25e-06,3e-06,BTC-PINK,255,2927,3.38e-06,2017-11-07T15:07:39.507,10472953.53271992
123,0.00040575,177.72012003,0.00040201,2016-03-02T20:45:37.987,0.00043595,0.00040201,0.000395,BTC-PIVX,869,6422,0.00043351,2017-11-07T15:08:15.523,433945.29750296
124,6.899e-05,26.76671501,6.897e-05,2015-06-03T06:31:14.35,7.864e-05,6.9e-05,6.65e-05,BTC-PKB,316,2560,7.199e-05,2017-11-07T15:07:58.21,374145.1126608
125,1.768e-05,1030.54813554,1.741e-05,2014-03-11T08:00:00,2.692e-05,1.769e-05,1.704e-05,BTC-POT,714,4149,2.488e-05,2017-11-07T15:08:15.617,46778859.14350275
126,0.00018986,5.29620945,0.00018734,2014-02-13T00:00:00,0.00019217,0.0001873,0.00018262,BTC-PPC,176,2793,0.00018401,2017-11-07T15:08:11.6,28326.7061888
127,4.66e-06,3.39346591,4.62e-06,2014-03-27T18:00:00,4.87e-06,4.62e-06,4.46e-06,BTC-PTC,215,2457,4.82e-06,2017-11-07T15:05:20.783,729093.66329428
128,2.18e-05,84.25740463,2.17e-05,2017-06-18T17:04:24.1,2.59e-05,2.18e-05,2.027e-05,BTC-PTOY,268,6653,2.06e-05,2017-11-07T15:02:39.53,3648688.9206929
129,8.552e-05,7.26565494,8.36e-05,2017-06-10T00:01:39.293,8.613e-05,8.389e-05,8.1e-05,BTC-QRL,332,3513,8.101e-05,2017-11-07T15:08:14.68,87132.8318894
130,0.0014889,754.87097339,0.001488,2017-07-20T19:08:43.473,0.00155801,0.0014889,0.00142935,BTC-QTUM,840,11807,0.00145057,2017-11-07T15:08:07.82,505848.57469646
131,1.939e-05,37.80989645,1.923e-05,2017-03-05T19:30:16.853,2.135e-05,1.939e-05,1.91e-05,BTC-QWARK,275,5215,2.12e-05,2017-11-07T15:07:57.193,1869789.31742569
132,0.00046486,9.91478235,0.00045486,2016-01-26T23:22:16.193,0.00047099,0.00045483,0.00041861,BTC-RADS,126,2032,0.00042751,2017-11-07T15:08:12.82,22508.29097722
133,9.928e-05,10.75847321,9.821e-05,2014-04-05T08:00:00,0.00010556,9.928e-05,9.529e-05,BTC-RBY,1485,5823,9.608e-05,2017-11-07T15:03:34,107668.4966594
134,1.6e-07,61.69796712,1.5e-07,2014-02-25T09:00:00,1.6e-07,1.6e-07,1.4e-07,BTC-RDD,1260,18129,1.5e-07,2017-11-07T15:07:14.877,399155569.862363
135,0.00246312,53.14976569,0.00243006,2016-10-04T15:45:37.14,0.00278,0.00246239,0.00227761,BTC-REP,174,1851,0.00233027,2017-11-07T15:08:15.523,21223.43968615
136,3.446e-05,100.456217,3.445e-05,2016-06-24T17:00:00.043,3.65e-05,3.446e-05,3.396e-05,BTC-RISE,520,5705,3.463e-05,2017-11-07T15:07:53.977,2862202.86795447
137,7.397e-05,15.4244851,7.364e-05,2017-04-27T00:20:33.857,7.861e-05,7.401e-05,7.3e-05,BTC-RLC,179,3546,7.585e-05,2017-11-07T15:08:10.163,204359.10683981
138,1.23e-06,138.36000091,1.21e-06,2016-02-13T22:14:21.14,1.43e-06,1.21e-06,1.13e-06,BTC-SAFEX,524,6405,1.15e-06,2017-11-07T15:06:12.877,109240597.34421428
139,0.0004148,384.21722775,0.00041368,2017-10-16T17:32:48.777,0.00044108,0.00041481,0.00037129,BTC-SALT,589,1976,0.000385,2017-11-07T15:08:15.71,951462.8674621
140,0.0001424,7.79166772,0.00014056,2016-07-09T19:02:08.943,0.000143,0.0001424,0.00013206,BTC-SBD,120,1832,0.00013206,2017-11-07T15:08:12.15,56122.89426263
141,5.3e-07,129.6505736,5.2e-07,2017-05-22T21:30:29.16,5.4e-07,5.3e-07,4.8e-07,BTC-SC,1025,26552,4.8e-07,2017-11-07T15:07:07.393,250187540.85941
142,1.748e-05,20.86923626,1.722e-05,2016-09-23T07:10:11.78,1.91e-05,1.761e-05,1.651e-05,BTC-SEQ,148,1721,1.69e-05,2017-11-07T15:08:08.943,1140545.49895117
143,0.0001425,8.43167253,0.00014105,2016-10-11T19:48:35.573,0.00015095,0.00014105,0.000135,BTC-SHIFT,146,2385,0.00014569,2017-11-07T15:05:58,59049.95104789
144,0.00015379,4.13353309,0.00015013,2017-02-18T22:34:49.373,0.000155,0.00015013,0.00014415,BTC-SIB,124,2419,0.000145,2017-11-07T15:08:04.93,27431.81714703
145,4.918e-05,34.40279647,4.901e-05,2014-03-23T06:00:00,5.274e-05,4.914e-05,3.88e-05,BTC-SLR,279,1975,3.9e-05,2017-11-07T15:08:10.977,751172.97384336
146,0.00198431,10.89710894,0.00191341,2016-01-20T22:24:04.65,0.00204572,0.00191271,0.00171,BTC-SLS,201,1746,0.0017849,2017-11-07T15:08:12.977,5762.89046354
147,2.607e-05,456.47343384,2.6e-05,2016-10-02T22:16:04.773,3.653e-05,2.6e-05,2.113e-05,BTC-SNGLS,377,1976,2.212e-05,2017-11-07T15:06:39.813,15607694.83300606
148,0.00022158,16.34125262,0.00021065,2015-06-03T06:27:04.623,0.000237,0.00021065,0.000185,BTC-SNRG,274,1659,0.0001943,2017-11-07T15:08:15.803,80745.31649837
149,4.25e-06,95.59681235,4.19e-06,2017-06-28T18:26:15.73,4.33e-06,4.25e-06,4.08e-06,BTC-SNT,363,10241,4.16e-06,2017-11-07T15:08:08.07,22738243.79593963
150,0.0003972,6.61611635,0.00039002,2015-05-18T22:45:47.093,0.00040013,0.00039002,0.00037988,BTC-SPHR,138,1302,0.000385,2017-11-07T15:07:11.423,16994.58484077
151,4.331e-05,14.36089846,4.3e-05,2014-12-19T02:33:07.747,4.595e-05,4.331e-05,4.101e-05,BTC-SPR,253,3401,4.315e-05,2017-11-07T15:05:02.11,331436.19755828
152,6.27e-06,14.52284805,6.21e-06,2014-06-14T07:09:15.327,7.21e-06,6.1e-06,6.1e-06,BTC-START,341,5891,6.78e-06,2017-11-07T15:07:46.79,2210186.9375096
153,0.00012298,74.4447279,0.00012201,2016-04-17T01:22:13.35,0.00013,0.00012298,0.00011906,BTC-STEEM,447,7517,0.00012124,2017-11-07T15:08:03.68,600490.55403691
154,7.218e-05,151.44588254,7.2e-05,2017-07-11T21:14:32.643,7.41e-05,7.2e-05,6.464e-05,BTC-STORJ,628,6687,6.64e-05,2017-11-07T15:08:12.273,2163087.40462928
155,0.00042479,335.64107071,0.0004228,2016-08-10T23:26:39.657,0.00044732,0.00042281,0.00041003,BTC-STRAT,1580,22044,0.00042259,2017-11-07T15:08:15.507,783760.89041003
156,0.00015548,51.19201971,0.00015515,2014-10-03T19:16:23.143,0.0001885,0.0001556,0.00014304,BTC-SWIFT,192,1999,0.00014404,2017-11-07T15:05:17.237,300548.39445424
157,0.00017446,7.69135226,0.00017416,2017-03-08T22:32:26.03,0.000179,0.00017416,0.00015394,BTC-SWT,119,1738,0.0001669,2017-11-07T14:59:53.62,45459.68945404
158,3.397e-05,38.11357903,3.354e-05,2016-08-25T21:23:15.27,3.709e-05,3.419e-05,3.228e-05,BTC-SYNX,185,2406,3.294e-05,2017-11-07T15:08:14.21,1109811.15914166
159,2.836e-05,158.77915741,2.828e-05,2014-08-16T19:57:48.823,2.892e-05,2.836e-05,2.732e-05,BTC-SYS,878,8119,2.735e-05,2017-11-07T15:07:51.757,5604113.13849381
160,2.3e-06,311.22997444,2.28e-06,2014-04-29T21:00:00,3.89e-06,2.3e-06,2.22e-06,BTC-THC,480,3987,2.7e-06,2017-11-07T15:08:11.74,104411914.35888116
161,0.00334542,2.88578213,0.00329715,2017-03-09T00:44:08.673,0.00336982,0.00334542,0.0032935,BTC-TIME,129,1582,0.00330242,2017-11-07T15:08:10.553,872.15357799
162,2.494e-05,26.84840848,2.419e-05,2017-10-25T21:01:08.287,2.739e-05,2.413e-05,2.413e-05,BTC-TIX,124,2278,2.48e-05,2017-11-07T15:08:10.07,1051587.38658965
163,0.00015065,24.30061578,0.00014612,2017-05-08T17:09:34.91,0.00016,0.00014831,0.00014546,BTC-TKN,173,3436,0.00015041,2017-11-07T15:08:10.96,160762.62963719
164,0.00025961,28.0716462,0.0002493,2017-03-23T00:48:15.94,0.000285,0.00025978,0.00022098,BTC-TKS,167,1466,0.00022161,2017-11-07T15:08:13.227,110045.55340595
165,8.328e-05,129.86040946,8.288e-05,2016-09-08T05:59:08.183,8.909e-05,8.328e-05,7.803e-05,BTC-TRIG,461,8792,8.03e-05,2017-11-07T15:02:17.53,1544663.19598378
166,3.442e-05,18.58339563,3.411e-05,2017-04-19T04:53:43.893,3.68e-05,3.397e-05,3.328e-05,BTC-TRST,249,3748,3.374e-05,2017-11-07T15:08:16.18,529550.07250361
167,1.7e-05,33.80415721,1.662e-05,2014-07-07T05:46:18.71,1.986e-05,1.664e-05,1.471e-05,BTC-TRUST,286,2083,1.589e-05,2017-11-07T15:07:53.32,1930237.16304366
168,0.00029219,30.84929479,0.0002886,2015-09-02T08:02:54.3,0.00030598,0.00029304,0.0002851,BTC-TX,388,804,0.00029099,2017-11-07T15:08:04.553,104619.6663565
169,0.00016023,34.87756933,0.00016022,2017-02-08T17:00:59.02,0.000165,0.00016023,0.00014731,BTC-UBQ,622,7579,0.00014955,2017-11-07T15:07:01.253,222783.46338187
170,3.878e-05,4.24695008,3.813e-05,2016-08-24T21:39:28.357,3.949e-05,3.878e-05,3.581e-05,BTC-UNB,146,1624,3.8e-05,2017-11-07T15:07:34.023,113034.33744877
171,0.00021116,58.98161456,0.00020905,2014-07-18T00:20:00.393,0.00022,0.00020917,0.0002056,BTC-VIA,474,3261,0.00021084,2017-11-07T15:07:36.383,278975.01098113
172,5.77e-06,46.17480723,5.65e-06,2015-12-30T04:21:47.31,6.49e-06,5.79e-06,5.26e-06,BTC-VOX,264,5924,5.94e-06,2017-11-07T15:08:13.193,7895635.41772296
173,7.577e-05,110.33941378,7.534e-05,2014-05-13T07:00:00,8.7e-05,7.534e-05,7.044e-05,BTC-VRC,494,2560,8.036e-05,2017-11-07T15:08:10.07,1392782.62850891
174,0.0004341,7.92286217,0.0004254,2016-09-16T04:52:17.637,0.00044711,0.0004341,0.00040502,BTC-VRM,212,1509,0.00041501,2017-11-07T14:59:46.59,18528.0526422
175,0.00050905,970.14531953,0.00050877,2014-02-13T00:00:00,0.00054695,0.00050905,0.00047569,BTC-VTC,2819,8162,0.00051366,2017-11-07T15:08:08.773,1888013.33693146
176,2.985e-05,55.65396971,2.983e-05,2014-12-19T02:33:10.943,3.304e-05,2.97e-05,2.441e-05,BTC-VTR,245,1975,2.513e-05,2017-11-07T15:08:06.35,1927371.70128307
177,0.00051664,365.56966317,0.000512,2016-06-19T15:46:31.167,0.0005321,0.00051664,0.00046,BTC-WAVES,1205,11274,0.00049866,2017-11-07T15:08:10.71,723529.26000108
178,5.238e-05,12.96799515,5.2e-05,2017-04-26T22:34:24.49,5.544e-05,5.2e-05,5.09e-05,BTC-WINGS,134,5064,5.207e-05,2017-11-07T15:02:26.06,243028.90949113
179,2.547e-05,4.58055654,2.501e-05,2016-09-25T00:15:16.103,2.54e-05,2.54e-05,2.426e-05,BTC-XAUR,82,1437,2.428e-05,2017-11-07T15:07:16.737,184233.49417003
180,0.00173514,34.41475969,0.00173187,2015-02-14T04:20:41,0.00185,0.00173314,0.00155331,BTC-XCP,449,3451,0.00156002,2017-11-07T15:08:12.553,19712.54706043
181,3.2e-07,12.57159609,3.1e-07,2014-06-21T18:37:57.64,3.3e-07,3.1e-07,3e-07,BTC-XDN,620,6592,3.2e-07,2017-11-07T15:06:12.5,39856480.55148872
182,3.875e-05,184.57599289,3.853e-05,2017-07-01T17:38:44.883,4.921e-05,3.875e-05,3.746e-05,BTC-XEL,338,7251,3.782e-05,2017-11-07T15:07:32.82,4323952.90766462
183,2.563e-05,241.99748763,2.555e-05,2015-04-10T21:06:00.043,2.689e-05,2.564e-05,2.393e-05,BTC-XEM,1079,11769,2.526e-05,2017-11-07T15:07:35.273,9508995.52979466
184,4.39e-06,1120.57830683,4.38e-06,2015-11-17T20:06:44.92,4.8e-06,4.38e-06,3.75e-06,BTC-XLM,1676,15677,3.8e-06,2017-11-07T15:08:15.68,259574646.7611488
185,3.26e-05,9.02583364,3.226e-05,2014-11-10T06:25:07.533,3.65e-05,3.259e-05,3.205e-05,BTC-XMG,303,2276,3.598e-05,2017-11-07T15:08:08.383,260486.34441579
186,0.01371901,1044.08642048,0.01368138,2014-06-04T07:38:39.24,0.014997,0.01368136,0.01250084,BTC-XMR,1295,6827,0.01250879,2017-11-07T15:08:16.197,75311.01042889
187,4.1e-07,22.79293371,4e-07,2014-03-15T08:00:00,4.5e-07,4.1e-07,3.7e-07,BTC-XMY,443,4811,3.7e-07,2017-11-07T15:06:01.8,55595582.19054036
188,2.895e-05,969.29099722,2.894e-05,2014-12-22T19:30:27.45,2.931e-05,2.898e-05,2.773e-05,BTC-XRP,2290,26414,2.792e-05,2017-11-07T15:08:15.65,33977960.45385569
189,2.346e-05,17.11356232,2.293e-05,2014-07-09T20:33:00.59,2.535e-05,2.342e-05,2.171e-05,BTC-XST,213,1343,2.247e-05,2017-11-07T15:07:41.79,723772.66394946
190,0.00012955,436.66296877,0.00012702,2016-03-12T19:37:38.863,0.00018694,0.000127,0.00012693,BTC-XVC,622,3002,0.00017915,2017-11-07T15:08:15.68,2786022.5913282
191,1.06e-06,2201.24423441,1.05e-06,2016-02-17T22:42:03.61,1.31e-06,1.06e-06,9.5e-07,BTC-XVG,3231,16149,1.3e-06,2017-11-07T15:08:11.1,1971855825.7041428
192,7.32e-06,31.17331562,7.2e-06,2014-04-14T00:00:00,8e-06,7.2e-06,6.86e-06,BTC-XWC,487,1431,7.73e-06,2017-11-07T15:08:07.32,4072335.22208147
193,0.00209869,119.34333975,0.00208523,2016-10-20T04:48:30.387,0.00228,0.00209869,0.002054,BTC-XZC,905,3693,0.00213724,2017-11-07T15:08:04.523,55145.90459995
194,0.00025181,18.40304304,0.00025,2016-11-15T20:29:59.73,0.000255,0.00025,0.00023303,BTC-ZCL,213,5202,0.00023743,2017-11-07T15:08:13.04,75631.58551447
195,0.03300666,321.28051475,0.03299609,2016-10-28T17:13:10.833,0.03382818,0.03300666,0.03127079,BTC-ZEC,880,11188,0.03127079,2017-11-07T15:08:09.977,9866.56050835
196,0.00290106,155.50619484,0.00290005,2017-06-05T16:39:49.07,0.0031,0.00290106,0.002819,BTC-ZEN,1701,4425,0.00291105,2017-11-07T15:08:12.163,53037.91327886
197,0.00124873,468.05204017,0.00119996,2017-06-11T17:33:06.127,0.00172,0.00119995,0.00103153,ETH-1ST,109,333,0.00108,2017-11-07T15:08:14.57,343009.12724127
198,6.656e-05,81.45787025,6.526e-05,2017-07-03T21:08:06.22,7.34e-05,6.501e-05,6.31e-05,ETH-ADT,68,536,6.34e-05,2017-11-07T15:06:10.33,1220231.44910124
199,0.00305345,620.3632826,0.00304802,2017-07-11T22:42:17.78,0.0033389,0.00305345,0.00289343,ETH-ADX,185,576,0.00293685,2017-11-07T15:08:09.943,198408.29566883
200,0.003773,240.88255217,0.00376001,2017-05-19T15:55:11.293,0.00399598,0.00376,0.00330006,ETH-ANT,84,411,0.00399666,2017-11-07T15:07:46.773,66634.65577182
201,0.00048698,155.56965468,0.00048188,2017-06-03T22:04:52.38,0.000487,0.00048698,0.00046003,ETH-BAT,183,1083,0.0004655,2017-11-07T15:03:00.42,328561.48591177
202,2.06999711,2905.19041988,2.0498517,2017-08-01T18:34:04.763,2.1878999,2.06999781,1.96000003,ETH-BCC,435,455,2.129,2017-11-07T15:08:15.54,1427.96591021
203,0.0064049,105.96590951,0.00628906,2017-06-22T21:36:30.867,0.00640899,0.00640763,0.00621213,ETH-BNT,67,411,0.00621003,2017-11-07T15:08:16.227,16917.84150782
204,0.0,26.34440146,0.0,2017-08-04T18:01:27.853,0.00017062,0.00015172,0.00013,ETH-BTS,74,212,0.00014932,2017-11-05T03:48:43.87,175120.1443082
205,0.00031239,165.05902264,0.00030589,2017-06-19T19:59:14.89,0.00037576,0.00030588,0.00029,ETH-CFI,103,434,0.00030476,2017-11-07T15:08:08.99,503569.08461426
206,0.00129326,172.90252109,0.00118921,2017-06-13T19:40:35.217,0.00164498,0.0013,0.0010229,ETH-CRB,57,175,0.00104351,2017-11-07T15:08:15.43,128246.23107182
207,0.0009929,390.81322414,0.0009805,2017-07-16T23:04:18.99,0.00099398,0.00098342,0.00092,ETH-CVC,186,1018,0.000951,2017-11-07T15:08:15.71,404994.31342315
208,0.98926805,395.34251521,0.974,2017-07-14T17:10:05.143,0.99999999,0.97958872,0.909009,ETH-DASH,134,222,0.91999959,2017-11-07T15:08:16.087,412.02752077
209,2.931e-05,131.65557335,2.877e-05,2017-08-04T18:01:27.777,2.952e-05,2.872e-05,2.754e-05,ETH-DGB,79,600,2.83e-05,2017-11-07T15:08:15.57,4545802.33433863
210,0.22699873,11.04515306,0.21351368,2016-06-17T18:51:39.087,0.22699978,0.22699928,0.20593881,ETH-DGD,67,191,0.20925303,2017-11-07T15:08:10.71,52.10772773
211,0.00013503,89.32676435,0.00013101,2017-08-04T02:09:02.887,0.0001463,0.000131,0.00012835,ETH-DNT,61,379,0.00013647,2017-11-07T15:08:11.443,658276.37350172
212,0.04773867,892.82827676,0.04680023,2016-07-28T21:45:59.05,0.04903084,0.04774005,0.04615162,ETH-ETC,204,1022,0.04903084,2017-11-07T15:08:15.99,18780.84426391
213,0.05687788,168.68584374,0.05535569,2017-08-04T18:01:27.853,0.05976,0.05498019,0.04755237,ETH-FCT,78,174,0.04728749,2017-11-07T15:08:16.18,3174.58194019
214,5.313e-05,127.18436958,5.275e-05,2017-07-04T18:45:47.143,5.443e-05,5.313e-05,4.7e-05,ETH-FUN,105,835,5.103e-05,2017-11-07T15:08:15.85,2459384.2273126
215,0.20844448,4.88571367,0.20491111,2017-04-30T18:42:52.17,0.2112,0.20846403,0.19999938,ETH-GNO,49,265,0.21086854,2017-11-07T15:07:46.303,23.95994987
216,0.00065919,591.32952447,0.00064899,2017-04-20T06:38:51.877,0.00066075,0.00064864,0.00061599,ETH-GNT,205,1430,0.000642,2017-11-07T15:08:16.087,929275.13644412
217,0.00053911,255.36465143,0.00053651,2017-04-30T18:40:42.213,0.000634,0.0005379,0.0004512,ETH-GUP,67,217,0.00046826,2017-11-07T15:08:01.383,506703.98149068
218,0.00031153,76.80916805,0.00029646,2017-05-10T07:27:27.597,0.00033111,0.00031177,0.00028302,ETH-HMQ,64,295,0.00029449,2017-11-07T15:08:15.29,254135.83750384
219,0.0030973,187.79931529,0.0029987,2017-06-17T15:02:02.783,0.00356244,0.0030973,0.00276021,ETH-LGD,80,326,0.00334832,2017-11-07T15:08:15.71,61553.73257947
220,0.19894989,1017.01977045,0.19696237,2017-06-25T03:06:46.83,0.19998348,0.19696227,0.18100002,ETH-LTC,304,529,0.18519999,2017-11-07T15:07:53.523,5356.54596955
221,0.01715166,55.69112266,0.01681043,2017-04-30T18:41:22.84,0.01715166,0.01715166,0.01580807,ETH-LUN,60,282,0.01591477,2017-11-07T15:07:54.147,3413.27551718
222,4.397e-05,40.50933897,4.3e-05,2017-10-13T23:32:03.027,4.525e-05,4.3e-05,3.867e-05,ETH-MANA,70,224,3.803e-05,2017-11-07T14:58:21.213,973660.73303155
223,0.01989039,363.08162035,0.01968506,2017-07-02T00:37:17.05,0.02049996,0.01989039,0.019,ETH-MCO,185,1031,0.01932435,2017-11-07T15:07:21.693,18537.89435245
224,0.01714229,141.44438588,0.01681979,2017-07-08T14:59:57.37,0.01799422,0.01713404,0.0160001,ETH-MTL,120,529,0.01632,2017-11-07T15:08:16.053,8382.23701694
225,0.00208112,3.35049134,0.00203064,2017-06-19T19:13:43.743,0.0021976,0.00206051,0.0020101,ETH-MYST,45,375,0.00219137,2017-11-07T15:08:03.24,1627.20707905
226,0.08999987,1538.34121373,0.08950226,2017-07-21T01:08:49.397,0.08999991,0.08999987,0.0862,ETH-NEO,920,1746,0.0884772,2017-11-07T15:08:15.947,17496.23334215
227,0.03731946,16.16403766,0.03728574,2017-06-22T21:58:57.657,0.03728574,0.03728574,0.03435706,ETH-NMR,98,426,0.03655436,2017-11-07T15:03:32.157,445.66531726
228,0.02175537,1799.92135894,0.02149304,2017-07-16T17:07:42.41,0.0225,0.02175547,0.02085,ETH-OMG,563,2132,0.02125,2017-11-07T15:08:16.053,82882.55391868
229,0.00559993,708.17053889,0.00551826,2017-07-07T07:14:00.873,0.00575931,0.00559996,0.00520201,ETH-PAY,305,1679,0.00528,2017-11-07T15:08:15.96,130404.51826568
230,0.00053979,194.22043484,0.00052248,2017-06-18T17:04:24.147,0.00061394,0.00053001,0.00048652,ETH-PTOY,78,532,0.00052192,2017-11-07T15:08:15.977,355850.77772362
231,0.00205985,9.96053414,0.00198661,2017-06-11T17:33:06.14,0.00201927,0.002,0.00190001,ETH-QRL,89,196,0.00204259,2017-11-07T15:08:15.29,5026.68231775
232,0.03649274,1303.13120409,0.03585301,2017-07-20T19:08:43.473,0.03736976,0.035853,0.034,ETH-QTUM,358,1016,0.0356,2017-11-07T15:08:15.32,36276.53328732
233,0.06093582,153.57590953,0.05874935,2017-04-20T06:43:49.19,0.06869237,0.0609572,0.05519379,ETH-REP,99,177,0.05662639,2017-11-07T15:08:15.74,2622.79959357
234,0.00182783,29.574392,0.001775,2017-04-30T18:41:22.823,0.00186341,0.00177126,0.00175,ETH-RLC,65,283,0.0018589,2017-11-07T15:08:01.273,16228.24989297
235,0.01003583,975.21373778,0.00996584,2017-10-16T17:32:48.84,0.01042752,0.01000501,0.00900744,ETH-SALT,97,196,0.00947785,2017-11-07T15:08:11.79,101069.37164987
236,1.271e-05,146.39963109,1.26e-05,2017-07-14T17:10:07.74,1.285e-05,1.26e-05,1.149e-05,ETH-SC,142,1170,1.174e-05,2017-11-07T15:00:47.34,12007826.18041916
237,0.000638,1318.64635311,0.00062672,2017-04-30T18:41:22.853,0.00086196,0.00062903,0.000504,ETH-SNGLS,179,203,0.00053789,2017-11-07T15:08:14.367,1947954.15594826
238,0.00010298,267.6226903,0.00010097,2017-06-28T18:26:15.747,0.00010317,0.00010299,9.702e-05,ETH-SNT,173,1043,0.00010159,2017-11-07T15:08:16.197,2664183.39654407
239,0.00176932,124.71201129,0.00174606,2017-07-11T21:14:32.643,0.00178,0.0017709,0.00155,ETH-STORJ,125,442,0.00162,2017-11-07T15:08:15.82,76384.29405034
240,0.0103553,245.24052843,0.01011831,2017-08-04T18:01:27.713,0.01047204,0.01035644,0.00985906,ETH-STRAT,233,1177,0.01032496,2017-11-07T15:08:15.947,24226.59502484
241,0.08213298,6.09313182,0.07877313,2017-06-23T18:01:03.323,0.07838918,0.07838918,0.0766623,ETH-TIME,70,135,0.07834608,2017-11-07T15:08:05.053,77.88982641
242,0.00060486,51.05298749,0.00058957,2017-10-25T21:01:08.287,0.000635,0.000605,0.00058002,ETH-TIX,38,311,0.00061193,2017-11-07T15:07:37.68,83583.53388777
243,0.00364992,41.23212692,0.00353713,2017-05-09T04:43:46.723,0.0038783,0.00364992,0.00335111,ETH-TKN,63,492,0.00364099,2017-11-07T15:08:04.273,11397.20937904
244,0.00083715,67.60890636,0.00081261,2017-05-19T15:55:11.28,0.000882,0.000815,0.000802,ETH-TRST,77,209,0.00083,2017-11-07T15:08:04.18,81173.62610005
245,0.01284238,274.08404766,0.01247281,2017-08-04T18:00:50.15,0.01280005,0.01240318,0.0111,ETH-WAVES,184,451,0.01215432,2017-11-07T15:08:15.68,22896.31617567
246,0.00126516,68.96869966,0.001252,2017-04-26T22:16:06.627,0.00129513,0.00126516,0.00123944,ETH-WINGS,47,319,0.00129125,2017-11-07T15:08:15.837,54656.99568928
247,0.00062099,576.81503701,0.00061171,2017-07-21T01:08:49.38,0.00063419,0.000619,0.00057261,ETH-XEM,142,551,0.00061745,2017-11-07T15:08:16.133,943136.07269128
248,0.00010763,723.53452121,0.00010617,2017-07-21T01:08:49.38,0.00011195,0.00010616,9e-05,ETH-XLM,234,426,9.212e-05,2017-11-07T15:08:15.947,6938041.349078
249,0.33387613,907.83718095,0.332,2017-07-21T01:08:49.367,0.34985,0.332,0.30332728,ETH-XMR,145,268,0.30260647,2017-11-07T15:08:09.4,2744.02687868
250,0.00070135,732.20781157,0.00069935,2017-06-25T03:07:09.677,0.00070135,0.00069935,0.000666,ETH-XRP,455,836,0.00067807,2017-11-07T15:07:09.27,1073710.10184083
251,0.805,488.92474608,0.7993,2017-07-14T17:10:07.8,0.807,0.805,0.75149496,ETH-ZEC,264,525,0.75939371,2017-11-07T15:07:54.507,628.13325691
252,591.0,5189742.61039115,590.0,2017-08-01T18:34:04.873,648.99999805,591.0,585.012,USDT-BCC,1273,2114,634.20005945,2017-11-07T15:06:32.72,8547.05958332
253,6960.0000003,42069885.59340313,6956.0,2015-12-11T06:31:40.633,7285.89999999,6955.0,6923.0,USDT-BTC,9549,4033,7264.9,2017-11-07T15:08:08.46,5953.03796646
254,281.55555001,1031557.21065323,281.55555,2017-07-21T01:08:49.413,301.61904399,281.55555,272.1632695,USDT-DASH,418,1048,274.99999999,2017-11-07T15:07:48.913,3591.96525175
255,13.55999981,2578445.17564239,13.55,2017-07-14T17:10:10.72,14.72,13.55,13.55,USDT-ETC,615,2164,14.62000002,2017-11-07T15:08:15.49,182787.2674287
256,288.99999969,4511413.9881025,288.59881502,2017-04-20T17:26:37.647,304.04122641,288.59881502,285.00000001,USDT-ETH,1690,4292,299.99999,2017-11-07T15:08:15.727,15252.8685003
257,57.11899993,1752713.50887898,56.8,2017-07-14T17:10:10.72,58.68,57.0,54.28713508,USDT-LTC,931,2472,55.42,2017-11-07T15:08:15.9,31069.02606981
258,26.1208484,1396735.61677436,25.91,2017-08-04T16:58:43.087,26.5799999,25.93702496,25.5,USDT-NEO,1316,5028,26.31097101,2017-11-07T15:08:14.74,53502.60359338
259,6.28790705,974235.6498905,6.2311,2017-09-15T23:49:44.83,6.6999,6.29734895,6.2,USDT-OMG,917,4774,6.3727765,2017-11-07T15:08:16.07,149947.55520017
260,96.45517209,2238187.81976644,96.21427531,2017-07-21T01:08:49.397,104.5,96.21427531,90.5,USDT-XMR,496,897,90.5,2017-11-07T15:08:15.65,22758.62066787
261,0.20199999,628427.03395061,0.20100001,2017-07-14T17:10:10.737,0.206,0.202,0.19934411,USDT-XRP,1144,4268,0.20369558,2017-11-07T15:07:45.977,3102291.34206739
262,231.45247382,456517.24001146,230.70000002,2017-07-14T17:10:10.673,235.99999955,230.70000002,226.0,USDT-ZEC,733,2860,227.0,2017-11-07T15:08:07.68,1975.46923347
263,2.15e-05,1660.31459837,2.13e-05,2017-11-07T07:59:10.913,0.0002001,2.13e-05,1.7e-05,BTC-RCN,631,2078,0.0002,2017-11-07T15:08:02.227,75309856.47049113
264,0.00052018,2858.8900734,0.00051179,2017-11-07T07:59:10.93,0.00089,0.00051981,0.00025124,ETH-RCN,122,232,0.00089,2017-11-07T15:07:15.69,5442099.13235499
