,Ask,BaseVolume,Bid,Created,High,Last,Low,MarketName,OpenBuyOrders,OpenSellOrders,PrevDay,TimeStamp,Volume
0,4.928e-05,573.2382029,4.924e-05,2017-06-06T01:22:35.727,7.245e-05,4.928e-05,4.451e-05,BTC-1ST,282,5803,4.451e-05,2017-11-07T15:12:17.027,9894755.17989707
1,8.7e-07,26.24757325,8.6e-07,2016-05-16T06:44:15.287,9.9e-07,8.6e-07,7.9e-07,BTC-2GIVE,323,2263,8.4e-07,2017-11-07T15:12:00.997,29855364.96972711
2,8.5e-07,17.30060813,8.4e-07,2014-10-31T01:43:25.743,9.9e-07,8.4e-07,8e-07,BTC-ABY,268,4897,8.3e-07,2017-11-07T15:09:48.727,19641915.13450994
3,3.12e-06,582.85313067,3.11e-06,2017-09-29T07:01:58.873,3.35e-06,3.12e-06,2.94e-06,BTC-ADA,1584,9187,2.98e-06,2017-11-07T15:11:33.323,185240326.68466794
4,2.72e-06,22.91115025,2.67e-06,2017-07-03T21:08:06.11,2.99e-06,2.72e-06,2.61e-06,BTC-ADT,159,3151,2.65e-06,2017-11-07T15:11:16.76,8179966.45513595
5,0.0001257,536.61819513,0.00012565,2017-07-11T22:42:17.78,0.0001429,0.00012565,0.00011997,BTC-ADX,702,8810,0.00012012,2017-11-07T15:12:15.387,4078268.27317461
6,0.000215,16.00516809,0.00021322,2015-07-31T00:50:47.11,0.00021999,0.00021322,0.00019103,BTC-AEON,254,2144,0.00020235,2017-11-07T15:07:44.35,76555.60604336
7,5.031e-05,2.89637357,4.955e-05,2015-11-10T00:53:59.643,5.117e-05,4.953e-05,4.74e-05,BTC-AGRS,201,2517,4.695e-05,2017-11-07T15:12:15.917,58709.78031104
8,2.1e-05,22.75083918,2.068e-05,2015-11-03T19:13:55.18,2.176e-05,2.07e-05,1.951e-05,BTC-AMP,156,5690,2.055e-05,2017-11-07T15:12:13.997,1095200.6825721
9,0.0001565,49.16637401,0.000154,2017-05-17T19:54:30.143,0.00016761,0.00015397,0.00014116,BTC-ANT,196,4287,0.00016259,2017-11-07T15:12:18.213,323801.7772449
10,0.00076829,2.95461388,0.00074634,2017-05-02T06:26:32.897,0.00076874,0.00074634,0.000725,BTC-APX,189,1878,0.00075148,2017-11-07T15:12:12.933,3945.7983662
11,2.826e-05,43.48496107,2.815e-05,2016-10-13T18:59:37.407,2.905e-05,2.826e-05,2.68e-05,BTC-ARDR,467,4268,2.679e-05,2017-11-07T15:08:26.04,1540870.81483418
12,0.00036586,288.9269213,0.00035958,2017-03-21T18:11:29.347,0.000378,0.000359,0.00033723,BTC-ARK,2198,9734,0.00034298,2017-11-07T15:12:17.81,801257.42305584
13,8.683e-05,2.00667156,8.51e-05,2014-03-16T22:00:00,8.777e-05,8.51e-05,8.5e-05,BTC-AUR,106,1584,8.711e-05,2017-11-07T15:12:14.247,23361.51452382
14,1.987e-05,99.49380805,1.984e-05,2017-06-03T22:04:53.82,2.05e-05,1.984e-05,1.91e-05,BTC-BAT,665,12938,1.922e-05,2017-11-07T15:11:59.107,4989203.09252865
15,3.98e-06,119.18461704,3.92e-06,2014-11-18T17:34:21.083,4.89e-06,3.88e-06,3.11e-06,BTC-BAY,289,3925,3.28e-06,2017-11-07T15:12:07.247,28885309.7173369
16,0.08459999,2073.84868618,0.08458,2017-08-01T18:34:04.967,0.08999999,0.08458,0.083959,BTC-BCC,3309,12101,0.088345,2017-11-07T15:11:58.73,24137.46032936
17,4.716e-05,11.6367226,4.612e-05,2015-09-10T05:28:20.787,4.799e-05,4.716e-05,4.145e-05,BTC-BCY,130,2898,4.2e-05,2017-11-07T15:12:14.543,262631.92747938
18,3.9e-07,8.85100645,3.8e-07,2015-02-15T23:07:32.777,3.9e-07,3.8e-07,3.6e-07,BTC-BITB,517,5118,3.7e-07,2017-11-07T15:11:43.387,23412249.48163646
19,0.00012248,5.7728954,0.00012027,2014-11-13T20:20:21.443,0.00012586,0.00012001,0.00011603,BTC-BLITZ,143,2610,0.00011955,2017-11-07T15:12:16.51,47842.76875828
20,3.033e-05,20.93889969,3.001e-05,2014-03-14T09:00:00,3.285e-05,3.001e-05,2.916e-05,BTC-BLK,190,4612,3.022e-05,2017-11-07T15:11:39.637,673211.79334224
21,0.00293232,27.56903556,0.00287004,2014-10-29T06:45:03.97,0.00299999,0.00293504,0.00246868,BTC-BLOCK,264,1526,0.00247433,2017-11-07T15:12:18.247,9870.99949726
22,0.00026171,10.55586169,0.00026083,2017-06-22T21:36:30.85,0.00027499,0.00026171,0.00025519,BTC-BNT,136,3314,0.00025525,2017-11-07T15:10:39.34,39981.01471113
23,2.095e-05,4.16439294,2.058e-05,2016-06-13T02:27:33.34,2.252e-05,2.095e-05,2.026e-05,BTC-BRK,126,2200,2.055e-05,2017-11-07T15:02:52.22,194299.64893162
24,6.962e-05,17.02106895,6.874e-05,2016-07-10T21:25:05.127,7.207e-05,6.962e-05,6.251e-05,BTC-BRX,140,2033,7.185e-05,2017-11-07T15:09:35.617,252987.19334295
25,8.214e-05,7.64701756,8.146e-05,2016-02-17T00:54:23.677,8.6e-05,8.214e-05,8.078e-05,BTC-BSD,188,2037,8.49e-05,2017-11-07T15:10:14.243,91431.98719023
26,0.01761969,8.25750217,0.0175,2014-07-14T06:05:04.567,0.01790817,0.01761969,0.01593002,BTC-BTCD,167,711,0.01784949,2017-11-07T15:08:30.15,480.7676977
27,0.0,63.85828478,0.0,2014-11-24T08:18:16.53,9.98e-06,8.86e-06,8.44e-06,BTC-BTS,229,4558,8.63e-06,2017-11-05T03:45:21.24,6871090.19001538
28,8.3e-07,13.92243887,8.1e-07,2014-09-16T07:41:56.047,8.8e-07,8.3e-07,7.5e-07,BTC-BURST,311,6353,8e-07,2017-11-07T15:10:53.463,17164239.015937
29,0.00016101,117.73913296,0.00016002,2014-11-03T19:02:45.96,0.00016843,0.00016101,7.455e-05,BTC-BYC,318,963,7.6e-05,2017-11-07T15:12:16.51,935426.61040333
30,3.7e-06,24.65560966,3.68e-06,2014-08-10T06:48:44.83,4.49e-06,3.68e-06,3.58e-06,BTC-CANN,254,6245,3.9e-06,2017-11-07T15:05:05.877,6129037.0112006
31,1.278e-05,103.3111557,1.264e-05,2017-06-19T19:59:14.78,1.589e-05,1.278e-05,1.204e-05,BTC-CFI,244,5375,1.278e-05,2017-11-07T15:11:42.073,7363081.99698353
32,0.00068974,7.3175222,0.00068116,2015-04-18T22:04:25.183,0.00072071,0.00068026,0.00064184,BTC-CLAM,238,1468,0.00066841,2017-11-07T15:12:17.293,10616.6673005
33,0.00069475,19.52912154,0.00068324,2014-06-04T08:53:18.563,0.0007666,0.00068299,0.00060111,BTC-CLOAK,316,2869,0.00066596,2017-11-07T15:12:16.543,28737.47988272
34,0.00021621,63.36339275,0.00021451,2015-12-18T00:30:10.31,0.00021878,0.00021401,0.0001996,BTC-CLUB,404,1825,0.000202,2017-11-07T15:11:56.84,302630.36322554
35,6.9e-07,11.17278711,6.8e-07,2015-01-22T19:11:45.903,7.1e-07,6.9e-07,6.4e-07,BTC-COVAL,301,4722,6.7e-07,2017-11-07T15:02:35.657,16365683.16323584
36,5.076e-05,19.29644036,5.008e-05,2015-07-25T06:30:32.53,6.187e-05,5.077e-05,5.004e-05,BTC-CPC,105,2770,5.71e-05,2017-11-07T15:12:16.573,343906.83803021
37,5.017e-05,231.62963177,4.992e-05,2017-06-13T19:40:35.203,6.999e-05,5.015e-05,4.328e-05,BTC-CRB,117,2975,4.252e-05,2017-11-07T15:12:17.277,3829897.33921375
38,0.00019548,12.7233938,0.000192,2017-03-06T21:10:15.663,0.00020351,0.00019437,0.0001883,BTC-CRW,188,1712,0.0002063,2017-11-07T15:12:10.98,65099.87537093
39,4.405e-05,87.81853872,4.404e-05,2014-05-13T09:00:00,6.146e-05,4.405e-05,4.23e-05,BTC-CURE,323,2202,5.699e-05,2017-11-07T15:12:09.73,1661045.40351744
40,4.045e-05,140.21207667,4.021e-05,2017-07-16T23:04:18.867,4.18e-05,4.046e-05,3.913e-05,BTC-CVC,950,12009,3.921e-05,2017-11-07T15:11:45.59,3461999.39962631
41,0.04035031,505.61542964,0.04025023,2014-03-11T08:00:00,0.0421155,0.04035031,0.03785942,BTC-DASH,1150,6072,0.03785942,2017-11-07T15:11:27.23,12585.40367684
42,0.00401262,49.58783697,0.004,2016-02-09T21:06:51.577,0.0042,0.004,0.00379999,BTC-DCR,522,4644,0.00384515,2017-11-07T15:11:29.2,12274.3274493
43,6.014e-05,11.79924337,5.97e-05,2017-06-30T16:35:24.643,6.298e-05,6.015e-05,5.7e-05,BTC-DCT,161,4816,5.869e-05,2017-11-07T15:11:25.84,197579.76080254
44,1.2e-06,238.1121394,1.19e-06,2014-08-20T07:09:57.207,1.27e-06,1.19e-06,1.15e-06,BTC-DGB,965,25422,1.17e-06,2017-11-07T15:10:16.527,197003900.98650804
45,0.00900301,5.75730446,0.00859615,2016-06-14T16:25:12.063,0.00916,0.00900301,0.00856101,BTC-DGD,156,1093,0.00879497,2017-11-07T15:12:16.463,645.11786985
46,0.00124798,40.82482525,0.00123408,2015-05-01T17:31:24.97,0.00144435,0.00124798,0.00089003,BTC-DMD,338,1699,0.00092,2017-11-07T15:12:15.153,35738.27301255
47,5.52e-06,28.81398968,5.4e-06,2017-08-04T02:09:02.873,5.95e-06,5.41e-06,5.28e-06,BTC-DNT,150,1962,5.61e-06,2017-11-07T15:12:16.543,5078273.83649815
48,1.7e-07,30.14475863,1.6e-07,2014-02-13T00:00:00,1.7e-07,1.7e-07,1.5e-07,BTC-DOGE,1640,18030,1.6e-07,2017-11-07T15:08:50.993,183759621.76639414
49,3e-06,33.33991645,2.92e-06,2014-10-17T19:09:32.6,3.88e-06,2.93e-06,2.83e-06,BTC-DOPE,286,3394,3.44e-06,2017-11-07T15:12:16.497,10351655.69161359
50,6.08e-05,7.04675075,5.926e-05,2017-04-01T04:06:13.887,6.366e-05,5.921e-05,5.302e-05,BTC-DTB,150,3067,5.712e-05,2017-11-07T15:07:15.317,122588.18236839
51,0.000433,1.65457406,0.00042526,2017-03-23T00:10:19.403,0.0004499,0.00042526,0.000418,BTC-DYN,155,922,0.00041897,2017-11-07T15:01:00.967,3835.54170511
52,1.492e-05,7.34195175,1.468e-05,2016-09-15T15:47:38.92,1.541e-05,1.491e-05,1.425e-05,BTC-EBST,147,4424,1.462e-05,2017-11-07T15:12:09.917,493695.54249638
53,7.798e-05,39.3774637,7.794e-05,2017-04-18T00:56:59.243,7.799e-05,7.794e-05,7.153e-05,BTC-EDG,323,6205,7.395e-05,2017-11-07T15:12:05.963,525326.53197761
54,1.725e-05,1.44505845,1.696e-05,2014-03-20T20:00:00,1.75e-05,1.696e-05,1.626e-05,BTC-EFL,126,1583,1.637e-05,2017-11-07T15:12:12.48,86123.70116403
55,3.169e-05,4.13220253,3.164e-05,2016-01-18T21:01:43.837,3.2e-05,3.17e-05,2.991e-05,BTC-EGC,258,2896,3.138e-05,2017-11-07T15:11:37.9,133661.23834447
56,8.794e-05,71.31137521,8.607e-05,2016-01-06T05:28:04.553,0.00010274,8.607e-05,8.307e-05,BTC-EMC,252,3104,8.54e-05,2017-11-07T15:12:13.747,769395.7862988
57,8.95e-06,113.39210683,8.92e-06,2014-12-24T00:00:00,9.83e-06,8.95e-06,8.28e-06,BTC-EMC2,341,7072,8.44e-06,2017-11-07T15:12:15.607,12674837.3256863
58,1.771e-05,29.64433146,1.737e-05,2014-05-04T00:00:00,2.025e-05,1.772e-05,1.477e-05,BTC-ENRG,252,2282,1.516e-05,2017-11-07T15:12:13.357,1674107.27997315
59,7.5e-05,156.70457242,7.42e-05,2014-05-10T17:00:00,0.0001125,7.47e-05,6.074e-05,BTC-ERC,194,1938,5.965e-05,2017-11-07T15:11:55.527,1793844.90700366
60,0.00193252,570.86744073,0.00193051,2016-07-26T18:10:22.82,0.00206832,0.00193051,0.0019201,BTC-ETC,1088,8245,0.00200398,2017-11-07T15:12:15.48,285670.82603426
61,0.04131998,2885.60005346,0.0412005,2015-08-14T09:02:24.817,0.04340655,0.04131999,0.04021202,BTC-ETH,3923,20169,0.0412,2017-11-07T15:12:13.857,68634.77221496
62,0.00017249,7.38692354,0.00017025,2014-09-28T20:33:27.633,0.00019988,0.00017025,0.00016702,BTC-EXCL,204,1515,0.00019246,2017-11-07T15:12:12.48,40975.50845041
63,0.00025359,45.67768911,0.00025,2015-09-16T17:10:15.253,0.00029499,0.00024992,0.00024083,BTC-EXP,186,4161,0.00024589,2017-11-07T15:12:13.777,172958.62753376
64,0.00011999,1.65802989,0.00011802,2014-12-12T19:51:07.703,0.000124,0.000118,0.00011504,BTC-FAIR,241,929,0.0001229,2017-11-07T15:06:55.27,13638.26753617
65,0.0023211,195.84469583,0.00230568,2016-01-09T03:47:07.803,0.00246935,0.00230566,0.002,BTC-FCT,599,3950,0.002,2017-11-07T15:11:29.167,87260.34351175
66,1.48e-06,13.02496761,1.47e-06,2015-02-23T23:01:53.92,1.57e-06,1.48e-06,1.44e-06,BTC-FLDC,291,3725,1.47e-06,2017-11-07T15:09:36.243,8672309.5297423
67,1.224e-05,14.69866082,1.188e-05,2015-03-11T05:43:30.193,1.272e-05,1.207e-05,1.052e-05,BTC-FLO,183,2389,1.056e-05,2017-11-07T15:12:15.887,1275269.94978518
68,1.672e-05,144.06711833,1.636e-05,2014-02-13T00:00:00,1.702e-05,1.672e-05,1.345e-05,BTC-FTC,950,5260,1.664e-05,2017-11-07T15:12:17.34,9201735.57396661
69,2.22e-06,108.61358311,2.2e-06,2017-07-04T18:45:47.13,2.3e-06,2.2e-06,1.96e-06,BTC-FUN,270,6194,2.12e-06,2017-11-07T15:12:11.12,49712327.58710008
70,0.00101888,1.40669728,0.00099642,2015-05-05T22:38:44.963,0.0010189,0.00101889,0.00093348,BTC-GAM,109,829,0.00095202,2017-11-07T15:12:15.463,1424.49595034
71,0.000235,67.44692221,0.00023454,2015-04-08T04:09:53.013,0.00024778,0.00023454,0.00022714,BTC-GAME,251,5381,0.000231,2017-11-07T15:09:55.68,286020.14694956
72,1.539e-05,22.08943131,1.52e-05,2017-02-12T00:38:21.023,1.7e-05,1.52e-05,1.44e-05,BTC-GBG,167,2926,1.442e-05,2017-11-07T15:09:54.43,1384056.84658774
73,0.02334188,87.8008234,0.02285622,2017-04-13T20:46:39.83,0.0253,0.02334214,0.02070022,BTC-GBYTE,354,3567,0.02112034,2017-11-07T15:12:17.59,3730.47836607
74,6.78e-06,21.8070937,6.63e-06,2015-08-24T00:25:28.933,8.24e-06,6.78e-06,6.46e-06,BTC-GCR,93,3987,6.62e-06,2017-11-07T15:11:33.543,2934179.28842196
75,0.00014148,7.97323525,0.00013906,2015-02-21T03:29:43.267,0.00014905,0.00013906,0.00013503,BTC-GEO,320,2675,0.00013764,2017-11-07T15:11:56.98,56373.57867088
76,2.1e-05,4.75092717,2.075e-05,2014-03-22T16:00:00,2.152e-05,2.1e-05,1.919e-05,BTC-GLD,278,2204,1.973e-05,2017-11-07T15:11:54.95,234753.13238171
77,0.00861985,10.18661171,0.00850053,2017-04-28T02:43:12,0.0087571,0.0086206,0.00837988,BTC-GNO,137,2258,0.00845104,2017-11-07T15:12:18.23,1187.24165786
78,2.742e-05,114.9755107,2.723e-05,2017-04-17T21:35:59.26,2.8e-05,2.723e-05,2.567e-05,BTC-GNT,502,10547,2.625e-05,2017-11-07T15:12:11.09,4272708.34274475
79,1.63e-05,6.48667613,1.612e-05,2017-01-19T23:23:12.41,1.658e-05,1.63e-05,1.54e-05,BTC-GOLOS,192,2136,1.571e-05,2017-11-07T15:09:54.477,406303.6950038
80,5.7e-06,7.93450623,5.69e-06,2015-02-27T19:57:02.82,5.69e-06,5.69e-06,5.08e-06,BTC-GRC,244,3576,5.19e-06,2017-11-07T15:12:03.823,1468099.90545213
81,9.1e-05,1224.16472544,9.089e-05,2014-04-03T05:00:00,0.0001085,9.089e-05,8.7e-05,BTC-GRS,1771,5248,9.486e-05,2017-11-07T15:12:16.713,12520642.06001273
82,2.194e-05,90.54102206,2.179e-05,2017-04-29T18:08:12.39,2.711e-05,2.194e-05,1.868e-05,BTC-GUP,218,3625,1.924e-05,2017-11-07T15:12:13.997,4070156.64559717
83,1.248e-05,40.92297515,1.203e-05,2017-05-10T00:02:47.373,1.395e-05,1.248e-05,1.2e-05,BTC-HMQ,171,4020,1.2e-05,2017-11-07T15:12:17.607,3149261.02465367
84,2.142e-05,3.08929863,2.141e-05,2017-04-04T21:20:51.083,2.209e-05,2.142e-05,2.093e-05,BTC-INCNT,129,2709,2.182e-05,2017-11-07T05:43:44.113,142340.20175623
85,9.47e-05,3.70141689,9.111e-05,2015-10-03T20:41:41.403,9.535e-05,9.309e-05,8.904e-05,BTC-INFX,177,1547,8.904e-05,2017-11-07T15:11:39.84,39990.38060402
86,0.00035458,101.37630715,0.0003525,2014-07-29T16:57:43.787,0.0004897,0.00035525,0.0003,BTC-IOC,218,1940,0.00031401,2017-11-07T15:12:15.527,254001.83038624
87,0.00015029,6.24610588,0.00015004,2017-02-18T23:41:17.04,0.000152,0.00015004,0.00014226,BTC-ION,193,2178,0.00015157,2017-11-07T15:10:23.65,42169.36880599
88,0.00031755,56.32197422,0.0003173,2016-12-22T00:54:23.477,0.00033399,0.00031755,0.00029,BTC-IOP,350,5663,0.00031315,2017-11-07T15:11:59.933,177426.23775967
89,0.0003845,560.72611388,0.00038355,2017-02-11T23:04:01.853,0.00040898,0.00038492,0.00036,BTC-KMD,1579,6572,0.00037396,2017-11-07T15:12:08.997,1462502.46675539
90,0.00049903,20.6148898,0.000498,2014-06-17T05:46:29.303,0.00053644,0.00049903,0.000475,BTC-KORE,267,2436,0.00050101,2017-11-07T15:12:03.34,40621.05589174
91,2.155e-05,30.79466845,2.154e-05,2016-07-05T21:50:07.81,2.219e-05,2.155e-05,1.991e-05,BTC-LBC,381,8894,1.972e-05,2017-11-07T15:11:54.747,1437498.47335823
92,0.00012776,122.40648028,0.0001268,2017-04-18T07:37:41.3,0.00014325,0.0001268,0.00011561,BTC-LGD,405,5381,0.00013808,2017-11-07T15:12:04.2,931845.05624081
93,6.27e-06,19.0361516,6.22e-06,2017-02-18T23:55:53.153,6.44e-06,6.27e-06,6.06e-06,BTC-LMC,202,5452,6.2e-06,2017-11-07T15:11:26.247,3073733.76393823
94,0.00067692,353.79597969,0.00067501,2016-05-24T18:49:52.77,0.0007,0.000675,0.00062458,BTC-LSK,1757,8372,0.0006265,2017-11-07T15:12:14.48,536240.16987267
95,0.00816924,1133.51942919,0.008143,2014-02-13T00:00:00,0.0083,0.00816922,0.0076,BTC-LTC,2478,13194,0.007632,2017-11-07T15:12:05.62,143592.36945174
96,0.00070503,10.95188378,0.00069487,2017-04-30T16:57:03.27,0.00072739,0.0007,0.00065,BTC-LUN,164,4096,0.00065,2017-11-07T15:12:14.323,15824.08647219
97,5.358e-05,53.43617135,5.28e-05,2016-01-18T20:38:22.707,5.5e-05,5.361e-05,4.603e-05,BTC-MAID,332,3906,4.717e-05,2017-11-07T15:12:16.62,1053840.61970724
98,1.81e-06,17.22441862,1.79e-06,2017-10-13T23:32:02.993,1.85e-06,1.78e-06,1.59e-06,BTC-MANA,172,2482,1.63e-06,2017-11-07T15:11:33.65,9925783.36897099
99,0.00082357,226.52040296,0.00081716,2017-07-02T00:37:16.957,0.00086821,0.00082362,0.00078754,BTC-MCO,494,10138,0.00079248,2017-11-07T15:11:53.387,272573.27440545
100,3.227e-05,386.71293755,3.19e-05,2016-04-01T18:24:07.207,4.34e-05,3.227e-05,2.843e-05,BTC-MEME,328,1797,3.668e-05,2017-11-07T15:11:59.683,10681702.24773881
101,0.00817992,13.73973481,0.00795003,2017-03-15T19:30:56.167,0.00864404,0.00792701,0.00762766,BTC-MLN,109,1498,0.0085005,2017-11-07T15:12:18.153,1703.89168213
102,0.000373,58.75084609,0.00037284,2014-04-18T22:00:00,0.00038239,0.000373,0.000362,BTC-MONA,440,3736,0.00037318,2017-11-07T15:12:07.357,158689.12864294
103,0.00070978,194.62910306,0.00070406,2017-07-08T14:59:57.34,0.00077616,0.00070406,0.00067144,BTC-MTL,534,6215,0.00067999,2017-11-07T15:11:37.933,270884.05362074
104,1.482e-05,14.11564783,1.463e-05,2015-04-09T17:31:31.113,1.65e-05,1.482e-05,1.401e-05,BTC-MUE,234,3073,1.422e-05,2017-11-07T15:10:05.917,948639.64166472
105,2e-06,36.65804045,1.99e-06,2017-03-27T19:59:13.073,2.52e-06,2e-06,1.86e-06,BTC-MUSIC,284,9390,1.88e-06,2017-11-07T15:09:51.227,17480388.61439746
106,8.502e-05,4.10231374,8.5e-05,2017-06-19T19:13:43.73,8.84e-05,8.502e-05,8.5e-05,BTC-MYST,233,3693,8.501e-05,2017-11-07T15:10:46.103,47822.19484039
107,0.000109,77.95527394,0.00010892,2014-07-08T03:37:28.39,0.00011375,0.00010892,0.00010544,BTC-NAV,555,5195,0.000107,2017-11-07T15:11:44.417,709656.35318295
108,0.00014149,24.38972683,0.00014012,2015-04-08T03:57:37.33,0.000144,0.00014011,0.00013634,BTC-NBT,44,1774,0.00013719,2017-11-07T15:09:50.087,173899.82460258
109,0.003733,1142.29268176,0.00373299,2016-10-26T01:28:31.96,0.00382043,0.003733,0.0036003,BTC-NEO,4820,27665,0.00360804,2017-11-07T15:12:10.06,308554.54386631
110,0.00032934,7.19845636,0.000326,2014-08-20T00:06:59.63,0.00034401,0.000326,0.00031456,BTC-NEOS,240,2001,0.00034323,2017-11-07T15:11:59.887,22139.60768095
111,1.359e-05,26.78743453,1.336e-05,2014-04-04T22:00:00,1.419e-05,1.335e-05,1.196e-05,BTC-NLG,270,3299,1.228e-05,2017-11-07T15:12:12.247,2025038.21491534
112,0.00153985,15.645781,0.00150052,2017-06-22T21:58:57.657,0.0016,0.00153997,0.00147258,BTC-NMR,151,4358,0.00149,2017-11-07T15:12:17.433,10265.1733098
113,2.718e-05,20.01177353,2.716e-05,2017-04-17T22:51:08.97,2.929e-05,2.716e-05,2.557e-05,BTC-NXC,103,3816,2.72e-05,2017-11-07T15:10:50.84,725219.00387242
114,0.00013652,24.24382431,0.00013617,2015-01-25T03:00:35.143,0.0001419,0.00013652,0.00012792,BTC-NXS,507,4089,0.00012577,2017-11-07T15:12:03.277,178792.20444619
115,8.13e-06,44.80964055,8.12e-06,2014-03-03T09:00:00,8.27e-06,8.13e-06,7.87e-06,BTC-NXT,349,8429,7.92e-06,2017-11-07T15:10:21.807,5529085.13735805
116,3.493e-05,143.71615465,3.485e-05,2015-05-30T19:26:37.523,3.749e-05,3.471e-05,3.451e-05,BTC-OK,960,10328,3.474e-05,2017-11-07T15:12:05.37,4028398.47294862
117,0.0008937,951.76853311,0.0008936,2017-07-16T17:07:42.313,0.00096103,0.0008937,0.00086706,BTC-OMG,2334,17334,0.0008743,2017-11-07T15:11:37.747,1035247.21744187
118,0.00334788,12.58558929,0.00330181,2015-11-03T19:13:33.197,0.00335788,0.00334788,0.00296994,BTC-OMNI,336,2313,0.00297006,2017-11-07T15:12:12.653,3952.00388157
119,0.00119988,28.24238106,0.001195,2017-07-20T18:19:07.157,0.00124999,0.00119988,0.00111,BTC-PART,268,1904,0.00112253,2017-11-07T15:11:46.323,23859.25604713
120,0.00023031,238.44060779,0.00023019,2017-07-07T07:14:00.793,0.00024348,0.00023019,0.0002166,BTC-PAY,925,14387,0.0002166,2017-11-07T15:11:41.01,1036868.637474
121,1.716e-05,10.6455893,1.693e-05,2016-06-02T04:39:35.21,1.72e-05,1.713e-05,1.435e-05,BTC-PDC,188,2441,1.466e-05,2017-11-07T15:12:17.527,662097.79096919
122,3.27e-06,34.73191107,3.25e-06,2014-07-29T07:41:09.4,3.53e-06,3.27e-06,3e-06,BTC-PINK,252,2926,3.33e-06,2017-11-07T15:12:15.76,10463026.88928771
123,0.00040576,177.92092067,0.00040201,2016-03-02T20:45:37.987,0.00043595,0.00040201,0.000395,BTC-PIVX,878,6509,0.00043567,2017-11-07T15:12:10.7,434445.5550494
124,6.897e-05,26.78328199,6.824e-05,2015-06-03T06:31:14.35,7.864e-05,6.897e-05,6.65e-05,BTC-PKB,317,2561,7.059e-05,2017-11-07T15:11:10.4,374386.29896553
125,1.75e-05,1022.86687177,1.741e-05,2014-03-11T08:00:00,2.692e-05,1.74e-05,1.704e-05,BTC-POT,723,4148,2.48e-05,2017-11-07T15:12:13.793,46509631.12723672
126,0.00018985,5.29620945,0.00018741,2014-02-13T00:00:00,0.00019217,0.0001873,0.00018262,BTC-PPC,176,2793,0.00018401,2017-11-07T15:11:55.95,28326.7061888
127,4.7e-06,3.39877043,4.67e-06,2014-03-27T18:00:00,4.87e-06,4.7e-06,4.46e-06,BTC-PTC,219,2465,4.69e-06,2017-11-07T15:12:05.23,730230.16394829
128,2.175e-05,84.23596591,2.167e-05,2017-06-18T17:04:24.1,2.59e-05,2.167e-05,2.027e-05,BTC-PTOY,377,6653,2.06e-05,2017-11-07T15:10:58.95,3647526.86520108
129,8.482e-05,7.28725389,8.38e-05,2017-06-10T00:01:39.293,8.613e-05,8.38e-05,8.1e-05,BTC-QRL,334,3512,8.101e-05,2017-11-07T15:11:49.793,87390.56195538
130,0.00148597,748.82518578,0.001484,2017-07-20T19:08:43.473,0.00155801,0.00148597,0.00142935,BTC-QTUM,883,11893,0.00145077,2017-11-07T15:12:17.34,501677.22786736
131,1.938e-05,37.46644167,1.914e-05,2017-03-05T19:30:16.853,2.135e-05,1.914e-05,1.91e-05,BTC-QWARK,273,5218,2.101e-05,2017-11-07T15:11:42.667,1853571.60790825
132,0.00046494,9.91966145,0.00045486,2016-01-26T23:22:16.193,0.00047099,0.00045608,0.00041861,BTC-RADS,126,2030,0.00042751,2017-11-07T15:12:15.527,22518.98890868
133,9.928e-05,10.75847321,9.821e-05,2014-04-05T08:00:00,0.00010556,9.928e-05,9.529e-05,BTC-RBY,1485,5823,9.608e-05,2017-11-07T15:03:34,107668.4966594
134,1.6e-07,61.67096398,1.5e-07,2014-02-25T09:00:00,1.6e-07,1.5e-07,1.4e-07,BTC-RDD,1266,18135,1.5e-07,2017-11-07T15:11:51.167,398975548.92052966
135,0.00246321,53.05817566,0.00243006,2016-10-04T15:45:37.14,0.00278,0.00246,0.00228094,BTC-REP,176,1853,0.00227789,2017-11-07T15:12:18.137,21183.79448698
136,3.475e-05,100.51282553,3.445e-05,2016-06-24T17:00:00.043,3.65e-05,3.445e-05,3.396e-05,BTC-RISE,519,5707,3.463e-05,2017-11-07T15:11:10.637,2863845.55881951
137,7.399e-05,15.38725735,7.386e-05,2017-04-27T00:20:33.857,7.861e-05,7.399e-05,7.3e-05,BTC-RLC,188,3578,7.588e-05,2017-11-07T15:11:25.87,203869.99139445
138,1.23e-06,137.98371318,1.22e-06,2016-02-13T22:14:21.14,1.43e-06,1.23e-06,1.14e-06,BTC-SAFEX,520,6409,1.13e-06,2017-11-07T15:09:19.587,108908931.82275715
139,0.00041349,381.80291191,0.000413,2017-10-16T17:32:48.777,0.00044108,0.000413,0.00037129,BTC-SALT,579,1971,0.00037972,2017-11-07T15:12:16.497,944232.41439106
140,0.00014199,7.94401537,0.0001405,2016-07-09T19:02:08.943,0.000143,0.0001405,0.00013206,BTC-SBD,80,1793,0.00013206,2017-11-07T15:12:07.543,57207.13339307
141,5.3e-07,129.66453509,5.2e-07,2017-05-22T21:30:29.16,5.4e-07,5.3e-07,4.8e-07,BTC-SC,1125,26988,4.8e-07,2017-11-07T15:11:56.417,250174324.22968316
142,1.777e-05,20.97787769,1.724e-05,2016-09-23T07:10:11.78,1.91e-05,1.721e-05,1.651e-05,BTC-SEQ,145,1719,1.69e-05,2017-11-07T15:12:10.403,1146857.80839883
143,0.0001425,8.43167253,0.00014105,2016-10-11T19:48:35.573,0.00015095,0.00014105,0.000135,BTC-SHIFT,146,2385,0.00014569,2017-11-07T15:05:58,59049.95104789
144,0.00015343,4.12929335,0.00015013,2017-02-18T22:34:49.373,0.000155,0.00015013,0.00014507,BTC-SIB,123,2413,0.00014415,2017-11-07T15:12:16.387,27400.38378004
145,4.914e-05,34.56365632,4.819e-05,2014-03-23T06:00:00,5.274e-05,4.924e-05,3.88e-05,BTC-SLR,278,1977,3.9e-05,2017-11-07T15:12:16.417,754461.96399228
146,0.0019829,10.87645866,0.00191162,2016-01-20T22:24:04.65,0.00204572,0.00191271,0.00171,BTC-SLS,203,1745,0.0017849,2017-11-07T15:12:16.01,5751.32101517
147,2.628e-05,453.9543672,2.611e-05,2016-10-02T22:16:04.773,3.653e-05,2.583e-05,2.113e-05,BTC-SNGLS,376,1970,2.179e-05,2017-11-07T15:11:58.637,15487588.19320649
148,0.00021624,16.6632025,0.0002127,2015-06-03T06:27:04.623,0.000237,0.00021693,0.000185,BTC-SNRG,279,1658,0.0001943,2017-11-07T15:12:15.107,82253.99440926
149,4.25e-06,95.23027414,4.22e-06,2017-06-28T18:26:15.73,4.33e-06,4.19e-06,4.08e-06,BTC-SNT,363,10242,4.15e-06,2017-11-07T15:11:59.95,22649194.2067744
150,0.0003972,6.61611635,0.00039002,2015-05-18T22:45:47.093,0.00040013,0.00039002,0.00037988,BTC-SPHR,138,1302,0.000385,2017-11-07T15:12:01.73,16994.58484077
151,4.331e-05,14.34495072,4.3e-05,2014-12-19T02:33:07.747,4.595e-05,4.3e-05,4.101e-05,BTC-SPR,256,3405,4.24e-05,2017-11-07T15:12:04.87,331059.78467371
152,6.28e-06,14.10886501,6.21e-06,2014-06-14T07:09:15.327,7.21e-06,6.27e-06,6.1e-06,BTC-START,346,5895,6.75e-06,2017-11-07T15:10:59.887,2148906.22188772
153,0.00012298,74.6319478,0.00012201,2016-04-17T01:22:13.35,0.00013,0.00012201,0.00011906,BTC-STEEM,485,7650,0.00012124,2017-11-07T15:12:06.667,602022.83176474
154,7.156e-05,151.78267061,7.123e-05,2017-07-11T21:14:32.643,7.41e-05,7.156e-05,6.464e-05,BTC-STORJ,616,6697,6.67e-05,2017-11-07T15:12:12.433,2167428.92652184
155,0.00042478,334.65437245,0.00042261,2016-08-10T23:26:39.657,0.00044732,0.0004226,0.00041003,BTC-STRAT,1708,22228,0.00042353,2017-11-07T15:12:11.81,781429.10927195
156,0.00015548,51.19145587,0.00015443,2014-10-03T19:16:23.143,0.0001885,0.00015443,0.00014304,BTC-SWIFT,252,2001,0.00014587,2017-11-07T15:12:12.497,300544.15347278
157,0.00017446,6.53964152,0.00017415,2017-03-08T22:32:26.03,0.000179,0.00017415,0.00015394,BTC-SWT,117,1739,0.00017511,2017-11-07T15:11:23.713,38901.01591131
158,3.396e-05,38.11433387,3.355e-05,2016-08-25T21:23:15.27,3.709e-05,3.399e-05,3.253e-05,BTC-SYNX,185,2412,3.228e-05,2017-11-07T15:12:15.963,1109765.74908595
159,2.827e-05,158.69970854,2.813e-05,2014-08-16T19:57:48.823,2.892e-05,2.827e-05,2.732e-05,BTC-SYS,923,8212,2.732e-05,2017-11-07T15:12:08.793,5601128.26460306
160,2.32e-06,310.396023,2.29e-06,2014-04-29T21:00:00,3.89e-06,2.28e-06,2.22e-06,BTC-THC,473,3986,2.8e-06,2017-11-07T15:11:48.34,104126615.11006618
161,0.00334542,2.88578213,0.00329715,2017-03-09T00:44:08.673,0.00336982,0.00334542,0.0032935,BTC-TIME,129,1582,0.00330242,2017-11-07T15:12:04.073,872.15357799
162,2.493e-05,26.86449908,2.431e-05,2017-10-25T21:01:08.287,2.739e-05,2.493e-05,2.413e-05,BTC-TIX,126,2277,2.48e-05,2017-11-07T15:12:05.543,1052232.81828472
163,0.00015065,24.30061578,0.00014759,2017-05-08T17:09:34.91,0.00016,0.00014831,0.00014546,BTC-TKN,173,3436,0.00015041,2017-11-07T15:12:14.277,160762.62963719
164,0.0002593,28.06798046,0.00024992,2017-03-23T00:48:15.94,0.000285,0.00025957,0.00022098,BTC-TKS,165,1465,0.00022162,2017-11-07T15:12:17.357,110027.69335618
165,8.327e-05,129.72972831,8.288e-05,2016-09-08T05:59:08.183,8.909e-05,8.288e-05,7.803e-05,BTC-TRIG,459,8794,8.07e-05,2017-11-07T15:11:23.807,1543043.63922542
166,3.448e-05,18.73437655,3.399e-05,2017-04-19T04:53:43.893,3.68e-05,3.449e-05,3.328e-05,BTC-TRST,248,3744,3.375e-05,2017-11-07T15:12:13.59,533935.9470191
167,1.694e-05,33.60868839,1.658e-05,2014-07-07T05:46:18.71,1.986e-05,1.7e-05,1.471e-05,BTC-TRUST,289,2086,1.582e-05,2017-11-07T15:12:13.887,1917771.75795228
168,0.00029313,30.82086156,0.00029,2015-09-02T08:02:54.3,0.00030598,0.00029312,0.0002851,BTC-TX,388,803,0.00029479,2017-11-07T15:11:03.417,104523.25174718
169,0.0001602,34.52751754,0.00016,2017-02-08T17:00:59.02,0.000165,0.00016022,0.00014731,BTC-UBQ,682,7581,0.00014956,2017-11-07T15:12:17.323,220436.07102687
170,3.878e-05,4.24695008,3.822e-05,2016-08-24T21:39:28.357,3.949e-05,3.878e-05,3.581e-05,BTC-UNB,146,1624,3.8e-05,2017-11-07T15:09:35.01,113034.33744877
171,0.00021115,58.98161456,0.00020908,2014-07-18T00:20:00.393,0.00022,0.00020917,0.0002056,BTC-VIA,474,3261,0.00021084,2017-11-07T15:10:52.243,278975.01098113
172,5.74e-06,45.3168096,5.65e-06,2015-12-30T04:21:47.31,6.49e-06,5.65e-06,5.26e-06,BTC-VOX,266,5945,5.91e-06,2017-11-07T15:12:16.76,7752092.72726045
173,7.597e-05,110.46374991,7.55e-05,2014-05-13T07:00:00,8.7e-05,7.599e-05,7.044e-05,BTC-VRC,496,2560,8.164e-05,2017-11-07T15:12:17.903,1394493.73066319
174,0.0004341,7.82389905,0.0004254,2016-09-16T04:52:17.637,0.00044711,0.0004341,0.00040502,BTC-VRM,214,1508,0.00041502,2017-11-07T15:10:07.9,18289.5936927
175,0.00050667,966.0403645,0.00050666,2014-02-13T00:00:00,0.00054695,0.00050666,0.00047569,BTC-VTC,2927,8481,0.00050967,2017-11-07T15:12:13.87,1880010.86165149
176,2.99e-05,55.75112832,2.989e-05,2014-12-19T02:33:10.943,3.304e-05,2.99e-05,2.441e-05,BTC-VTR,243,1973,2.513e-05,2017-11-07T15:10:56.183,1930597.70617472
177,0.000516,365.5759852,0.00051202,2016-06-19T15:46:31.167,0.0005321,0.00051201,0.00046,BTC-WAVES,1264,11421,0.0004989,2017-11-07T15:12:18.357,723486.6901954
178,5.245e-05,12.8253351,5.185e-05,2017-04-26T22:34:24.49,5.544e-05,5.238e-05,5.09e-05,BTC-WINGS,136,5103,5.202e-05,2017-11-07T15:11:57.667,240288.64934099
179,2.54e-05,4.56053736,2.501e-05,2016-09-25T00:15:16.103,2.54e-05,2.54e-05,2.426e-05,BTC-XAUR,81,1437,2.475e-05,2017-11-07T15:12:00.887,183423.18496247
180,0.00173522,35.68620537,0.00170634,2015-02-14T04:20:41,0.00185,0.00173522,0.00155331,BTC-XCP,441,3446,0.00157631,2017-11-07T15:12:13.963,20447.92875788
181,3.2e-07,12.57159609,3.1e-07,2014-06-21T18:37:57.64,3.3e-07,3.1e-07,3e-07,BTC-XDN,620,6592,3.2e-07,2017-11-07T15:06:12.5,39856480.55148872
182,3.875e-05,184.6072727,3.86e-05,2017-07-01T17:38:44.883,4.921e-05,3.861e-05,3.746e-05,BTC-XEL,339,7251,3.782e-05,2017-11-07T15:12:00.777,4324761.93528914
183,2.565e-05,241.39395118,2.563e-05,2015-04-10T21:06:00.043,2.689e-05,2.565e-05,2.393e-05,BTC-XEM,1138,12014,2.537e-05,2017-11-07T15:12:03.887,9484959.5233789
184,4.37e-06,1122.36585322,4.32e-06,2015-11-17T20:06:44.92,4.8e-06,4.32e-06,3.75e-06,BTC-XLM,1679,15689,3.79e-06,2017-11-07T15:12:13.777,259957940.52035317
185,3.257e-05,8.96221963,3.216e-05,2014-11-10T06:25:07.533,3.65e-05,3.257e-05,3.205e-05,BTC-XMG,305,2278,3.506e-05,2017-11-07T15:12:00.683,258770.18943084
186,0.01376777,1040.26949992,0.01368,2014-06-04T07:38:39.24,0.014997,0.01376784,0.01263647,BTC-XMR,1541,7148,0.01267378,2017-11-07T15:12:17.73,74996.85638483
187,4.1e-07,22.77670551,4e-07,2014-03-15T08:00:00,4.5e-07,4e-07,3.7e-07,BTC-XMY,444,4810,3.7e-07,2017-11-07T15:11:03.34,55550010.24426604
188,2.898e-05,970.37493796,2.892e-05,2014-12-22T19:30:27.45,2.931e-05,2.892e-05,2.773e-05,BTC-XRP,2390,26541,2.79e-05,2017-11-07T15:12:12.167,34014407.1897549
189,2.346e-05,17.11356232,2.28e-05,2014-07-09T20:33:00.59,2.535e-05,2.342e-05,2.171e-05,BTC-XST,213,1343,2.247e-05,2017-11-07T15:12:13.857,723772.66394946
190,0.00012951,435.80894865,0.000127,2016-03-12T19:37:38.863,0.00018694,0.000127,0.00012693,BTC-XVC,722,3019,0.00017553,2017-11-07T15:12:17.153,2783170.74856775
191,1.06e-06,2200.50403749,1.05e-06,2016-02-17T22:42:03.61,1.31e-06,1.05e-06,9.5e-07,BTC-XVG,3212,16253,1.3e-06,2017-11-07T15:12:15.433,1971580382.8047202
192,7.13e-06,33.48574321,6.98e-06,2014-04-14T00:00:00,8e-06,7.15e-06,6.71e-06,BTC-XWC,485,1437,7.78e-06,2017-11-07T15:12:15.56,4408573.73408972
193,0.00210786,118.89102064,0.00208589,2016-10-20T04:48:30.387,0.00228,0.00210786,0.002054,BTC-XZC,877,3672,0.00213724,2017-11-07T15:12:17.137,54934.70616694
194,0.00025,18.41179097,0.00024821,2016-11-15T20:29:59.73,0.000255,0.00024821,0.00023303,BTC-ZCL,213,5204,0.00023798,2017-11-07T15:11:40.543,75660.17153878
195,0.033,321.39256113,0.03293123,2016-10-28T17:13:10.833,0.03382818,0.03293118,0.03127082,BTC-ZEC,944,11380,0.03127082,2017-11-07T15:12:17.387,9869.71944087
196,0.00291,155.75361625,0.00290001,2017-06-05T16:39:49.07,0.0031,0.00290001,0.002819,BTC-ZEN,1700,4451,0.0029241,2017-11-07T15:11:56.527,53123.42718309
197,0.00124801,470.91731388,0.00119995,2017-06-11T17:33:06.127,0.00172,0.00119995,0.00103153,ETH-1ST,108,335,0.00108472,2017-11-07T15:12:17.56,345394.80669618
198,6.656e-05,78.02365392,6.526e-05,2017-07-03T21:08:06.22,7.34e-05,6.501e-05,6.31e-05,ETH-ADT,72,536,6.447e-05,2017-11-07T15:10:04.277,1166928.05880582
199,0.00305247,620.3632826,0.00304802,2017-07-11T22:42:17.78,0.0033389,0.00305345,0.00289343,ETH-ADX,185,576,0.00293685,2017-11-07T15:11:41.26,198408.29566883
200,0.00383674,241.7532554,0.00375999,2017-05-19T15:55:11.293,0.00399598,0.00383868,0.00330006,ETH-ANT,83,413,0.00399666,2017-11-07T15:12:10.417,66862.0405371
201,0.00048698,157.51757468,0.00048188,2017-06-03T22:04:52.38,0.000487,0.00048698,0.00046003,ETH-BAT,183,1081,0.0004655,2017-11-07T15:11:24.073,332561.48591177
202,2.06959846,2905.19041988,2.0498517,2017-08-01T18:34:04.763,2.1878999,2.06999781,1.96000003,ETH-BCC,435,455,2.129,2017-11-07T15:12:17.98,1427.96591021
203,0.00640896,105.54652462,0.00628952,2017-06-22T21:36:30.867,0.00640899,0.00640763,0.00621213,ETH-BNT,69,411,0.00624048,2017-11-07T15:12:17.01,16850.66253048
204,0.0,26.34440146,0.0,2017-08-04T18:01:27.853,0.00017062,0.00015172,0.00013,ETH-BTS,74,212,0.00014932,2017-11-05T03:48:43.87,175120.1443082
205,0.00031239,165.05902264,0.00030589,2017-06-19T19:59:14.89,0.00037576,0.00030588,0.00029,ETH-CFI,103,434,0.00030476,2017-11-07T15:12:08.34,503569.08461426
206,0.00128646,172.90252109,0.00119368,2017-06-13T19:40:35.217,0.00164498,0.0013,0.0010229,ETH-CRB,57,175,0.00104351,2017-11-07T15:12:18.357,128246.23107182
207,0.00099122,391.04366815,0.0009805,2017-07-16T23:04:18.99,0.00099398,0.00099171,0.00092,ETH-CVC,186,1018,0.000951,2017-11-07T15:12:17.26,405226.65465051
208,0.98926621,395.34251521,0.974,2017-07-14T17:10:05.143,0.99999999,0.97958872,0.909009,ETH-DASH,133,224,0.91999959,2017-11-07T15:12:13.997,412.02752077
209,2.936e-05,130.70812707,2.874e-05,2017-08-04T18:01:27.777,2.952e-05,2.896e-05,2.754e-05,ETH-DGB,77,596,2.831e-05,2017-11-07T15:12:18.2,4512331.04280851
210,0.2269978,11.04515306,0.21000001,2016-06-17T18:51:39.087,0.22699978,0.22699928,0.20593881,ETH-DGD,67,191,0.20925303,2017-11-07T15:12:18.37,52.10772773
211,0.00013503,89.32676435,0.000131,2017-08-04T02:09:02.887,0.0001463,0.000131,0.00012835,ETH-DNT,61,379,0.00013647,2017-11-07T15:11:16.4,658276.37350172
212,0.04679978,908.15198955,0.04665901,2016-07-28T21:45:59.05,0.04903002,0.04665901,0.04615162,ETH-ETC,205,1024,0.049,2017-11-07T15:11:06.853,19109.82451585
213,0.05687773,168.68716262,0.05536446,2017-08-04T18:01:27.853,0.05976,0.05535739,0.04755237,ETH-FCT,74,174,0.04781535,2017-11-07T15:12:16.027,3174.57983461
214,5.313e-05,130.3842379,5.255e-05,2017-07-04T18:45:47.143,5.443e-05,5.313e-05,4.7e-05,ETH-FUN,105,835,5.103e-05,2017-11-07T15:12:12.387,2519611.37478149
215,0.20844448,4.88571367,0.20491111,2017-04-30T18:42:52.17,0.2112,0.20846403,0.19999938,ETH-GNO,49,265,0.21086854,2017-11-07T15:09:37.103,23.95994987
216,0.00066122,591.59642226,0.00065177,2017-04-20T06:38:51.877,0.00066075,0.00065937,0.00061599,ETH-GNT,208,1427,0.000642,2017-11-07T15:12:17.137,929679.91909419
217,0.00054964,256.85971879,0.00053428,2017-04-30T18:40:42.213,0.000634,0.00053651,0.0004512,ETH-GUP,68,219,0.00046826,2017-11-07T15:12:17.62,509485.04179338
218,0.00030869,76.95309257,0.0002973,2017-05-10T07:27:27.597,0.00033111,0.00030884,0.00028302,ETH-HMQ,64,302,0.00029449,2017-11-07T15:12:15.98,254599.70225913
219,0.0030973,187.79931529,0.00301213,2017-06-17T15:02:02.783,0.00356244,0.0030973,0.00276021,ETH-LGD,78,327,0.00334832,2017-11-07T15:12:18.323,61553.73257947
220,0.19859999,1017.13456013,0.1969624,2017-06-25T03:06:46.83,0.19998348,0.1969624,0.18100002,ETH-LTC,306,530,0.18519999,2017-11-07T15:12:00.027,5357.12876955
221,0.01715166,55.69112266,0.01681043,2017-04-30T18:41:22.84,0.01715166,0.01715166,0.01580807,ETH-LUN,60,282,0.01591477,2017-11-07T15:12:00.357,3413.27551718
222,4.397e-05,40.50933897,4.3e-05,2017-10-13T23:32:03.027,4.525e-05,4.3e-05,3.867e-05,ETH-MANA,70,224,3.803e-05,2017-11-07T14:58:21.4,973660.73303155
223,0.01989039,363.08162035,0.01968506,2017-07-02T00:37:17.05,0.02049996,0.01989039,0.019,ETH-MCO,185,1031,0.01932435,2017-11-07T15:08:27.9,18537.89435245
224,0.01714229,141.44438588,0.01682053,2017-07-08T14:59:57.37,0.01799422,0.01713404,0.0160001,ETH-MTL,120,529,0.01632,2017-11-07T15:12:17.98,8382.23701694
225,0.00208112,3.35049134,0.00206051,2017-06-19T19:13:43.743,0.0021976,0.00206051,0.0020101,ETH-MYST,45,375,0.00219137,2017-11-07T15:10:14.993,1627.20707905
226,0.09025253,1620.52376027,0.0902,2017-07-21T01:08:49.397,0.09025253,0.0902,0.0862,ETH-NEO,920,1730,0.088,2017-11-07T15:11:55.433,18407.86303261
227,0.03731947,16.16403766,0.03728574,2017-06-22T21:58:57.657,0.03728574,0.03728574,0.03435706,ETH-NMR,99,428,0.03655436,2017-11-07T15:09:03.163,445.66531726
228,0.02176673,1809.42600779,0.02175693,2017-07-16T17:07:42.41,0.0225,0.02175693,0.02085,ETH-OMG,552,2132,0.02126162,2017-11-07T15:12:13.403,83319.25130027
229,0.00559994,708.17053889,0.00552773,2017-07-07T07:14:00.873,0.00575931,0.00559996,0.00520201,ETH-PAY,305,1679,0.00528,2017-11-07T15:12:17.76,130404.51826568
230,0.00053862,194.22043484,0.00052273,2017-06-18T17:04:24.147,0.00061394,0.00053001,0.00048652,ETH-PTOY,78,532,0.00052192,2017-11-07T15:12:17.323,355850.77772362
231,0.00205981,9.96053414,0.00198907,2017-06-11T17:33:06.14,0.00201927,0.002,0.00190001,ETH-QRL,90,197,0.00204259,2017-11-07T15:12:01.857,5026.68231775
232,0.036491,1303.13120409,0.03585318,2017-07-20T19:08:43.473,0.03736976,0.035853,0.034,ETH-QTUM,358,1016,0.0356,2017-11-07T15:12:18.2,36276.53328732
233,0.06093385,153.57590953,0.05875062,2017-04-20T06:43:49.19,0.06869237,0.0609572,0.05519379,ETH-REP,99,177,0.05662639,2017-11-07T15:12:17.997,2622.79959357
234,0.00182771,29.574392,0.001775,2017-04-30T18:41:22.823,0.00186341,0.00177126,0.00175,ETH-RLC,64,283,0.0018589,2017-11-07T15:12:14.573,16228.24989297
235,0.01004037,967.36332202,0.00997427,2017-10-16T17:32:48.84,0.01042752,0.00997034,0.00900744,ETH-SALT,95,195,0.00933427,2017-11-07T15:12:17.277,100229.47282826
236,1.27e-05,146.39963109,1.26e-05,2017-07-14T17:10:07.74,1.285e-05,1.26e-05,1.149e-05,ETH-SC,142,1170,1.174e-05,2017-11-07T15:12:15.62,12007826.18041916
237,0.000638,1318.64635311,0.00062687,2017-04-30T18:41:22.853,0.00086196,0.00062903,0.000504,ETH-SNGLS,179,203,0.00053789,2017-11-07T15:12:16.417,1947954.15594826
238,0.00010298,267.17826114,0.00010143,2017-06-28T18:26:15.747,0.00010317,0.00010298,9.702e-05,ETH-SNT,175,1041,0.00010192,2017-11-07T15:12:10.51,2659823.39694407
239,0.00176568,124.88732405,0.00170983,2017-07-11T21:14:32.643,0.00178,0.00174606,0.00155,ETH-STORJ,124,445,0.00162,2017-11-07T15:12:17.887,76484.69882731
240,0.01035596,246.31424102,0.01012443,2017-08-04T18:01:27.713,0.01047204,0.01035604,0.00985906,ETH-STRAT,232,1175,0.01032573,2017-11-07T15:12:18.167,24329.9923403
241,0.08213298,6.09313182,0.07877324,2017-06-23T18:01:03.323,0.07838918,0.07838918,0.0766623,ETH-TIME,70,135,0.07834608,2017-11-07T15:12:16.607,77.88982641
242,0.00060486,51.05298749,0.00058957,2017-10-25T21:01:08.287,0.000635,0.000605,0.00058002,ETH-TIX,38,311,0.00061193,2017-11-07T15:07:38.82,83583.53388777
243,0.00364992,41.23212692,0.00353873,2017-05-09T04:43:46.723,0.0038783,0.00364992,0.00335111,ETH-TKN,63,492,0.00364099,2017-11-07T15:12:14.81,11397.20937904
244,0.00083715,67.60890636,0.00081265,2017-05-19T15:55:11.28,0.000882,0.000815,0.000802,ETH-TRST,77,209,0.00083,2017-11-07T15:12:09.95,81173.62610005
245,0.01279996,274.08404766,0.01247311,2017-08-04T18:00:50.15,0.01280005,0.01240318,0.0111,ETH-WAVES,184,451,0.01215432,2017-11-07T15:12:10.167,22896.31617567
246,0.00126516,68.96869966,0.001252,2017-04-26T22:16:06.627,0.00129513,0.00126516,0.00123944,ETH-WINGS,47,319,0.00129125,2017-11-07T15:08:46.447,54656.99568928
247,0.00062099,576.81503701,0.00061406,2017-07-21T01:08:49.38,0.00063419,0.000619,0.00057261,ETH-XEM,140,552,0.00061745,2017-11-07T15:12:18.37,943136.07269128
248,0.00010732,726.75246952,0.00010571,2017-07-21T01:08:49.38,0.00011195,0.00010569,9e-05,ETH-XLM,231,425,9.212e-05,2017-11-07T15:12:17.293,6968488.29710078
249,0.33387613,913.821861,0.332,2017-07-21T01:08:49.367,0.34985,0.332,0.30656796,ETH-XMR,152,268,0.30605012,2017-11-07T15:12:06.2,2761.36919965
250,0.00069999,741.03900872,0.00069935,2017-06-25T03:07:09.677,0.00070135,0.00069999,0.000666,ETH-XRP,452,848,0.00068076,2017-11-07T15:11:46.417,1086326.03531298
251,0.805,488.92474608,0.7993,2017-07-14T17:10:07.8,0.807,0.805,0.75149496,ETH-ZEC,264,525,0.75939371,2017-11-07T15:07:54.507,628.13325691
252,590.8,5091480.89743892,590.5,2017-08-01T18:34:04.873,648.99999805,590.8,585.012,USDT-BCC,1271,2115,640.0,2017-11-07T15:11:55.857,8394.49982389
253,6980.0,42111611.24401049,6963.10000001,2015-12-11T06:31:40.633,7285.89999999,6980.0,6923.0,USDT-BTC,9564,4019,7262.0,2017-11-07T15:12:00.463,5959.11388849
254,282.8888888,1036638.17441248,280.1,2017-07-21T01:08:49.413,301.61904399,282.8888888,272.1632695,USDT-DASH,418,1047,274.99999999,2017-11-07T15:12:17.293,3609.998519
255,13.3889,2659773.30523426,13.32965652,2017-07-14T17:10:10.72,14.72,13.3889,13.20000001,USDT-ETC,570,2152,14.55111813,2017-11-07T15:12:18.183,188964.75300242
256,287.9,4520359.24624646,287.24190001,2017-04-20T17:26:37.647,304.04122641,287.9,285.00000001,USDT-ETH,1687,4286,298.5,2017-11-07T15:12:14.323,15286.05219001
257,57.09999911,1749888.13330503,56.71,2017-07-14T17:10:10.72,58.68,56.71,54.28713508,USDT-LTC,930,2488,55.25000003,2017-11-07T15:12:17.293,31016.62991595
258,26.10702494,1396185.86552828,25.94302496,2017-08-04T16:58:43.087,26.5799999,25.94302496,25.5,USDT-NEO,1323,5026,26.30797102,2017-11-07T15:11:39.417,53481.81067433
259,6.28790703,974934.53300219,6.25,2017-09-15T23:49:44.83,6.6999,6.28790703,6.2,USDT-OMG,922,4771,6.35,2017-11-07T15:12:14.137,150059.65912874
260,96.02082402,2238460.3517602,95.3,2017-07-21T01:08:49.397,104.5,96.21427531,90.5,USDT-XMR,494,898,90.5,2017-11-07T15:12:13.963,22761.45322045
261,0.202,629465.26569602,0.20100001,2017-07-14T17:10:10.737,0.206,0.20100001,0.19934411,USDT-XRP,1147,4265,0.20331872,2017-11-07T15:11:59.7,3107541.6916643
262,231.999999,457513.68875389,230.7,2017-07-14T17:10:10.673,235.99999955,230.7,226.0,USDT-ZEC,731,2854,227.0,2017-11-07T15:12:12.167,1979.78847379
263,2.14e-05,1663.60671202,2.135e-05,2017-11-07T07:59:10.913,0.0002001,2.14e-05,1.7e-05,BTC-RCN,645,2116,0.0002,2017-11-07T15:12:15.667,75463439.57086062
264,0.0005199,2865.39698231,0.00051189,2017-11-07T07:59:10.93,0.00089,0.00052019,0.00025124,ETH-RCN,125,230,0.00089,2017-11-07T15:12:13.887,5454661.17978539
