,Ask,BaseVolume,Bid,Created,High,Last,Low,MarketName,OpenBuyOrders,OpenSellOrders,PrevDay,TimeStamp,Volume
0,4.964e-05,575.97146105,4.909e-05,2017-06-06T01:22:35.727,7.245e-05,4.961e-05,4.453e-05,BTC-1ST,275,5816,4.453e-05,2017-11-07T15:27:21.953,9949866.11010872
1,8.7e-07,24.34396125,8.6e-07,2016-05-16T06:44:15.287,9.9e-07,8.7e-07,7.9e-07,BTC-2GIVE,329,2261,9.4e-07,2017-11-07T15:25:16.84,27797441.93718426
2,8.3e-07,17.67906424,8.2e-07,2014-10-31T01:43:25.743,9.9e-07,8.3e-07,8e-07,BTC-ABY,264,4902,8.6e-07,2017-11-07T15:26:35.06,20101674.79043507
3,3.1e-06,585.22417203,3.09e-06,2017-09-29T07:01:58.873,3.35e-06,3.1e-06,2.94e-06,BTC-ADA,1542,9343,2.99e-06,2017-11-07T15:27:20.453,185930642.16505548
4,2.78e-06,22.99257364,2.72e-06,2017-07-03T21:08:06.11,2.99e-06,2.7e-06,2.61e-06,BTC-ADT,154,3145,2.65e-06,2017-11-07T15:27:23,8208213.85085472
5,0.00012505,530.48134429,0.000125,2017-07-11T22:42:17.78,0.0001429,0.000125,0.0001205,BTC-ADX,697,8814,0.00012205,2017-11-07T15:27:20.407,4027876.13036098
6,0.000215,15.73128982,0.00021322,2015-07-31T00:50:47.11,0.00021999,0.00021322,0.00019103,BTC-AEON,253,2144,0.0002035,2017-11-07T15:22:45.213,75186.71419077
7,5.031e-05,2.77268135,4.957e-05,2015-11-10T00:53:59.643,5.117e-05,4.953e-05,4.74e-05,BTC-AGRS,199,2515,4.907e-05,2017-11-07T15:27:22.5,56186.78295932
8,2.123e-05,21.61158089,2.1e-05,2015-11-03T19:13:55.18,2.176e-05,2.102e-05,1.951e-05,BTC-AMP,156,5686,2.091e-05,2017-11-07T15:27:21.47,1040775.19866325
9,0.00015672,49.47963502,0.00015417,2017-05-17T19:54:30.143,0.00016761,0.00015678,0.00014116,BTC-ANT,195,4291,0.00016035,2017-11-07T15:27:22.36,325813.98995365
10,0.00076707,3.13569759,0.00074632,2017-05-02T06:26:32.897,0.00076874,0.00076755,0.000725,BTC-APX,188,1876,0.00075148,2017-11-07T15:27:16.86,4188.33274392
11,2.825e-05,44.66609803,2.802e-05,2016-10-13T18:59:37.407,2.905e-05,2.825e-05,2.687e-05,BTC-ARDR,465,4267,2.695e-05,2017-11-07T15:26:27.2,1582470.22759657
12,0.0003675,289.03727413,0.00036744,2017-03-21T18:11:29.347,0.000378,0.0003675,0.00033723,BTC-ARK,2178,9702,0.00033901,2017-11-07T15:27:00.11,801147.21339343
13,8.653e-05,2.00143032,8.51e-05,2014-03-16T22:00:00,8.777e-05,8.51e-05,8.5e-05,BTC-AUR,101,1578,8.667e-05,2017-11-07T15:27:17.5,23301.38610085
14,1.977e-05,99.8236023,1.971e-05,2017-06-03T22:04:53.82,2.05e-05,1.977e-05,1.91e-05,BTC-BAT,668,12941,1.91e-05,2017-11-07T15:27:21.89,5005308.23472254
15,3.89e-06,119.84402116,3.88e-06,2014-11-18T17:34:21.083,4.89e-06,3.89e-06,3.11e-06,BTC-BAY,290,3925,3.25e-06,2017-11-07T15:26:44.67,29047630.01149982
16,0.08494348,1949.83334913,0.08457002,2017-08-01T18:34:04.967,0.0893,0.08457002,0.083959,BTC-BCC,3327,12083,0.08896004,2017-11-07T15:27:22.5,22761.11680329
17,4.641e-05,11.80706855,4.544e-05,2015-09-10T05:28:20.787,4.799e-05,4.552e-05,4.145e-05,BTC-BCY,129,2896,4.237e-05,2017-11-07T15:27:15.61,266265.50919006
18,3.9e-07,8.65822862,3.8e-07,2015-02-15T23:07:32.777,3.9e-07,3.9e-07,3.6e-07,BTC-BITB,516,5118,3.7e-07,2017-11-07T15:26:04.67,22890986.05705225
19,0.00012248,5.7728954,0.00012061,2014-11-13T20:20:21.443,0.00012586,0.00012001,0.00011603,BTC-BLITZ,143,2610,0.00011955,2017-11-07T15:21:17.68,47842.76875828
20,3.098e-05,21.00534256,3.072e-05,2014-03-14T09:00:00,3.285e-05,3.072e-05,2.916e-05,BTC-BLK,196,4604,3.014e-05,2017-11-07T15:26:18.403,675339.95815813
21,0.00296099,32.20775933,0.0029608,2014-10-29T06:45:03.97,0.00303752,0.002961,0.00246868,BTC-BLOCK,265,1502,0.00247,2017-11-07T15:26:57.123,11413.52014939
22,0.00026171,10.93469787,0.00026084,2017-06-22T21:36:30.85,0.00027499,0.00026171,0.00025519,BTC-BNT,138,3314,0.00025623,2017-11-07T15:25:59.31,41427.76794271
23,2.182e-05,4.0796556,2.156e-05,2016-06-13T02:27:33.34,2.252e-05,2.182e-05,2.026e-05,BTC-BRK,131,2200,2.158e-05,2017-11-07T15:26:07.357,190376.22193783
24,6.962e-05,17.2091162,6.888e-05,2016-07-10T21:25:05.127,7.207e-05,6.888e-05,6.251e-05,BTC-BRX,148,2030,7.053e-05,2017-11-07T15:27:08.72,255734.39484501
25,8.148e-05,7.72206106,8.147e-05,2016-02-17T00:54:23.677,8.6e-05,8.148e-05,8.078e-05,BTC-BSD,192,2037,8.49e-05,2017-11-07T15:25:31.293,92352.99273351
26,0.01761969,8.24448526,0.0175,2014-07-14T06:05:04.567,0.01790817,0.01761969,0.01593002,BTC-BTCD,165,712,0.01739999,2017-11-07T15:23:32.183,480.01224125
27,0.0,63.85828478,0.0,2014-11-24T08:18:16.53,9.98e-06,8.86e-06,8.44e-06,BTC-BTS,229,4558,8.63e-06,2017-11-05T04:00:22.963,6871090.19001538
28,8.3e-07,13.51321944,8.1e-07,2014-09-16T07:41:56.047,8.8e-07,8.3e-07,7.5e-07,BTC-BURST,314,6357,8.2e-07,2017-11-07T15:17:25.287,16659491.88103283
29,0.000128,166.27312419,0.00012611,2014-11-03T19:02:45.96,0.00016843,0.000128,7.455e-05,BTC-BYC,279,1135,7.499e-05,2017-11-07T15:27:22.5,1270336.72777856
30,3.7e-06,24.02160878,3.68e-06,2014-08-10T06:48:44.83,4.49e-06,3.7e-06,3.58e-06,BTC-CANN,261,6247,4.09e-06,2017-11-07T15:24:07.887,5971766.20032657
31,1.277e-05,102.15667903,1.266e-05,2017-06-19T19:59:14.78,1.589e-05,1.266e-05,1.204e-05,BTC-CFI,243,5370,1.275e-05,2017-11-07T15:26:08.933,7272062.87103571
32,0.00068971,7.44449712,0.00068175,2015-04-18T22:04:25.183,0.00072071,0.00068125,0.00064184,BTC-CLAM,235,1467,0.00066003,2017-11-07T15:27:22.36,10802.3876196
33,0.00068748,19.36636369,0.00067831,2014-06-04T08:53:18.563,0.0007666,0.00067829,0.00060111,BTC-CLOAK,310,2892,0.00066,2017-11-07T15:27:21.877,28489.94929736
34,0.00021451,63.52479408,0.0002145,2015-12-18T00:30:10.31,0.00021878,0.00021451,0.0001996,BTC-CLUB,404,1828,0.00020118,2017-11-07T15:27:03.327,303372.38670356
35,6.9e-07,9.74663184,6.8e-07,2015-01-22T19:11:45.903,7.1e-07,6.9e-07,6.4e-07,BTC-COVAL,302,4726,7e-07,2017-11-07T15:19:42.553,14275160.28142558
36,5.117e-05,18.10705053,5.025e-05,2015-07-25T06:30:32.53,6.084e-05,5.025e-05,5.004e-05,BTC-CPC,109,2777,6.1e-05,2017-11-07T15:27:21.42,326280.85845003
37,5.28e-05,236.56627024,5.268e-05,2017-06-13T19:40:35.203,6.999e-05,5.28e-05,4.328e-05,BTC-CRB,130,2971,4.355e-05,2017-11-07T15:27:22.343,3925174.40546196
38,0.00021399,16.45624923,0.00021075,2017-03-06T21:10:15.663,0.000216,0.00021075,0.0001883,BTC-CRW,195,1618,0.00020022,2017-11-07T15:27:00.39,82973.33304475
39,4.468e-05,86.68958622,4.397e-05,2014-05-13T09:00:00,6.146e-05,4.46e-05,4.23e-05,BTC-CURE,323,2205,5.748e-05,2017-11-07T15:27:17.22,1644297.809206
40,4.073e-05,141.55752154,4.049e-05,2017-07-16T23:04:18.867,4.18e-05,4.049e-05,3.913e-05,BTC-CVC,910,12013,3.913e-05,2017-11-07T15:26:39.937,3493960.22410814
41,0.04035924,504.19701758,0.04002305,2014-03-11T08:00:00,0.0421155,0.04002305,0.0382,BTC-DASH,1225,6075,0.038255,2017-11-07T15:27:11.157,12542.07216669
42,0.0040633,49.95857444,0.00400043,2016-02-09T21:06:51.577,0.0042,0.00406433,0.00379999,BTC-DCR,530,4640,0.00384014,2017-11-07T15:27:22.983,12365.41404685
43,6.015e-05,12.59477921,5.999e-05,2017-06-30T16:35:24.643,6.298e-05,5.999e-05,5.7e-05,BTC-DCT,160,4816,5.95e-05,2017-11-07T15:25:53.717,210985.25227972
44,1.2e-06,235.79946269,1.19e-06,2014-08-20T07:09:57.207,1.27e-06,1.19e-06,1.15e-06,BTC-DGB,969,25405,1.18e-06,2017-11-07T15:27:09.53,194996357.27388674
45,0.0090742,6.15017528,0.00904826,2016-06-14T16:25:12.063,0.00916,0.0090742,0.00856101,BTC-DGD,153,1089,0.00879497,2017-11-07T15:18:09.833,688.61171304
46,0.00118887,41.80886686,0.00115002,2015-05-01T17:31:24.97,0.00144435,0.00115922,0.00089003,BTC-DMD,334,1715,0.00091666,2017-11-07T15:27:21.813,36507.68744413
47,5.52e-06,28.12446801,5.45e-06,2017-08-04T02:09:02.873,5.95e-06,5.52e-06,5.28e-06,BTC-DNT,147,1966,5.62e-06,2017-11-07T15:27:06.593,4955131.12420319
48,1.7e-07,29.61714627,1.6e-07,2014-02-13T00:00:00,1.7e-07,1.7e-07,1.5e-07,BTC-DOGE,1644,18029,1.6e-07,2017-11-07T15:26:31.483,180429468.6364882
49,3.04e-06,31.3532717,2.91e-06,2014-10-17T19:09:32.6,3.88e-06,3.03e-06,2.83e-06,BTC-DOPE,284,3390,3.63e-06,2017-11-07T15:27:15.873,9798717.72660999
50,6.079e-05,5.92209936,5.917e-05,2017-04-01T04:06:13.887,6.366e-05,6.079e-05,5.38e-05,BTC-DTB,145,3070,5.535e-05,2017-11-07T15:27:04.703,101750.46722285
51,0.000433,1.640912,0.00042526,2017-03-23T00:10:19.403,0.0004499,0.00042526,0.000418,BTC-DYN,152,922,0.00041897,2017-11-07T15:23:05.26,3802.93299972
52,1.5e-05,7.59929073,1.477e-05,2016-09-15T15:47:38.92,1.541e-05,1.5e-05,1.425e-05,BTC-EBST,149,4420,1.462e-05,2017-11-07T15:27:19.89,510866.57801801
53,7.8e-05,39.47766105,7.795e-05,2017-04-18T00:56:59.243,7.8e-05,7.8e-05,7.153e-05,BTC-EDG,326,6199,7.398e-05,2017-11-07T15:27:15.11,526441.18830492
54,1.725e-05,1.44563448,1.696e-05,2014-03-20T20:00:00,1.75e-05,1.696e-05,1.626e-05,BTC-EFL,126,1582,1.637e-05,2017-11-07T15:26:15.433,86157.66567627
55,3.17e-05,4.13237369,3.169e-05,2016-01-18T21:01:43.837,3.2e-05,3.169e-05,2.991e-05,BTC-EGC,256,2893,3.143e-05,2017-11-07T15:19:13.57,133649.03984506
56,8.763e-05,69.9262541,8.61e-05,2016-01-06T05:28:04.553,0.00010274,8.75e-05,8.377e-05,BTC-EMC,256,3108,8.335e-05,2017-11-07T15:27:22.733,752924.51635381
57,9.19e-06,113.68282258,9.12e-06,2014-12-24T00:00:00,9.83e-06,9.2e-06,8.28e-06,BTC-EMC2,365,7057,8.48e-06,2017-11-07T15:27:21.47,12699726.35233994
58,1.762e-05,29.73466258,1.716e-05,2014-05-04T00:00:00,2.025e-05,1.762e-05,1.477e-05,BTC-ENRG,257,2287,1.516e-05,2017-11-07T15:27:22.343,1679212.08523489
59,8.097e-05,161.32299181,8.05e-05,2014-05-10T17:00:00,0.0001125,8.05e-05,6.084e-05,BTC-ERC,234,1928,6.084e-05,2017-11-07T15:27:17.687,1851916.15185439
60,0.00190904,570.04111976,0.001901,2016-07-26T18:10:22.82,0.00206832,0.00190904,0.00189387,BTC-ETC,1057,8251,0.00203072,2017-11-07T15:26:59.047,285596.68547107
61,0.04115999,2860.2324863,0.04109001,2015-08-14T09:02:24.817,0.04340655,0.04109001,0.04021202,BTC-ETH,3967,20128,0.0415,2017-11-07T15:27:22.5,68024.50215844
62,0.0001725,5.16130365,0.00017249,2014-09-28T20:33:27.633,0.00018843,0.0001725,0.00016702,BTC-EXCL,206,1515,0.00019379,2017-11-07T15:24:56.107,29454.4183809
63,0.00025342,45.80602504,0.00025,2015-09-16T17:10:15.253,0.00029499,0.00025,0.00024102,BTC-EXP,189,4166,0.00024083,2017-11-07T15:26:27.89,173471.77086315
64,0.00011997,1.65903971,0.00011802,2014-12-12T19:51:07.703,0.000124,0.00011997,0.00011504,BTC-FAIR,241,931,0.0001229,2017-11-07T15:20:01.35,13646.68484375
65,0.00240001,202.09727116,0.0024,2016-01-09T03:47:07.803,0.00248,0.00240001,0.00200039,BTC-FCT,612,3860,0.00201289,2017-11-07T15:27:11.14,89777.79279808
66,1.48e-06,13.03465276,1.47e-06,2015-02-23T23:01:53.92,1.57e-06,1.47e-06,1.44e-06,BTC-FLDC,289,3723,1.47e-06,2017-11-07T15:13:29.403,8678898.07661867
67,1.202e-05,14.74362108,1.19e-05,2015-03-11T05:43:30.193,1.272e-05,1.184e-05,1.052e-05,BTC-FLO,188,2387,1.068e-05,2017-11-07T15:25:56.073,1276048.37460777
68,1.593e-05,147.71663166,1.57e-05,2014-02-13T00:00:00,1.702e-05,1.562e-05,1.345e-05,BTC-FTC,948,5291,1.657e-05,2017-11-07T15:27:20.33,9429510.78844677
69,2.18e-06,109.28451806,2.15e-06,2017-07-04T18:45:47.13,2.3e-06,2.16e-06,1.96e-06,BTC-FUN,263,6207,2.12e-06,2017-11-07T15:27:21.767,50013591.88220458
70,0.00101845,1.40911816,0.00099571,2015-05-05T22:38:44.963,0.0010189,0.00099489,0.00093348,BTC-GAM,107,829,0.00095202,2017-11-07T15:27:22.483,1426.900277
71,0.000235,66.98719377,0.00023454,2015-04-08T04:09:53.013,0.00024778,0.00023454,0.00022714,BTC-GAME,249,5383,0.00023302,2017-11-07T15:20:50.413,284039.29290272
72,1.538e-05,21.99956938,1.52e-05,2017-02-12T00:38:21.023,1.7e-05,1.52e-05,1.44e-05,BTC-GBG,167,2926,1.443e-05,2017-11-07T15:22:02.383,1377783.16798689
73,0.02357567,87.46407971,0.0234,2017-04-13T20:46:39.83,0.0253,0.02334162,0.02070022,BTC-GBYTE,363,3569,0.02135522,2017-11-07T15:24:14.463,3713.24604697
74,6.76e-06,21.82211301,6.63e-06,2015-08-24T00:25:28.933,8.24e-06,6.63e-06,6.46e-06,BTC-GCR,91,3988,6.51e-06,2017-11-07T15:25:45.183,2936435.59546805
75,0.00014102,7.96257012,0.0001385,2015-02-21T03:29:43.267,0.00014905,0.00013841,0.00013503,BTC-GEO,232,2681,0.00013738,2017-11-07T15:27:17.127,56292.86519886
76,2.089e-05,4.75498218,2.055e-05,2014-03-22T16:00:00,2.152e-05,2.093e-05,1.919e-05,BTC-GLD,274,2205,1.99e-05,2017-11-07T15:27:22.67,234943.04797691
77,0.00861988,10.24305528,0.00850203,2017-04-28T02:43:12,0.0087571,0.00861927,0.00837988,BTC-GNO,156,2293,0.00845104,2017-11-07T15:27:11.767,1193.79851404
78,2.71e-05,112.23806626,2.687e-05,2017-04-17T21:35:59.26,2.8e-05,2.7e-05,2.567e-05,BTC-GNT,507,10554,2.6e-05,2017-11-07T15:27:17.25,4167126.00568712
79,1.63e-05,6.49204007,1.612e-05,2017-01-19T23:23:12.41,1.658e-05,1.63e-05,1.54e-05,BTC-GOLOS,190,2137,1.571e-05,2017-11-07T15:15:12.563,406632.76814188
80,5.68e-06,7.93176931,5.67e-06,2015-02-27T19:57:02.82,5.69e-06,5.67e-06,5.08e-06,BTC-GRC,242,3579,5.19e-06,2017-11-07T15:27:14.657,1467493.27781025
81,9.051e-05,1225.84732297,9.022e-05,2014-04-03T05:00:00,0.0001085,9.051e-05,8.7e-05,BTC-GRS,1771,5284,9.399e-05,2017-11-07T15:27:21.877,12542303.35902931
82,2.194e-05,92.32025998,2.184e-05,2017-04-29T18:08:12.39,2.711e-05,2.18e-05,1.868e-05,BTC-GUP,222,3630,1.924e-05,2017-11-07T15:27:12.797,4153005.27723163
83,1.25e-05,41.53563669,1.243e-05,2017-05-10T00:02:47.373,1.395e-05,1.265e-05,1.2e-05,BTC-HMQ,181,4047,1.234e-05,2017-11-07T15:27:19.89,3199355.86824155
84,2.142e-05,3.08929863,2.141e-05,2017-04-04T21:20:51.083,2.209e-05,2.142e-05,2.093e-05,BTC-INCNT,129,2709,2.182e-05,2017-11-07T05:43:44.113,142340.20175623
85,9.478e-05,3.81466627,9.174e-05,2015-10-03T20:41:41.403,9.535e-05,9.478e-05,8.904e-05,BTC-INFX,175,1550,9.016e-05,2017-11-07T15:27:21.61,41187.97212579
86,0.00035113,101.6707546,0.00034721,2014-07-29T16:57:43.787,0.0004897,0.00035,0.0003,BTC-IOC,213,1937,0.000312,2017-11-07T15:27:22.687,254837.24190944
87,0.00015126,6.24593335,0.00015065,2017-02-18T23:41:17.04,0.000152,0.00015065,0.00014226,BTC-ION,193,2176,0.00014814,2017-11-07T15:23:37.01,42167.9396708
88,0.00031859,55.04810821,0.00031438,2016-12-22T00:54:23.477,0.00033399,0.00031859,0.00029,BTC-IOP,358,5618,0.00031529,2017-11-07T15:27:21.127,173273.20698535
89,0.00038598,543.50152739,0.00038597,2017-02-11T23:04:01.853,0.00040898,0.00038597,0.00036,BTC-KMD,1586,6584,0.000385,2017-11-07T15:27:03.733,1417064.26789573
90,0.000495,20.6069461,0.00049013,2014-06-17T05:46:29.303,0.00053644,0.000495,0.000475,BTC-KORE,260,2435,0.00050101,2017-11-07T15:24:36.48,40613.77600523
91,2.197e-05,30.80665358,2.171e-05,2016-07-05T21:50:07.81,2.219e-05,2.169e-05,1.995e-05,BTC-LBC,388,8891,2e-05,2017-11-07T15:27:22.733,1437068.59118877
92,0.00012796,122.58138698,0.00012682,2017-04-18T07:37:41.3,0.00014325,0.00012796,0.00011561,BTC-LGD,417,5379,0.00013606,2017-11-07T15:27:07.89,933282.15922951
93,6.3e-06,19.48279904,6.22e-06,2017-02-18T23:55:53.153,6.44e-06,6.22e-06,6.06e-06,BTC-LMC,205,5454,6.19e-06,2017-11-07T15:25:56.84,3145281.19667536
94,0.00067341,351.92916257,0.00067014,2016-05-24T18:49:52.77,0.0007,0.00067341,0.00062458,BTC-LSK,1732,8392,0.00062851,2017-11-07T15:27:01.64,533082.16399802
95,0.00817399,1136.79810131,0.008134,2014-02-13T00:00:00,0.0083,0.008134,0.0076,BTC-LTC,2345,13063,0.00761014,2017-11-07T15:27:18.313,143938.90571488
96,0.00070509,10.923769,0.0007,2017-04-30T16:57:03.27,0.00072739,0.0007,0.000655,BTC-LUN,164,4096,0.000655,2017-11-07T15:25:05.903,15780.85393062
97,5.191e-05,53.13728581,5.19e-05,2016-01-18T20:38:22.707,5.5e-05,5.191e-05,4.603e-05,BTC-MAID,326,3916,4.716e-05,2017-11-07T15:27:18.687,1047060.21201727
98,1.81e-06,17.16653826,1.8e-06,2017-10-13T23:32:02.993,1.85e-06,1.81e-06,1.62e-06,BTC-MANA,177,2482,1.62e-06,2017-11-07T15:27:02.97,9885231.34887808
99,0.00080999,225.45909156,0.00080561,2017-07-02T00:37:16.957,0.00086821,0.0008056,0.00078754,BTC-MCO,473,10116,0.00079604,2017-11-07T15:26:49.78,271218.37800839
100,3.187e-05,382.60259139,3.15e-05,2016-04-01T18:24:07.207,4.34e-05,3.188e-05,2.843e-05,BTC-MEME,327,1803,3.685e-05,2017-11-07T15:27:22.483,10570561.28829011
101,0.008178,13.66728409,0.00800002,2017-03-15T19:30:56.167,0.00864404,0.008178,0.00762766,BTC-MLN,112,1498,0.0085005,2017-11-07T15:27:08.97,1695.78720082
102,0.00037693,57.07479069,0.000375,2014-04-18T22:00:00,0.00038239,0.000375,0.000362,BTC-MONA,470,3819,0.000373,2017-11-07T15:27:10.013,154200.24733964
103,0.0007094,194.04665385,0.00070409,2017-07-08T14:59:57.34,0.00077616,0.00070978,0.00067144,BTC-MTL,539,6214,0.000681,2017-11-07T15:26:52.983,270005.78323218
104,1.427e-05,14.6136675,1.418e-05,2015-04-09T17:31:31.113,1.65e-05,1.427e-05,1.401e-05,BTC-MUE,221,3075,1.473e-05,2017-11-07T15:27:10.28,983076.30808536
105,1.99e-06,36.65855521,1.98e-06,2017-03-27T19:59:13.073,2.52e-06,1.99e-06,1.86e-06,BTC-MUSIC,284,9390,1.88e-06,2017-11-07T15:12:42.497,17480647.2899541
106,8.502e-05,4.06402345,8.5e-05,2017-06-19T19:13:43.73,8.84e-05,8.5e-05,8.5e-05,BTC-MYST,231,3693,8.659e-05,2017-11-07T15:24:03.417,47379.83079242
107,0.000109,77.4714117,0.00010892,2014-07-08T03:37:28.39,0.00011375,0.00010892,0.0001059,BTC-NAV,553,5199,0.0001071,2017-11-07T15:26:59.39,705118.98789467
108,0.00014149,24.42894232,0.00014012,2015-04-08T03:57:37.33,0.000144,0.00014149,0.00013634,BTC-NBT,46,1774,0.00013697,2017-11-07T15:18:13.473,174172.31577885
109,0.0037194,1148.33780408,0.00371928,2016-10-26T01:28:31.96,0.00382043,0.00372101,0.003604,BTC-NEO,4862,27593,0.00362855,2017-11-07T15:27:16.28,310111.568707
110,0.0003265,7.19851881,0.00032601,2014-08-20T00:06:59.63,0.0003435,0.0003265,0.00031456,BTC-NEOS,266,2048,0.0003435,2017-11-07T15:27:02.5,22158.78418676
111,1.356e-05,27.03287068,1.32e-05,2014-04-04T22:00:00,1.419e-05,1.358e-05,1.196e-05,BTC-NLG,263,3297,1.227e-05,2017-11-07T15:27:22.25,2042628.1330833
112,0.00150998,16.49192094,0.00149028,2017-06-22T21:58:57.657,0.0016,0.00151,0.00147258,BTC-NMR,148,4354,0.00149,2017-11-07T15:27:09.03,10825.50287104
113,2.714e-05,19.81220494,2.68e-05,2017-04-17T22:51:08.97,2.929e-05,2.731e-05,2.557e-05,BTC-NXC,102,3818,2.787e-05,2017-11-07T15:27:20.75,717914.66956224
114,0.00013689,24.68880622,0.000136,2015-01-25T03:00:35.143,0.0001419,0.00013685,0.00012792,BTC-NXS,525,4199,0.00012792,2017-11-07T15:26:15.89,181939.18984681
115,8.2e-06,44.13212581,8.15e-06,2014-03-03T09:00:00,8.27e-06,8.13e-06,7.87e-06,BTC-NXT,350,8429,7.93e-06,2017-11-07T15:24:52.387,5443587.57383733
116,3.472e-05,143.76125533,3.452e-05,2015-05-30T19:26:37.523,3.749e-05,3.472e-05,3.451e-05,BTC-OK,965,10326,3.529e-05,2017-11-07T15:27:10.407,4031394.38821553
117,0.00088968,940.95221812,0.0008881,2017-07-16T17:07:42.313,0.00096103,0.0008881,0.00086968,BTC-OMG,2354,17605,0.0008746,2017-11-07T15:27:04.92,1022797.27510405
118,0.00334785,12.81747159,0.00330167,2015-11-03T19:13:33.197,0.00335788,0.00330167,0.00296994,BTC-OMNI,336,2314,0.00298062,2017-11-07T15:26:58.67,4021.21987868
119,0.00121895,28.22161481,0.00119457,2017-07-20T18:19:07.157,0.00124999,0.00121899,0.00111,BTC-PART,268,1899,0.00112253,2017-11-07T15:27:20.703,23812.9233956
120,0.00022999,240.6450463,0.00022931,2017-07-07T07:14:00.793,0.00024348,0.00023,0.00021661,BTC-PAY,967,14437,0.00021661,2017-11-07T15:27:13.267,1046176.5686305
121,1.725e-05,11.73556094,1.697e-05,2016-06-02T04:39:35.21,1.774e-05,1.73e-05,1.435e-05,BTC-PDC,198,2403,1.486e-05,2017-11-07T15:26:48.39,723853.14370485
122,3.27e-06,33.89377122,3.25e-06,2014-07-29T07:41:09.4,3.53e-06,3.27e-06,3e-06,BTC-PINK,248,2926,3.24e-06,2017-11-07T15:26:49.593,10206803.61029482
123,0.00040202,178.66357572,0.00040201,2016-03-02T20:45:37.987,0.00043595,0.00040201,0.000395,BTC-PIVX,913,6514,0.00043368,2017-11-07T15:27:16.907,436340.76956856
124,7.036e-05,26.82518497,6.897e-05,2015-06-03T06:31:14.35,7.864e-05,6.897e-05,6.65e-05,BTC-PKB,328,2571,7.021e-05,2017-11-07T15:27:17.093,375030.60036968
125,1.725e-05,982.65591956,1.713e-05,2014-03-11T08:00:00,2.655e-05,1.727e-05,1.7e-05,BTC-POT,724,4165,2.61e-05,2017-11-07T15:27:16.127,45121405.27456219
126,0.00018724,5.34191238,0.0001872,2014-02-13T00:00:00,0.00019217,0.0001873,0.00018262,BTC-PPC,175,2793,0.00018567,2017-11-07T15:25:55.34,28570.549044
127,4.75e-06,3.4233245,4.73e-06,2014-03-27T18:00:00,4.87e-06,4.73e-06,4.46e-06,BTC-PTC,219,2461,4.69e-06,2017-11-07T15:27:08.56,735455.39352462
128,2.152e-05,84.75440651,2.135e-05,2017-06-18T17:04:24.1,2.59e-05,2.152e-05,2.027e-05,BTC-PTOY,375,6659,2.042e-05,2017-11-07T15:27:19.25,3671195.33718344
129,8.62e-05,7.42038501,8.499e-05,2017-06-10T00:01:39.293,8.685e-05,8.62e-05,8.101e-05,BTC-QRL,344,3510,8.1e-05,2017-11-07T15:26:56.56,88715.32502329
130,0.0015,741.66984049,0.00148775,2017-07-20T19:08:43.473,0.00155801,0.0015,0.00142935,BTC-QTUM,902,11886,0.00145597,2017-11-07T15:27:22,496619.40387154
131,1.898e-05,37.45617141,1.874e-05,2017-03-05T19:30:16.853,2.135e-05,1.897e-05,1.867e-05,BTC-QWARK,248,5231,2.126e-05,2017-11-07T15:27:20.53,1858610.93449571
132,0.00045352,11.27166157,0.00044158,2016-01-26T23:22:16.193,0.00047099,0.00045387,0.00041861,BTC-RADS,124,2035,0.00042299,2017-11-07T15:27:22.983,25548.91855854
133,9.93e-05,10.72124452,9.818e-05,2014-04-05T08:00:00,0.00010556,9.928e-05,9.529e-05,BTC-RBY,1597,6047,9.614e-05,2017-11-07T15:18:45.507,107271.14517782
134,1.6e-07,60.76480941,1.5e-07,2014-02-25T09:00:00,1.6e-07,1.6e-07,1.4e-07,BTC-RDD,1265,18116,1.5e-07,2017-11-07T15:25:01.463,392895375.6572088
135,0.00246339,52.90550535,0.00243,2016-10-04T15:45:37.14,0.00278,0.00243,0.00230487,BTC-REP,174,1853,0.00228385,2017-11-07T15:27:22.25,21117.436246
136,3.495e-05,102.50188294,3.486e-05,2016-06-24T17:00:00.043,3.65e-05,3.495e-05,3.396e-05,BTC-RISE,533,5701,3.476e-05,2017-11-07T15:25:09.637,2919927.27433266
137,7.451e-05,15.50454318,7.398e-05,2017-04-27T00:20:33.857,7.861e-05,7.441e-05,7.3e-05,BTC-RLC,190,3577,7.586e-05,2017-11-07T15:27:10.17,205460.49393278
138,1.22e-06,138.07022804,1.21e-06,2016-02-13T22:14:21.14,1.43e-06,1.2e-06,1.14e-06,BTC-SAFEX,512,6409,1.15e-06,2017-11-07T15:26:01.92,108972932.25542808
139,0.000417,374.30742886,0.00041305,2017-10-16T17:32:48.777,0.00044108,0.00041304,0.00038233,BTC-SALT,583,1969,0.00038233,2017-11-07T15:27:22.267,923876.2312698
140,0.00014164,7.93356301,0.00013926,2016-07-09T19:02:08.943,0.000143,0.00014011,0.00013207,BTC-SBD,115,1849,0.00013206,2017-11-07T15:27:11.657,57104.41902962
141,5.3e-07,128.53170718,5.2e-07,2017-05-22T21:30:29.16,5.4e-07,5.2e-07,4.8e-07,BTC-SC,1126,26985,4.9e-07,2017-11-07T15:27:22.127,247580961.92449474
142,1.754e-05,20.97229682,1.722e-05,2016-09-23T07:10:11.78,1.91e-05,1.721e-05,1.651e-05,BTC-SEQ,147,1721,1.696e-05,2017-11-07T15:24:27.323,1146528.74722549
143,0.0001425,7.9370761,0.00014105,2016-10-11T19:48:35.573,0.00014984,0.00014105,0.000135,BTC-SHIFT,147,2380,0.00014379,2017-11-07T15:21:00.74,55733.91148312
144,0.000153,4.13157839,0.00015013,2017-02-18T22:34:49.373,0.000155,0.00015013,0.00014507,BTC-SIB,124,2419,0.00014695,2017-11-07T15:18:37.083,27415.48920523
145,4.939e-05,34.69301357,4.9e-05,2014-03-23T06:00:00,5.274e-05,4.939e-05,3.88e-05,BTC-SLR,285,1977,3.965e-05,2017-11-07T15:27:21.03,756536.16937069
146,0.00195178,10.88908195,0.00191162,2016-01-20T22:24:04.65,0.00204572,0.00197976,0.00171,BTC-SLS,205,1747,0.0017849,2017-11-07T15:27:22.483,5757.76574433
147,2.751e-05,462.58877097,2.75e-05,2016-10-02T22:16:04.773,3.653e-05,2.75e-05,2.113e-05,BTC-SNGLS,378,1950,2.195e-05,2017-11-07T15:27:21.47,15789874.66264087
148,0.00021891,17.3172158,0.00021511,2015-06-03T06:27:04.623,0.000237,0.00021511,0.000185,BTC-SNRG,295,1692,0.0001943,2017-11-07T15:27:17.5,85254.60384595
149,4.25e-06,97.06564461,4.24e-06,2017-06-28T18:26:15.73,4.33e-06,4.24e-06,4.08e-06,BTC-SNT,379,10246,4.18e-06,2017-11-07T15:27:18.233,23079579.02442038
150,0.0003972,6.62538964,0.0003915,2015-05-18T22:45:47.093,0.00040013,0.00039002,0.00037988,BTC-SPHR,137,1303,0.00038211,2017-11-07T15:25:24.153,17017.86787657
151,4.4e-05,14.65047155,4.398e-05,2014-12-19T02:33:07.747,4.595e-05,4.398e-05,4.101e-05,BTC-SPR,262,3404,4.298e-05,2017-11-07T15:25:26.463,337923.51898365
152,6.25e-06,13.47727101,6.11e-06,2014-06-14T07:09:15.327,7.21e-06,6.26e-06,6.1e-06,BTC-START,346,5900,6.9e-06,2017-11-07T15:25:27.607,2058271.69931309
153,0.0001225,74.30308959,0.00012201,2016-04-17T01:22:13.35,0.00013,0.0001225,0.00011906,BTC-STEEM,467,7611,0.00012172,2017-11-07T15:25:29.137,599264.28521747
154,7.238e-05,153.51744593,7.134e-05,2017-07-11T21:14:32.643,7.41e-05,7.24e-05,6.464e-05,BTC-STORJ,621,6698,6.612e-05,2017-11-07T15:27:21.67,2189115.81477085
155,0.00042246,334.48117647,0.00042245,2016-08-10T23:26:39.657,0.00044732,0.00042245,0.00041003,BTC-STRAT,1707,22233,0.00042051,2017-11-07T15:27:03.483,781037.75823386
156,0.00014984,51.58956741,0.0001495,2014-10-03T19:16:23.143,0.0001885,0.00014995,0.00014304,BTC-SWIFT,244,2010,0.00014457,2017-11-07T15:27:19.203,303179.88401011
157,0.00017446,6.6705272,0.00017414,2017-03-08T22:32:26.03,0.000179,0.00017415,0.00015394,BTC-SWT,116,1738,0.00017789,2017-11-07T15:21:48.977,39656.50095732
158,3.393e-05,37.87991544,3.35e-05,2016-08-25T21:23:15.27,3.709e-05,3.35e-05,3.253e-05,BTC-SYNX,182,2418,3.31e-05,2017-11-07T15:27:12.78,1102618.87784627
159,2.861e-05,158.91904335,2.86e-05,2014-08-16T19:57:48.823,2.892e-05,2.861e-05,2.732e-05,BTC-SYS,881,8137,2.774e-05,2017-11-07T15:27:10,5607402.04723537
160,2.32e-06,231.05651154,2.28e-06,2014-04-29T21:00:00,3.66e-06,2.32e-06,2.22e-06,BTC-THC,478,3988,3.28e-06,2017-11-07T15:26:37.17,80835688.66991587
161,0.00334537,2.88578213,0.00329715,2017-03-09T00:44:08.673,0.00336982,0.00334542,0.0032935,BTC-TIME,127,1584,0.00330242,2017-11-07T15:27:20.89,872.15357799
162,2.472e-05,26.53143254,2.433e-05,2017-10-25T21:01:08.287,2.739e-05,2.472e-05,2.413e-05,BTC-TIX,127,2279,2.475e-05,2017-11-07T15:26:36.31,1038849.51137254
163,0.0001495,23.9970161,0.0001475,2017-05-08T17:09:34.91,0.00016,0.00014898,0.00014546,BTC-TKN,174,3433,0.00015292,2017-11-07T15:27:16.78,158763.40043865
164,0.00025804,28.03002731,0.0002515,2017-03-23T00:48:15.94,0.000285,0.00025137,0.00022098,BTC-TKS,159,1464,0.00022099,2017-11-07T15:27:16.75,109833.77729444
165,8.337e-05,127.70394182,8.232e-05,2016-09-08T05:59:08.183,8.909e-05,8.231e-05,7.803e-05,BTC-TRIG,465,8794,8.273e-05,2017-11-07T15:27:04.047,1518302.73988396
166,3.441e-05,18.64935422,3.402e-05,2017-04-19T04:53:43.893,3.68e-05,3.441e-05,3.328e-05,BTC-TRST,246,3737,3.408e-05,2017-11-07T15:26:24.967,531438.93421991
167,1.654e-05,33.60428775,1.652e-05,2014-07-07T05:46:18.71,1.986e-05,1.654e-05,1.471e-05,BTC-TRUST,288,2093,1.559e-05,2017-11-07T15:25:59.17,1917023.43314828
168,0.0002924,30.66565189,0.0002886,2015-09-02T08:02:54.3,0.00030598,0.00029,0.0002851,BTC-TX,386,803,0.00029,2017-11-07T15:27:11.39,103988.25174718
169,0.0001602,34.27273083,0.00015999,2017-02-08T17:00:59.02,0.000165,0.00015999,0.00014771,BTC-UBQ,615,7583,0.00015068,2017-11-07T15:24:40.213,218717.62265923
170,3.88e-05,4.29206222,3.822e-05,2016-08-24T21:39:28.357,3.949e-05,3.879e-05,3.581e-05,BTC-UNB,145,1624,3.727e-05,2017-11-07T15:18:41.91,114194.71228306
171,0.00021078,58.6827074,0.00020907,2014-07-18T00:20:00.393,0.00022,0.00021103,0.0002056,BTC-VIA,472,3267,0.00021301,2017-11-07T15:27:21.687,277577.25431401
172,5.64e-06,44.94758372,5.53e-06,2015-12-30T04:21:47.31,6.49e-06,5.52e-06,5.26e-06,BTC-VOX,272,5943,5.94e-06,2017-11-07T15:24:29.887,7691686.1558288
173,7.61e-05,109.03934382,7.576e-05,2014-05-13T07:00:00,8.7e-05,7.576e-05,7.044e-05,BTC-VRC,500,2566,8.028e-05,2017-11-07T15:25:09.183,1377229.45962317
174,0.0004341,7.76871959,0.00042538,2016-09-16T04:52:17.637,0.00044711,0.00042538,0.00040502,BTC-VRM,213,1510,0.00041502,2017-11-07T15:24:52.713,18156.53469375
175,0.00050662,949.14362432,0.00050659,2014-02-13T00:00:00,0.00054695,0.00050662,0.00047569,BTC-VTC,2989,8556,0.00052683,2017-11-07T15:27:19.08,1847747.71925409
176,2.996e-05,55.82819104,2.96e-05,2014-12-19T02:33:10.943,3.304e-05,2.996e-05,2.441e-05,BTC-VTR,251,1972,2.513e-05,2017-11-07T15:27:05.42,1930435.46973768
177,0.00051811,340.11882341,0.00051061,2016-06-19T15:46:31.167,0.0005321,0.00051815,0.00046,BTC-WAVES,1258,11423,0.00048541,2017-11-07T15:27:22.25,671125.36436203
178,5.237e-05,12.78985649,5.181e-05,2017-04-26T22:34:24.49,5.544e-05,5.237e-05,5.09e-05,BTC-WINGS,136,5104,5.202e-05,2017-11-07T15:24:34.027,239589.7060579
179,2.539e-05,4.56251833,2.499e-05,2016-09-25T00:15:16.103,2.54e-05,2.499e-05,2.426e-05,BTC-XAUR,89,1439,2.475e-05,2017-11-07T15:27:19.627,183502.45567194
180,0.00174911,35.29538771,0.00172523,2015-02-14T04:20:41,0.00185,0.00174911,0.0015793,BTC-XCP,459,3449,0.00157601,2017-11-07T15:25:01.51,20199.44565438
181,3.2e-07,12.20628087,3.1e-07,2014-06-21T18:37:57.64,3.3e-07,3.1e-07,3e-07,BTC-XDN,622,6597,3.1e-07,2017-11-07T15:25:41.403,38689405.66240759
182,3.948e-05,185.56898604,3.899e-05,2017-07-01T17:38:44.883,4.921e-05,3.95e-05,3.746e-05,BTC-XEL,346,7253,3.79e-05,2017-11-07T15:27:22.36,4348940.5564396
183,2.558e-05,239.71881807,2.534e-05,2015-04-10T21:06:00.043,2.689e-05,2.535e-05,2.393e-05,BTC-XEM,1147,12034,2.54e-05,2017-11-07T15:27:20.22,9418828.12581484
184,4.35e-06,1124.70759687,4.34e-06,2015-11-17T20:06:44.92,4.8e-06,4.34e-06,3.75e-06,BTC-XLM,1706,15706,3.79e-06,2017-11-07T15:27:16.937,260425047.59447765
185,3.26e-05,9.13000673,3.258e-05,2014-11-10T06:25:07.533,3.65e-05,3.26e-05,3.205e-05,BTC-XMG,310,2272,3.577e-05,2017-11-07T15:26:59.657,264441.89796359
186,0.01369548,1017.31731649,0.01368234,2014-06-04T07:38:39.24,0.014997,0.01369548,0.0129,BTC-XMR,1511,7150,0.01300645,2017-11-07T15:27:17.83,73203.6536907
187,4.1e-07,22.73345188,4e-07,2014-03-15T08:00:00,4.5e-07,4.1e-07,3.7e-07,BTC-XMY,444,4811,3.7e-07,2017-11-07T15:26:18.67,55430288.82604489
188,2.865e-05,990.39074604,2.863e-05,2014-12-22T19:30:27.45,2.931e-05,2.865e-05,2.773e-05,BTC-XRP,2336,26492,2.787e-05,2017-11-07T15:27:09.483,34699669.16305002
189,2.345e-05,17.11641546,2.289e-05,2014-07-09T20:33:00.59,2.535e-05,2.286e-05,2.171e-05,BTC-XST,219,1344,2.208e-05,2017-11-07T15:25:48.777,723836.93762785
190,0.00012203,433.19006893,0.000122,2016-03-12T19:37:38.863,0.00018694,0.00012105,0.00012,BTC-XVC,674,3044,0.00017499,2017-11-07T15:27:21.42,2785805.66255977
191,1.05e-06,2186.68760323,1.04e-06,2016-02-17T22:42:03.61,1.31e-06,1.05e-06,9.5e-07,BTC-XVG,3335,16374,1.3e-06,2017-11-07T15:27:22.483,1962210577.500515
192,7.09e-06,33.33428824,7.04e-06,2014-04-14T00:00:00,8e-06,7.13e-06,6.71e-06,BTC-XWC,487,1440,7.53e-06,2017-11-07T15:26:55.687,4389021.40465321
193,0.00211952,117.0791406,0.00211951,2016-10-20T04:48:30.387,0.00228,0.00211952,0.002054,BTC-XZC,885,3671,0.00208256,2017-11-07T15:27:21.22,54071.17705189
194,0.00025459,18.89791932,0.000252,2016-11-15T20:29:59.73,0.000255,0.000252,0.00023303,BTC-ZCL,211,5207,0.000238,2017-11-07T15:26:36.763,77565.02346976
195,0.03300665,317.76915086,0.03299992,2016-10-28T17:13:10.833,0.03382818,0.03299992,0.0314,BTC-ZEC,916,11180,0.03150006,2017-11-07T15:27:16.25,9752.86983795
196,0.00291529,151.83255687,0.00289359,2017-06-05T16:39:49.07,0.0031,0.00291529,0.002819,BTC-ZEN,1693,4450,0.002951,2017-11-07T15:27:16.42,51786.98086346
197,0.00123094,476.34892529,0.00118066,2017-06-11T17:33:06.127,0.00172,0.00123094,0.00103153,ETH-1ST,109,336,0.00109145,2017-11-07T15:27:21.563,349883.76792698
198,6.656e-05,79.20496796,6.5e-05,2017-07-03T21:08:06.22,7.34e-05,6.5e-05,6.31e-05,ETH-ADT,69,536,6.447e-05,2017-11-07T15:26:58.467,1184873.88102658
199,0.00301932,614.52041429,0.00301163,2017-07-11T22:42:17.78,0.0033389,0.00301932,0.00289343,ETH-ADX,189,577,0.00293707,2017-11-07T15:27:20.36,196405.24596235
200,0.0038236,246.89164869,0.00376001,2017-05-19T15:55:11.293,0.00399598,0.00387865,0.00330006,ETH-ANT,86,411,0.00399666,2017-11-07T15:24:12.73,68201.02243217
201,0.00048698,157.6909009,0.00048188,2017-06-03T22:04:52.38,0.000487,0.00048188,0.00046003,ETH-BAT,181,1085,0.00046553,2017-11-07T15:25:54.98,332915.35202669
202,2.06999871,2910.90069523,2.0699987,2017-08-01T18:34:04.763,2.17278151,2.0699987,1.96000003,ETH-BCC,436,449,2.1493257,2017-11-07T15:26:35.343,1432.21799894
203,0.00640899,105.52305939,0.0063083,2017-06-22T21:36:30.867,0.00640899,0.00640763,0.00621213,ETH-BNT,70,410,0.00624422,2017-11-07T15:27:22.267,16846.90300587
204,0.0,26.34440146,0.0,2017-08-04T18:01:27.853,0.00017062,0.00015172,0.00013,ETH-BTS,74,212,0.00014932,2017-11-05T04:03:45.967,175120.1443082
205,0.00031239,163.48018608,0.00030589,2017-06-19T19:59:14.89,0.00037576,0.00030588,0.00029,ETH-CFI,104,430,0.00030908,2017-11-07T15:27:03.593,498459.51682036
206,0.0013,173.134711,0.00123246,2017-06-13T19:40:35.217,0.00164498,0.0012729,0.0010229,ETH-CRB,62,173,0.00104409,2017-11-07T15:27:22.5,128379.37156468
207,0.0009943,391.09836407,0.0009805,2017-07-16T23:04:18.99,0.00099398,0.0009805,0.00092,ETH-CVC,186,1020,0.000951,2017-11-07T15:26:37.953,405282.43835333
208,0.988765,393.29934806,0.974,2017-07-14T17:10:05.143,0.99999999,0.97958872,0.909009,ETH-DASH,137,228,0.92101861,2017-11-07T15:27:00.547,409.80912244
209,2.947e-05,139.42322122,2.912e-05,2017-08-04T18:01:27.777,2.952e-05,2.905e-05,2.754e-05,ETH-DGB,74,601,2.831e-05,2017-11-07T15:27:16.797,4812331.04280851
210,0.22699118,11.04515306,0.21703182,2016-06-17T18:51:39.087,0.22699978,0.22699928,0.20593881,ETH-DGD,67,193,0.20925303,2017-11-07T15:27:20.767,52.10772773
211,0.00013684,89.54983608,0.00013215,2017-08-04T02:09:02.887,0.0001463,0.00013503,0.00012835,ETH-DNT,60,374,0.00013647,2017-11-07T15:27:20.97,659931.04622392
212,0.04656334,868.91008015,0.04640255,2016-07-28T21:45:59.05,0.04902917,0.04640255,0.04615162,ETH-ETC,196,1035,0.04902937,2017-11-07T15:26:20.03,18310.76826968
213,0.0591326,173.40069547,0.0576171,2017-08-04T18:01:27.853,0.05976,0.0576171,0.04755237,ETH-FCT,69,171,0.04781535,2017-11-07T15:27:22.72,3254.4753902
214,5.313e-05,140.80024222,5.141e-05,2017-07-04T18:45:47.143,5.443e-05,5.313e-05,4.7e-05,ETH-FUN,104,835,5.103e-05,2017-11-07T15:27:22.75,2715658.88920082
215,0.20845725,4.88571367,0.20491111,2017-04-30T18:42:52.17,0.2112,0.20846403,0.19999938,ETH-GNO,65,263,0.21086854,2017-11-07T15:26:44.06,23.95994987
216,0.00066221,599.00970937,0.00065278,2017-04-20T06:38:51.877,0.00066222,0.00066222,0.00061599,ETH-GNT,207,1420,0.00063,2017-11-07T15:27:14.657,940368.14510734
217,0.00053336,259.95208564,0.00051607,2017-04-30T18:40:42.213,0.000634,0.00052533,0.0004512,ETH-GUP,70,221,0.0004656,2017-11-07T15:27:22.5,515284.62380286
218,0.00031817,77.71055167,0.00030147,2017-05-10T07:27:27.597,0.00033111,0.00030632,0.00028302,ETH-HMQ,69,293,0.00029449,2017-11-07T15:27:23,257094.01800698
219,0.0030973,187.38623055,0.00303667,2017-06-17T15:02:02.783,0.00356244,0.0030973,0.00276021,ETH-LGD,75,327,0.00325574,2017-11-07T15:26:05.387,61429.60586691
220,0.1986003,1043.31310993,0.19696363,2017-06-25T03:06:46.83,0.19998348,0.1986003,0.18100002,ETH-LTC,302,534,0.18549999,2017-11-07T15:27:19.17,5488.92130322
221,0.01715134,55.40151541,0.01681408,2017-04-30T18:41:22.84,0.01715166,0.01715166,0.01580807,ETH-LUN,62,283,0.01591477,2017-11-07T15:27:19.75,3395.07812865
222,4.397e-05,40.32642474,4.346e-05,2017-10-13T23:32:03.027,4.525e-05,4.3e-05,3.867e-05,ETH-MANA,73,223,3.933e-05,2017-11-07T15:26:47.28,969009.8880765
223,0.01989999,359.5698147,0.01968506,2017-07-02T00:37:17.05,0.02049996,0.0199,0.019,ETH-MCO,187,1031,0.01932,2017-11-07T15:27:18.33,18353.95559624
224,0.01743025,141.53761847,0.0168916,2017-07-08T14:59:57.37,0.01799422,0.01714241,0.0160001,ETH-MTL,118,528,0.01632,2017-11-07T15:27:22.733,8387.6757902
225,0.00208112,3.28018207,0.00203453,2017-06-19T19:13:43.743,0.0021976,0.00205929,0.0020101,ETH-MYST,44,375,0.00208123,2017-11-07T15:26:58.31,1593.4877659
226,0.0909,1557.00695999,0.0908888,2017-07-21T01:08:49.397,0.0909,0.0909,0.0862,ETH-NEO,926,1718,0.08847361,2017-11-07T15:26:38.123,17679.31352655
227,0.03728573,16.32842132,0.03600199,2017-06-22T21:58:57.657,0.04,0.03728574,0.03435706,ETH-NMR,98,428,0.03655436,2017-11-07T15:27:20.157,449.93351629
228,0.02183623,1769.40788518,0.02165838,2017-07-16T17:07:42.41,0.0225,0.02178912,0.02085,ETH-OMG,560,2136,0.02108388,2017-11-07T15:26:15.043,81424.64032284
229,0.00559998,705.8928352,0.00550674,2017-07-07T07:14:00.873,0.00575931,0.00559992,0.00520201,ETH-PAY,307,1679,0.00526,2017-11-07T15:27:22.86,129973.64705106
230,0.00053506,195.95535371,0.00052501,2017-06-18T17:04:24.147,0.00061394,0.00053469,0.00048652,ETH-PTOY,79,532,0.00052192,2017-11-07T15:27:21.22,359188.53302051
231,0.00209379,13.83493268,0.00203492,2017-06-11T17:33:06.14,0.002082,0.002082,0.00190001,ETH-QRL,93,189,0.00204259,2017-11-07T15:27:02.78,6903.89265408
232,0.03664613,1308.89249643,0.03630075,2017-07-20T19:08:43.473,0.03736976,0.03630086,0.034,ETH-QTUM,366,1017,0.0355974,2017-11-07T15:26:45.327,36415.4086383
233,0.06092588,153.68339747,0.05875695,2017-04-20T06:43:49.19,0.06869237,0.058753,0.05519379,ETH-REP,100,179,0.05662639,2017-11-07T15:27:22.5,2624.62908244
234,0.00182598,29.574392,0.00177908,2017-04-30T18:41:22.823,0.00186341,0.00177126,0.00175,ETH-RLC,64,282,0.0018589,2017-11-07T15:26:57.28,16228.24989297
235,0.01010246,966.39018451,0.00999197,2017-10-16T17:32:48.84,0.01042752,0.01005876,0.00900744,ETH-SALT,97,196,0.00927898,2017-11-07T15:27:13.22,100040.00313471
236,1.275e-05,144.50677181,1.261e-05,2017-07-14T17:10:07.74,1.285e-05,1.263e-05,1.149e-05,ETH-SC,140,1167,1.182e-05,2017-11-07T15:26:46.187,11844270.20977758
237,0.00067323,1305.25530428,0.00067107,2017-04-30T18:41:22.853,0.00086196,0.00067323,0.000504,ETH-SNGLS,179,197,0.00053075,2017-11-07T15:27:22.127,1918846.00154991
238,0.00010298,266.22743508,0.00010175,2017-06-28T18:26:15.747,0.00010317,0.00010298,9.702e-05,ETH-SNT,170,1043,0.0001008,2017-11-07T15:27:22.86,2650479.48755865
239,0.00177,124.97937937,0.00166225,2017-07-11T21:14:32.643,0.00178,0.00177,0.00155,ETH-STORJ,128,444,0.00162,2017-11-07T15:27:21.767,76536.72712531
240,0.01036423,247.19961379,0.01016395,2017-08-04T18:01:27.713,0.01047204,0.01015306,0.00985906,ETH-STRAT,230,1174,0.01032375,2017-11-07T15:27:21.907,24423.92928425
241,0.08213298,6.09313182,0.07878353,2017-06-23T18:01:03.323,0.07838918,0.07838918,0.0766623,ETH-TIME,72,135,0.07834608,2017-11-07T15:27:17.61,77.88982641
242,0.000602,51.02567879,0.00058613,2017-10-25T21:01:08.287,0.000635,0.000605,0.00058002,ETH-TIX,36,308,0.0006,2017-11-07T15:26:42.28,83538.01938182
243,0.00364992,39.23753675,0.0035255,2017-05-09T04:43:46.723,0.00383058,0.00364992,0.00335111,ETH-TKN,66,491,0.0038783,2017-11-07T15:27:22.953,10882.91084872
244,0.00083715,65.38700737,0.00081578,2017-05-19T15:55:11.28,0.000882,0.000815,0.000802,ETH-TRST,78,210,0.00081629,2017-11-07T15:27:21.67,78493.0674014
245,0.0127993,273.59854454,0.01249486,2017-08-04T18:00:50.15,0.01280005,0.01240318,0.0111,ETH-WAVES,192,453,0.012,2017-11-07T15:27:19.33,22855.86755079
246,0.00126516,68.98315828,0.001252,2017-04-26T22:16:06.627,0.00129513,0.00126516,0.00123944,ETH-WINGS,48,319,0.00129125,2017-11-07T15:24:41.917,54668.42398792
247,0.00062402,577.193266,0.00061551,2017-07-21T01:08:49.38,0.00063419,0.000625,0.00057261,ETH-XEM,142,550,0.00061745,2017-11-07T15:27:22.89,943741.81557972
248,0.00010706,730.55895525,0.00010569,2017-07-21T01:08:49.38,0.00011195,0.00010569,9e-05,ETH-XLM,230,426,9.2e-05,2017-11-07T15:24:26.667,6999933.03728434
249,0.33599558,913.41171337,0.32846814,2017-07-21T01:08:49.367,0.34985,0.32843586,0.30697505,ETH-XMR,149,267,0.31137448,2017-11-07T15:27:22.377,2759.91533888
250,0.00070146,781.64794102,0.00069601,2017-06-25T03:07:09.677,0.000705,0.00069577,0.000666,ETH-XRP,458,838,0.00068004,2017-11-07T15:26:43.81,1143944.60905569
251,0.8045,489.75608009,0.79800019,2017-07-14T17:10:07.8,0.807,0.80037695,0.75149496,ETH-ZEC,267,525,0.761175,2017-11-07T15:27:10.11,629.11080553
252,594.99999974,4802276.3933894,591.0591002,2017-08-01T18:34:04.873,642.79999999,591.0,585.012,USDT-BCC,1270,2121,640.71347092,2017-11-07T15:27:20.377,7954.4517289
253,7006.0,41131290.89270078,7000.01,2015-12-11T06:31:40.633,7282.66196574,7006.0,6923.0,USDT-BTC,9595,4042,7183.0,2017-11-07T15:27:12.373,5823.94201525
254,282.49999999,1034600.42237863,281.55,2017-07-21T01:08:49.413,301.61904399,281.55,272.93831558,USDT-DASH,420,1054,275.65884248,2017-11-07T15:27:18.42,3602.55688245
255,13.38999999,2621467.90229082,13.31000001,2017-07-14T17:10:10.72,14.72,13.38999999,13.20000001,USDT-ETC,582,2149,14.6,2017-11-07T15:27:21.343,186445.77033888
256,288.49999999,4740566.70565409,288.1000002,2017-04-20T17:26:37.647,304.04122641,288.5,285.00000001,USDT-ETH,1732,4299,299.49580005,2017-11-07T15:27:18.767,16053.79023046
257,57.24899755,1782035.80363853,56.77135267,2017-07-14T17:10:10.72,58.68,56.76,54.28713508,USDT-LTC,926,2480,55.2155243,2017-11-07T15:27:21.03,31577.65468019
258,26.19999998,1377854.09294269,26.01,2017-08-04T16:58:43.087,26.5799999,26.01,25.5,USDT-NEO,1317,5021,26.2,2017-11-07T15:27:18.593,52785.56733996
259,6.26279995,1009041.98688654,6.25,2017-09-15T23:49:44.83,6.6999,6.2100001,6.2,USDT-OMG,909,4772,6.322,2017-11-07T15:26:17.95,155517.12295146
260,96.21427514,2182903.89785319,95.3000003,2017-07-21T01:08:49.397,104.5,95.3000002,92.93439367,USDT-XMR,495,900,93.63417304,2017-11-07T15:27:07.25,22159.3245403
261,0.20199998,622976.1323142,0.2010001,2017-07-14T17:10:10.737,0.206,0.20199998,0.19934411,USDT-XRP,1153,4266,0.201,2017-11-07T15:26:14.45,3075443.43578165
262,231.63179998,460043.88897259,229.77,2017-07-14T17:10:10.673,235.99999955,230.0,226.0,USDT-ZEC,728,2855,226.30213137,2017-11-07T15:25:01.48,1990.77062714
263,2.07e-05,1684.05855499,2.036e-05,2017-11-07T07:59:10.913,0.0002001,2.072e-05,1.7e-05,BTC-RCN,621,2195,0.0002,2017-11-07T15:27:22.17,76448705.95919365
264,0.00050234,2881.07414741,0.000495,2017-11-07T07:59:10.93,0.00089,0.00050234,0.00025124,ETH-RCN,122,249,0.00089,2017-11-07T15:27:09.297,5485495.3657444
