,Ask,BaseVolume,Bid,Created,High,Last,Low,MarketName,OpenBuyOrders,OpenSellOrders,PrevDay,TimeStamp,Volume
0,4.955e-05,576.15135008,4.913e-05,2017-06-06T01:22:35.727,7.245e-05,4.913e-05,4.453e-05,BTC-1ST,279,5817,4.453e-05,2017-11-07T15:28:43.703,9953526.117151
1,8.7e-07,22.32312149,8.6e-07,2016-05-16T06:44:15.287,9.9e-07,8.6e-07,7.9e-07,BTC-2GIVE,328,2260,9.7e-07,2017-11-07T15:28:58.75,25657227.33555875
2,8.3e-07,17.68321424,8.2e-07,2014-10-31T01:43:25.743,9.9e-07,8.3e-07,8e-07,BTC-ABY,266,4902,8.6e-07,2017-11-07T15:28:46,20106674.79043507
3,3.08e-06,584.87392707,3.07e-06,2017-09-29T07:01:58.873,3.35e-06,3.08e-06,2.94e-06,BTC-ADA,1526,9354,2.99e-06,2017-11-07T15:29:03.75,185802919.12003842
4,2.76e-06,22.99257364,2.7e-06,2017-07-03T21:08:06.11,2.99e-06,2.7e-06,2.61e-06,BTC-ADT,154,3145,2.65e-06,2017-11-07T15:29:21.3,8208213.85085472
5,0.00012505,530.59590225,0.000124,2017-07-11T22:42:17.78,0.0001429,0.000125,0.0001205,BTC-ADX,703,8818,0.0001228,2017-11-07T15:29:14.953,4028785.43403204
6,0.000215,15.73128982,0.00021322,2015-07-31T00:50:47.11,0.00021999,0.00021322,0.00019103,BTC-AEON,253,2144,0.0002035,2017-11-07T15:22:45.213,75186.71419077
7,5.031e-05,2.77268135,4.958e-05,2015-11-10T00:53:59.643,5.117e-05,4.953e-05,4.74e-05,BTC-AGRS,199,2515,4.907e-05,2017-11-07T15:29:20.597,56186.78295932
8,2.127e-05,21.61158089,2.1e-05,2015-11-03T19:13:55.18,2.176e-05,2.102e-05,1.951e-05,BTC-AMP,156,5686,2.091e-05,2017-11-07T15:29:21.22,1040775.19866325
9,0.00015649,49.47963502,0.00015395,2017-05-17T19:54:30.143,0.00016761,0.00015678,0.00014116,BTC-ANT,195,4291,0.00016035,2017-11-07T15:29:21.783,325813.98995365
10,0.00076689,3.13569759,0.00074632,2017-05-02T06:26:32.897,0.00076874,0.00076755,0.000725,BTC-APX,188,1876,0.00075148,2017-11-07T15:29:22.393,4188.33274392
11,2.825e-05,44.66609803,2.803e-05,2016-10-13T18:59:37.407,2.905e-05,2.825e-05,2.687e-05,BTC-ARDR,465,4267,2.695e-05,2017-11-07T15:28:17.923,1582470.22759657
12,0.00036744,289.34944788,0.00036369,2017-03-21T18:11:29.347,0.000378,0.00036369,0.00033723,BTC-ARK,2172,9705,0.00033724,2017-11-07T15:28:56,801964.65085696
13,8.635e-05,2.00143032,8.511e-05,2014-03-16T22:00:00,8.777e-05,8.51e-05,8.5e-05,BTC-AUR,101,1578,8.667e-05,2017-11-07T15:29:16.643,23301.38610085
14,1.976e-05,99.58051971,1.972e-05,2017-06-03T22:04:53.82,2.05e-05,1.976e-05,1.911e-05,BTC-BAT,667,12941,1.913e-05,2017-11-07T15:29:21.267,4992629.15947194
15,3.98e-06,120.0374741,3.89e-06,2014-11-18T17:34:21.083,4.89e-06,3.89e-06,3.11e-06,BTC-BAY,289,3924,3.22e-06,2017-11-07T15:29:21.3,29095395.44363451
16,0.0851119,1933.7602506,0.084722,2017-08-01T18:34:04.967,0.0893,0.08511191,0.083959,BTC-BCC,3231,12064,0.08919999,2017-11-07T15:29:21.737,22580.91943892
17,4.649e-05,11.79113926,4.613e-05,2015-09-10T05:28:20.787,4.799e-05,4.613e-05,4.145e-05,BTC-BCY,132,2898,4.2e-05,2017-11-07T15:29:20.673,265875.35094172
18,3.9e-07,8.65822862,3.8e-07,2015-02-15T23:07:32.777,3.9e-07,3.9e-07,3.6e-07,BTC-BITB,516,5118,3.7e-07,2017-11-07T15:26:04.67,22890986.05705225
19,0.00012242,5.78063734,0.00012009,2014-11-13T20:20:21.443,0.00012586,0.00012061,0.00011603,BTC-BLITZ,144,2606,0.00011955,2017-11-07T15:29:19.657,47906.95864748
20,3.072e-05,21.00401244,3.044e-05,2014-03-14T09:00:00,3.285e-05,3.072e-05,2.916e-05,BTC-BLK,194,4606,3.012e-05,2017-11-07T15:28:20.737,675293.47757541
21,0.00296079,32.48855327,0.00296058,2014-10-29T06:45:03.97,0.00303752,0.0029608,0.00246868,BTC-BLOCK,274,1501,0.00247,2017-11-07T15:29:18.173,11508.35734641
22,0.00026171,10.93469787,0.00026111,2017-06-22T21:36:30.85,0.00027499,0.00026171,0.00025519,BTC-BNT,138,3314,0.00025623,2017-11-07T15:27:45.563,41427.76794271
23,2.182e-05,4.0796556,2.169e-05,2016-06-13T02:27:33.34,2.252e-05,2.182e-05,2.026e-05,BTC-BRK,131,2200,2.158e-05,2017-11-07T15:28:51.843,190376.22193783
24,6.962e-05,17.19646854,6.875e-05,2016-07-10T21:25:05.127,7.207e-05,6.874e-05,6.251e-05,BTC-BRX,148,2029,6.976e-05,2017-11-07T15:28:04.03,255553.76664101
25,8.148e-05,7.72206106,8.147e-05,2016-02-17T00:54:23.677,8.6e-05,8.148e-05,8.078e-05,BTC-BSD,192,2037,8.49e-05,2017-11-07T15:25:31.293,92352.99273351
26,0.01761969,8.24448526,0.0175,2014-07-14T06:05:04.567,0.01790817,0.01761969,0.01593002,BTC-BTCD,165,712,0.01739999,2017-11-07T15:23:32.183,480.01224125
27,0.0,63.85828478,0.0,2014-11-24T08:18:16.53,9.98e-06,8.86e-06,8.44e-06,BTC-BTS,229,4558,8.63e-06,2017-11-05T02:45:15.237,6871090.19001538
28,8.3e-07,13.51321944,8.1e-07,2014-09-16T07:41:56.047,8.8e-07,8.3e-07,7.5e-07,BTC-BURST,314,6357,8.2e-07,2017-11-07T15:17:25.287,16659491.88103283
29,0.000129,169.64015889,0.00012865,2014-11-03T19:02:45.96,0.00016843,0.000129,7.455e-05,BTC-BYC,308,1152,7.456e-05,2017-11-07T15:29:20.19,1296081.21671258
30,3.7e-06,24.02160878,3.68e-06,2014-08-10T06:48:44.83,4.49e-06,3.7e-06,3.58e-06,BTC-CANN,261,6247,4.09e-06,2017-11-07T15:24:07.887,5971766.20032657
31,1.277e-05,102.15667903,1.266e-05,2017-06-19T19:59:14.78,1.589e-05,1.266e-05,1.204e-05,BTC-CFI,243,5370,1.275e-05,2017-11-07T15:26:08.933,7272062.87103571
32,0.0006896,7.44449712,0.00068174,2015-04-18T22:04:25.183,0.00072071,0.00068125,0.00064184,BTC-CLAM,235,1467,0.00066003,2017-11-07T15:29:20.55,10802.3876196
33,0.00068974,19.36636369,0.00067851,2014-06-04T08:53:18.563,0.0007666,0.00067829,0.00060111,BTC-CLOAK,310,2892,0.00066,2017-11-07T15:29:21.8,28489.94929736
34,0.00021451,63.527508,0.0002145,2015-12-18T00:30:10.31,0.00021878,0.00021451,0.0001996,BTC-CLUB,405,1828,0.00020118,2017-11-07T15:29:20.487,303385.03867186
35,6.9e-07,9.74663184,6.8e-07,2015-01-22T19:11:45.903,7.1e-07,6.9e-07,6.4e-07,BTC-COVAL,302,4726,7e-07,2017-11-07T15:19:42.553,14275160.28142558
36,5.112e-05,18.22271436,5.014e-05,2015-07-25T06:30:32.53,6.084e-05,5.009e-05,5.004e-05,BTC-CPC,106,2777,6.1e-05,2017-11-07T15:29:21.58,328587.62030921
37,5.283e-05,236.59187454,5.28e-05,2017-06-13T19:40:35.203,6.999e-05,5.284e-05,4.328e-05,BTC-CRB,132,2968,4.355e-05,2017-11-07T15:29:18.127,3925659.84379875
38,0.00021298,17.08712897,0.00021041,2017-03-06T21:10:15.663,0.000216,0.00021041,0.0001883,BTC-CRW,198,1619,0.0002017,2017-11-07T15:29:09.423,85935.98105938
39,4.464e-05,86.6210864,4.397e-05,2014-05-13T09:00:00,6.146e-05,4.466e-05,4.23e-05,BTC-CURE,323,2205,5.798e-05,2017-11-07T15:29:16.813,1643114.48022047
40,4.072e-05,141.52450435,4.048e-05,2017-07-16T23:04:18.867,4.18e-05,4.048e-05,3.913e-05,BTC-CVC,929,12015,3.921e-05,2017-11-07T15:28:58.377,3492657.52043373
41,0.04035924,500.70530708,0.0403,2014-03-11T08:00:00,0.0421155,0.0403,0.0382,BTC-DASH,1223,6070,0.038285,2017-11-07T15:29:08.5,12449.89732398
42,0.0040626,49.96605841,0.00400072,2016-02-09T21:06:51.577,0.0042,0.00400051,0.00382,BTC-DCR,529,4640,0.00379999,2017-11-07T15:29:22.3,12367.16476741
43,5.999e-05,12.54137697,5.922e-05,2017-06-30T16:35:24.643,6.298e-05,5.999e-05,5.7e-05,BTC-DCT,159,4818,5.891e-05,2017-11-07T15:28:03.767,210078.44194883
44,1.2e-06,235.96694837,1.19e-06,2014-08-20T07:09:57.207,1.27e-06,1.2e-06,1.15e-06,BTC-DGB,957,25404,1.18e-06,2017-11-07T15:29:06.143,195136143.7481222
45,0.0090742,6.17638458,0.00904826,2016-06-14T16:25:12.063,0.00916,0.0090742,0.00856101,BTC-DGD,153,1089,0.00879497,2017-11-07T15:28:49.19,691.50004553
46,0.00119397,42.57076511,0.00118944,2015-05-01T17:31:24.97,0.00144435,0.00118944,0.00089003,BTC-DMD,339,1711,0.00091666,2017-11-07T15:28:58.783,37148.4141371
47,5.57e-06,28.14354716,5.47e-06,2017-08-04T02:09:02.873,5.95e-06,5.57e-06,5.28e-06,BTC-DNT,151,1963,5.62e-06,2017-11-07T15:29:21.267,4958574.18916966
48,1.7e-07,29.58055217,1.6e-07,2014-02-13T00:00:00,1.7e-07,1.6e-07,1.6e-07,BTC-DOGE,1648,18028,1.6e-07,2017-11-07T15:29:21.563,180200183.54693395
49,3.04e-06,31.3532717,2.94e-06,2014-10-17T19:09:32.6,3.88e-06,3.03e-06,2.83e-06,BTC-DOPE,284,3390,3.63e-06,2017-11-07T15:29:16.157,9798717.72660999
50,6.079e-05,5.92209936,5.917e-05,2017-04-01T04:06:13.887,6.366e-05,6.079e-05,5.38e-05,BTC-DTB,145,3070,5.535e-05,2017-11-07T15:27:04.703,101750.46722285
51,0.000433,1.640912,0.00042526,2017-03-23T00:10:19.403,0.0004499,0.00042526,0.000418,BTC-DYN,152,922,0.00041897,2017-11-07T15:23:05.26,3802.93299972
52,1.5e-05,7.6090552,1.478e-05,2016-09-15T15:47:38.92,1.541e-05,1.5e-05,1.432e-05,BTC-EBST,151,4423,1.429e-05,2017-11-07T15:29:20.657,511205.30771741
53,7.808e-05,40.82276696,7.794e-05,2017-04-18T00:56:59.243,7.8e-05,7.8e-05,7.153e-05,BTC-EDG,324,6192,7.398e-05,2017-11-07T15:29:17.423,543698.5560792
54,1.725e-05,1.44563448,1.699e-05,2014-03-20T20:00:00,1.75e-05,1.696e-05,1.626e-05,BTC-EFL,125,1581,1.637e-05,2017-11-07T15:28:56.673,86157.66567627
55,3.17e-05,4.13237369,3.169e-05,2016-01-18T21:01:43.837,3.2e-05,3.169e-05,2.991e-05,BTC-EGC,256,2893,3.143e-05,2017-11-07T15:19:13.57,133649.03984506
56,8.74e-05,69.63828341,8.614e-05,2016-01-06T05:28:04.553,0.00010274,8.745e-05,8.377e-05,BTC-EMC,257,3110,8.377e-05,2017-11-07T15:29:19.393,749488.83481671
57,9.11e-06,114.66242744,9e-06,2014-12-24T00:00:00,9.83e-06,9e-06,8.28e-06,BTC-EMC2,346,7062,8.48e-06,2017-11-07T15:29:14.22,12807940.6080947
58,1.771e-05,29.77666675,1.728e-05,2014-05-04T00:00:00,2.025e-05,1.719e-05,1.477e-05,BTC-ENRG,256,2287,1.516e-05,2017-11-07T15:29:13.58,1681655.60927421
59,8.05e-05,161.53433721,7.926e-05,2014-05-10T17:00:00,0.0001125,8.05e-05,6.084e-05,BTC-ERC,232,1933,6.084e-05,2017-11-07T15:28:37.22,1854538.74473632
60,0.00191,569.68886146,0.00190003,2016-07-26T18:10:22.82,0.00206832,0.00191,0.00189387,BTC-ETC,1053,8252,0.00202563,2017-11-07T15:29:21.673,285438.22267734
61,0.04115199,2857.34249508,0.04105,2015-08-14T09:02:24.817,0.04340655,0.04103505,0.04021202,BTC-ETH,3912,20221,0.041505,2017-11-07T15:29:22.423,67956.17355998
62,0.0001725,5.16130365,0.00017249,2014-09-28T20:33:27.633,0.00018843,0.0001725,0.00016702,BTC-EXCL,206,1515,0.00019379,2017-11-07T15:24:56.107,29454.4183809
63,0.00025436,45.81280198,0.00025,2015-09-16T17:10:15.253,0.00029499,0.00025,0.00024171,BTC-EXP,188,4162,0.00024102,2017-11-07T15:29:20.143,173498.77086315
64,0.00011997,1.65903971,0.00011802,2014-12-12T19:51:07.703,0.000124,0.00011997,0.00011504,BTC-FAIR,241,931,0.0001229,2017-11-07T15:20:07.693,13646.68484375
65,0.002439,202.47050416,0.00240002,2016-01-09T03:47:07.803,0.00248,0.00243899,0.00200039,BTC-FCT,613,3856,0.00201289,2017-11-07T15:29:21.69,89933.16264916
66,1.48e-06,11.9532484,1.47e-06,2015-02-23T23:01:53.92,1.57e-06,1.47e-06,1.44e-06,BTC-FLDC,290,3722,1.49e-06,2017-11-07T15:28:30.22,7965764.17152483
67,1.202e-05,14.74362108,1.19e-05,2015-03-11T05:43:30.193,1.272e-05,1.184e-05,1.052e-05,BTC-FLO,188,2387,1.068e-05,2017-11-07T15:25:56.073,1276048.37460777
68,1.566e-05,147.77037451,1.565e-05,2014-02-13T00:00:00,1.702e-05,1.566e-05,1.345e-05,BTC-FTC,956,5298,1.66e-05,2017-11-07T15:29:20.423,9433256.11057032
69,2.18e-06,109.26993482,2.15e-06,2017-07-04T18:45:47.13,2.3e-06,2.18e-06,1.96e-06,BTC-FUN,261,6205,2.08e-06,2017-11-07T15:29:09.61,50006470.71680732
70,0.00101828,1.40911816,0.0009959,2015-05-05T22:38:44.963,0.0010189,0.00099489,0.00093348,BTC-GAM,107,829,0.00095202,2017-11-07T15:29:19.75,1426.900277
71,0.000235,66.98719377,0.00023454,2015-04-08T04:09:53.013,0.00024778,0.00023454,0.00022714,BTC-GAME,249,5383,0.00023302,2017-11-07T15:20:50.413,284039.29290272
72,1.538e-05,21.99956938,1.52e-05,2017-02-12T00:38:21.023,1.7e-05,1.52e-05,1.44e-05,BTC-GBG,167,2926,1.443e-05,2017-11-07T15:22:02.383,1377783.16798689
73,0.02357567,87.46407971,0.0234,2017-04-13T20:46:39.83,0.0253,0.02334162,0.02070022,BTC-GBYTE,363,3569,0.02135522,2017-11-07T15:24:14.76,3713.24604697
74,6.76e-06,21.82211301,6.63e-06,2015-08-24T00:25:28.933,8.24e-06,6.63e-06,6.46e-06,BTC-GCR,91,3988,6.51e-06,2017-11-07T15:21:15.07,2936435.59546805
75,0.00014108,7.96257012,0.00013852,2015-02-21T03:29:43.267,0.00014905,0.00013841,0.00013503,BTC-GEO,232,2681,0.00013738,2017-11-07T15:29:20.347,56292.86519886
76,2.084e-05,4.75074371,2.054e-05,2014-03-22T16:00:00,2.152e-05,2.084e-05,1.919e-05,BTC-GLD,273,2206,1.985e-05,2017-11-07T15:29:19.47,234695.06927697
77,0.00861988,9.83805765,0.00850228,2017-04-28T02:43:12,0.0087571,0.00861988,0.00837988,BTC-GNO,154,2288,0.00845104,2017-11-07T15:29:20.143,1145.82871094
78,2.72e-05,112.40391198,2.69e-05,2017-04-17T21:35:59.26,2.8e-05,2.719e-05,2.567e-05,BTC-GNT,502,10551,2.6e-05,2017-11-07T15:29:13.987,4173231.38911548
79,1.63e-05,6.49204007,1.612e-05,2017-01-19T23:23:12.41,1.658e-05,1.63e-05,1.54e-05,BTC-GOLOS,190,2137,1.571e-05,2017-11-07T15:15:17.517,406632.76814188
80,5.67e-06,7.93641695,5.57e-06,2015-02-27T19:57:02.82,5.69e-06,5.67e-06,5.08e-06,BTC-GRC,240,3579,5.19e-06,2017-11-07T15:29:12.033,1468312.96822513
81,9.118e-05,1225.44023944,9.06e-05,2014-04-03T05:00:00,0.0001085,9.103e-05,8.7e-05,BTC-GRS,1752,5231,9.411e-05,2017-11-07T15:29:22.487,12538056.07939573
82,2.194e-05,92.559172,2.186e-05,2017-04-29T18:08:12.39,2.711e-05,2.192e-05,1.868e-05,BTC-GUP,223,3639,1.932e-05,2017-11-07T15:29:19.627,4163747.79930463
83,1.261e-05,41.53750119,1.243e-05,2017-05-10T00:02:47.373,1.395e-05,1.243e-05,1.2e-05,BTC-HMQ,183,4047,1.234e-05,2017-11-07T15:29:21.907,3199505.86824155
84,2.142e-05,3.08929863,2.141e-05,2017-04-04T21:20:51.083,2.209e-05,2.142e-05,2.093e-05,BTC-INCNT,129,2709,2.182e-05,2017-11-07T05:43:44.113,142340.20175623
85,9.473e-05,3.81466627,9.144e-05,2015-10-03T20:41:41.403,9.535e-05,9.478e-05,8.904e-05,BTC-INFX,175,1550,9.016e-05,2017-11-07T15:29:21.643,41187.97212579
86,0.00034965,101.6707546,0.00034721,2014-07-29T16:57:43.787,0.0004897,0.00035,0.0003,BTC-IOC,213,1937,0.000312,2017-11-07T15:29:21.8,254837.24190944
87,0.00015126,6.24593335,0.00015065,2017-02-18T23:41:17.04,0.000152,0.00015065,0.00014226,BTC-ION,193,2176,0.00014814,2017-11-07T15:23:37.01,42167.9396708
88,0.00032338,55.24002065,0.00032299,2016-12-22T00:54:23.477,0.00033399,0.00032299,0.00029,BTC-IOP,362,5619,0.00031034,2017-11-07T15:29:18.127,173855.29223466
89,0.00038597,543.74314156,0.00038595,2017-02-11T23:04:01.853,0.00040898,0.00038595,0.00036,BTC-KMD,1577,6586,0.00038352,2017-11-07T15:29:14.657,1417688.70027619
90,0.00049908,20.60249434,0.00049013,2014-06-17T05:46:29.303,0.00053644,0.000495,0.000475,BTC-KORE,262,2437,0.000504,2017-11-07T15:29:22.25,40604.95283918
91,2.185e-05,30.76611689,2.167e-05,2016-07-05T21:50:07.81,2.219e-05,2.189e-05,1.996e-05,BTC-LBC,389,8887,1.996e-05,2017-11-07T15:29:18.533,1435032.83364699
92,0.00012681,122.7395142,0.0001265,2017-04-18T07:37:41.3,0.00014325,0.00012681,0.00011561,BTC-LGD,418,5383,0.00013797,2017-11-07T15:29:16.36,934573.62302931
93,6.3e-06,19.6544184,6.23e-06,2017-02-18T23:55:53.153,6.44e-06,6.23e-06,6.06e-06,BTC-LMC,205,5456,6.19e-06,2017-11-07T15:28:19.953,3172806.46792952
94,0.000674,346.95591636,0.00067341,2016-05-24T18:49:52.77,0.0007,0.00067341,0.00062458,BTC-LSK,1707,8386,0.00063,2017-11-07T15:29:17.157,525129.27060896
95,0.00817328,1138.16013216,0.008146,2014-02-13T00:00:00,0.0083,0.008135,0.0076,BTC-LTC,2405,13072,0.007639,2017-11-07T15:29:22.423,144101.65552159
96,0.00070509,10.923769,0.0007,2017-04-30T16:57:03.27,0.00072739,0.0007,0.000655,BTC-LUN,164,4096,0.000655,2017-11-07T15:25:05.903,15780.85393062
97,5.2e-05,53.13953576,5.187e-05,2016-01-18T20:38:22.707,5.5e-05,5.187e-05,4.603e-05,BTC-MAID,326,3914,4.716e-05,2017-11-07T15:29:04.33,1047103.57029243
98,1.81e-06,17.16653826,1.79e-06,2017-10-13T23:32:02.993,1.85e-06,1.81e-06,1.62e-06,BTC-MANA,177,2482,1.62e-06,2017-11-07T15:27:55.517,9885231.34887808
99,0.000815,225.52427391,0.000809,2017-07-02T00:37:16.957,0.00086821,0.00081468,0.00078754,BTC-MCO,476,10150,0.0008,2017-11-07T15:29:19.097,271296.81800351
100,3.185e-05,382.49133906,3.15e-05,2016-04-01T18:24:07.207,4.34e-05,3.186e-05,2.843e-05,BTC-MEME,327,1806,3.72e-05,2017-11-07T15:29:17.627,10567584.42513037
101,0.008178,13.66728409,0.00800002,2017-03-15T19:30:56.167,0.00864404,0.008178,0.00762766,BTC-MLN,112,1498,0.0085005,2017-11-07T15:27:08.97,1695.78720082
102,0.00037718,57.11445426,0.000376,2014-04-18T22:00:00,0.00038239,0.00037719,0.000362,BTC-MONA,467,3818,0.000373,2017-11-07T15:29:22.393,154305.4136988
103,0.00070409,194.09752928,0.00070408,2017-07-08T14:59:57.34,0.00077616,0.00070409,0.00067144,BTC-MTL,541,6216,0.00067802,2017-11-07T15:29:08.813,270067.39803491
104,1.465e-05,14.62378068,1.424e-05,2015-04-09T17:31:31.113,1.65e-05,1.424e-05,1.401e-05,BTC-MUE,222,3075,1.473e-05,2017-11-07T15:29:18.847,983789.01783147
105,1.99e-06,36.6149872,1.98e-06,2017-03-27T19:59:13.073,2.52e-06,1.98e-06,1.87e-06,BTC-MUSIC,290,9396,1.87e-06,2017-11-07T15:29:19.517,17456827.94621218
106,8.502e-05,4.06402345,8.5e-05,2017-06-19T19:13:43.73,8.84e-05,8.5e-05,8.5e-05,BTC-MYST,231,3693,8.659e-05,2017-11-07T15:24:03.417,47379.83079242
107,0.000109,77.43058004,0.00010892,2014-07-08T03:37:28.39,0.00011375,0.000109,0.0001062,BTC-NAV,553,5198,0.0001071,2017-11-07T15:29:18.33,704700.00356411
108,0.00014149,24.42894232,0.00014012,2015-04-08T03:57:37.33,0.000144,0.00014149,0.00013634,BTC-NBT,46,1774,0.00013697,2017-11-07T15:18:13.473,174172.31577885
109,0.00373432,1149.53703711,0.00371928,2016-10-26T01:28:31.96,0.00382043,0.00371928,0.003604,BTC-NEO,4868,27645,0.0036335,2017-11-07T15:29:20.72,310420.81492254
110,0.0003265,7.19851881,0.00032601,2014-08-20T00:06:59.63,0.0003435,0.0003265,0.00031456,BTC-NEOS,266,2048,0.0003435,2017-11-07T15:27:02.5,22158.78418676
111,1.357e-05,27.03287068,1.322e-05,2014-04-04T22:00:00,1.419e-05,1.358e-05,1.196e-05,BTC-NLG,263,3297,1.227e-05,2017-11-07T15:29:10.313,2042628.1330833
112,0.00150998,16.49192094,0.00149028,2017-06-22T21:58:57.657,0.0016,0.00151,0.00147258,BTC-NMR,148,4354,0.00149,2017-11-07T15:27:09.03,10825.50287104
113,2.713e-05,19.81220494,2.68e-05,2017-04-17T22:51:08.97,2.929e-05,2.731e-05,2.557e-05,BTC-NXC,102,3818,2.787e-05,2017-11-07T15:29:10.533,717914.66956224
114,0.00013685,24.58783857,0.000136,2015-01-25T03:00:35.143,0.0001419,0.00013685,0.00012792,BTC-NXS,525,4201,0.00012904,2017-11-07T15:29:19.533,181143.53190814
115,8.16e-06,43.7554889,8.15e-06,2014-03-03T09:00:00,8.27e-06,8.15e-06,7.87e-06,BTC-NXT,353,8430,7.9e-06,2017-11-07T15:28:50.72,5395826.87785427
116,3.475e-05,143.60480174,3.452e-05,2015-05-30T19:26:37.523,3.749e-05,3.452e-05,3.451e-05,BTC-OK,967,10328,3.518e-05,2017-11-07T15:29:14.127,4026968.71673326
117,0.00089016,941.26349973,0.0008897,2017-07-16T17:07:42.313,0.00096103,0.00088969,0.00086968,BTC-OMG,2355,17602,0.00087503,2017-11-07T15:29:18.173,1023141.21605052
118,0.00334783,12.81747159,0.00330167,2015-11-03T19:13:33.197,0.00335788,0.00330167,0.00296994,BTC-OMNI,336,2314,0.00298062,2017-11-07T15:28:28.813,4021.21987868
119,0.0012188,28.22161481,0.00119457,2017-07-20T18:19:07.157,0.00124999,0.00121899,0.00111,BTC-PART,268,1899,0.00112253,2017-11-07T15:29:18.83,23812.9233956
120,0.00022999,240.48651576,0.00022931,2017-07-07T07:14:00.793,0.00024348,0.00022931,0.00021661,BTC-PAY,995,14431,0.00021736,2017-11-07T15:28:44.673,1045443.11915771
121,1.69e-05,11.74872098,1.688e-05,2016-06-02T04:39:35.21,1.774e-05,1.688e-05,1.436e-05,BTC-PDC,194,2407,1.435e-05,2017-11-07T15:29:20.627,724608.81875459
122,3.27e-06,33.89377122,3.25e-06,2014-07-29T07:41:09.4,3.53e-06,3.27e-06,3e-06,BTC-PINK,248,2926,3.24e-06,2017-11-07T15:29:06.19,10206803.61029482
123,0.00040578,178.71060575,0.00040202,2016-03-02T20:45:37.987,0.00043595,0.00040203,0.000395,BTC-PIVX,914,6511,0.00043368,2017-11-07T15:29:22.267,436459.76495389
124,7.038e-05,26.82518497,6.898e-05,2015-06-03T06:31:14.35,7.864e-05,6.897e-05,6.65e-05,BTC-PKB,328,2571,7.021e-05,2017-11-07T15:29:22.407,375030.60036968
125,1.734e-05,974.7788944,1.73e-05,2014-03-11T08:00:00,2.64e-05,1.733e-05,1.7e-05,BTC-POT,725,4155,2.594e-05,2017-11-07T15:29:16.907,44827351.85487279
126,0.00018724,5.34191238,0.00018719,2014-02-13T00:00:00,0.00019217,0.0001873,0.00018262,BTC-PPC,175,2793,0.00018567,2017-11-07T15:28:57,28570.549044
127,4.75e-06,3.46756118,4.74e-06,2014-03-27T18:00:00,4.87e-06,4.75e-06,4.46e-06,BTC-PTC,219,2459,4.69e-06,2017-11-07T15:29:17.097,744785.91402462
128,2.152e-05,84.77822925,2.135e-05,2017-06-18T17:04:24.1,2.59e-05,2.135e-05,2.027e-05,BTC-PTOY,368,6661,2.042e-05,2017-11-07T15:28:35.173,3672297.86875019
129,8.62e-05,7.43139948,8.489e-05,2017-06-10T00:01:39.293,8.685e-05,8.62e-05,8.101e-05,BTC-QRL,342,3518,8.1e-05,2017-11-07T15:29:18.533,88843.1031418
130,0.0015,740.1546072,0.00148943,2017-07-20T19:08:43.473,0.00155801,0.0015,0.00142935,BTC-QTUM,904,11882,0.0014642,2017-11-07T15:29:21.83,495570.05087561
131,1.949e-05,37.76475705,1.88e-05,2017-03-05T19:30:16.853,2.135e-05,1.878e-05,1.867e-05,BTC-QWARK,250,5223,2.126e-05,2017-11-07T15:29:22.283,1874899.0817895
132,0.00045326,11.27166157,0.00044183,2016-01-26T23:22:16.193,0.00047099,0.00045387,0.00041861,BTC-RADS,124,2035,0.00042299,2017-11-07T15:29:21.517,25548.91855854
133,9.93e-05,10.72124452,9.818e-05,2014-04-05T08:00:00,0.00010556,9.928e-05,9.529e-05,BTC-RBY,1597,6047,9.614e-05,2017-11-07T15:18:45.85,107271.14517782
134,1.6e-07,60.10694975,1.5e-07,2014-02-25T09:00:00,1.6e-07,1.6e-07,1.4e-07,BTC-RDD,1261,18141,1.4e-07,2017-11-07T15:28:57.563,388505174.4017768
135,0.00246246,52.90550535,0.00243,2016-10-04T15:45:37.14,0.00278,0.00243,0.00230487,BTC-REP,174,1853,0.00228385,2017-11-07T15:29:21.767,21117.436246
136,3.495e-05,102.64657206,3.489e-05,2016-06-24T17:00:00.043,3.65e-05,3.489e-05,3.396e-05,BTC-RISE,531,5706,3.479e-05,2017-11-07T15:29:22.25,2924071.05728021
137,7.451e-05,15.50454318,7.398e-05,2017-04-27T00:20:33.857,7.861e-05,7.441e-05,7.3e-05,BTC-RLC,190,3577,7.586e-05,2017-11-07T15:27:10.17,205460.49393278
138,1.23e-06,138.07022804,1.22e-06,2016-02-13T22:14:21.14,1.43e-06,1.2e-06,1.14e-06,BTC-SAFEX,512,6409,1.15e-06,2017-11-07T15:28:53.22,108972932.25542808
139,0.0004138,373.61637821,0.00041304,2017-10-16T17:32:48.777,0.00044108,0.00041304,0.00038233,BTC-SALT,580,1974,0.00038599,2017-11-07T15:29:21.783,922041.39003235
140,0.00014164,7.93356301,0.00013927,2016-07-09T19:02:08.943,0.000143,0.00014011,0.00013207,BTC-SBD,115,1849,0.00013206,2017-11-07T15:28:14.127,57104.41902962
141,5.3e-07,128.53333041,5.2e-07,2017-05-22T21:30:29.16,5.4e-07,5.2e-07,4.8e-07,BTC-SC,1127,26984,4.9e-07,2017-11-07T15:28:00.83,247584083.52708846
142,1.754e-05,20.97229682,1.722e-05,2016-09-23T07:10:11.78,1.91e-05,1.721e-05,1.651e-05,BTC-SEQ,147,1721,1.696e-05,2017-11-07T15:24:27.183,1146528.74722549
143,0.0001425,7.9370761,0.00014105,2016-10-11T19:48:35.573,0.00014984,0.00014105,0.000135,BTC-SHIFT,147,2380,0.00014379,2017-11-07T15:21:00.74,55733.91148312
144,0.000153,3.95130476,0.00015013,2017-02-18T22:34:49.373,0.000155,0.00015013,0.00014507,BTC-SIB,125,2418,0.00014695,2017-11-07T15:28:34.907,26187.49816068
145,4.99e-05,34.7961349,4.907e-05,2014-03-23T06:00:00,5.274e-05,4.99e-05,3.902e-05,BTC-SLR,284,1972,3.88e-05,2017-11-07T15:29:16.22,758538.69666687
146,0.00195155,10.88908195,0.00191162,2016-01-20T22:24:04.65,0.00204572,0.00197976,0.00171,BTC-SLS,205,1747,0.0017849,2017-11-07T15:29:20.377,5757.76574433
147,2.675e-05,463.93609071,2.632e-05,2016-10-02T22:16:04.773,3.653e-05,2.676e-05,2.113e-05,BTC-SNGLS,370,1952,2.212e-05,2017-11-07T15:29:19.563,15839663.62552611
148,0.00021611,17.4524533,0.00021532,2015-06-03T06:27:04.623,0.000237,0.00021611,0.000185,BTC-SNRG,297,1693,0.0001943,2017-11-07T15:29:02.11,85879.11673358
149,4.25e-06,97.14796464,4.24e-06,2017-06-28T18:26:15.73,4.33e-06,4.24e-06,4.08e-06,BTC-SNT,382,10244,4.18e-06,2017-11-07T15:29:12.017,23098980.19981818
150,0.0003915,6.63905996,0.00039001,2015-05-18T22:45:47.093,0.00040013,0.0003915,0.00037988,BTC-SPHR,135,1304,0.00038788,2017-11-07T15:29:19.58,17052.65889453
151,4.4e-05,14.65047155,4.35e-05,2014-12-19T02:33:07.747,4.595e-05,4.398e-05,4.101e-05,BTC-SPR,262,3404,4.298e-05,2017-11-07T15:28:21.907,337923.51898365
152,6.26e-06,13.47727101,6.11e-06,2014-06-14T07:09:15.327,7.21e-06,6.26e-06,6.1e-06,BTC-START,346,5900,6.9e-06,2017-11-07T15:28:20.797,2058271.69931309
153,0.00012295,73.24374417,0.0001225,2016-04-17T01:22:13.35,0.00013,0.0001225,0.00011906,BTC-STEEM,486,7667,0.00012213,2017-11-07T15:29:14.313,590577.41261477
154,7.213e-05,153.51744593,7.15e-05,2017-07-11T21:14:32.643,7.41e-05,7.24e-05,6.464e-05,BTC-STORJ,621,6698,6.612e-05,2017-11-07T15:29:08.563,2189115.81477085
155,0.00042246,334.25168834,0.0004202,2016-08-10T23:26:39.657,0.00044732,0.00042246,0.00041003,BTC-STRAT,1648,22105,0.00042051,2017-11-07T15:29:11.893,780492.1639326
156,0.00014978,51.58956741,0.0001495,2014-10-03T19:16:23.143,0.0001885,0.00014995,0.00014304,BTC-SWIFT,244,2010,0.00014457,2017-11-07T15:29:22.25,303179.88401011
157,0.00017446,6.6705272,0.00017414,2017-03-08T22:32:26.03,0.000179,0.00017415,0.00015394,BTC-SWT,116,1738,0.00017789,2017-11-07T15:21:48.977,39656.50095732
158,3.396e-05,37.87991544,3.35e-05,2016-08-25T21:23:15.27,3.709e-05,3.35e-05,3.253e-05,BTC-SYNX,182,2418,3.31e-05,2017-11-07T15:29:22.05,1102618.87784627
159,2.865e-05,159.42451501,2.864e-05,2014-08-16T19:57:48.823,2.892e-05,2.864e-05,2.732e-05,BTC-SYS,877,8130,2.772e-05,2017-11-07T15:29:21.813,5624881.21370111
160,2.32e-06,221.59406998,2.28e-06,2014-04-29T21:00:00,3.66e-06,2.32e-06,2.22e-06,BTC-THC,478,3989,2.99e-06,2017-11-07T15:29:14.597,77699206.22386871
161,0.0033454,2.83948873,0.00329715,2017-03-09T00:44:08.673,0.00336982,0.00334542,0.0032935,BTC-TIME,127,1585,0.00336835,2017-11-07T15:28:59.847,858.40989982
162,2.48e-05,26.53143254,2.433e-05,2017-10-25T21:01:08.287,2.739e-05,2.472e-05,2.413e-05,BTC-TIX,127,2279,2.475e-05,2017-11-07T15:27:44.14,1038849.51137254
163,0.000149,22.11497457,0.00014801,2017-05-08T17:09:34.91,0.00016,0.000149,0.00014546,BTC-TKN,173,3432,0.00015191,2017-11-07T15:29:16.033,146017.1478858
164,0.00025788,28.13946407,0.00025164,2017-03-23T00:48:15.94,0.000285,0.00025789,0.00022098,BTC-TKS,159,1465,0.00022099,2017-11-07T15:29:21.033,110252.27696783
165,8.331e-05,127.70394182,8.231e-05,2016-09-08T05:59:08.183,8.909e-05,8.231e-05,7.803e-05,BTC-TRIG,465,8794,8.273e-05,2017-11-07T15:29:10.283,1518302.73988396
166,3.441e-05,18.64935422,3.402e-05,2017-04-19T04:53:43.893,3.68e-05,3.441e-05,3.328e-05,BTC-TRST,246,3737,3.408e-05,2017-11-07T15:26:24.967,531438.93421991
167,1.654e-05,33.60428775,1.652e-05,2014-07-07T05:46:18.71,1.986e-05,1.654e-05,1.471e-05,BTC-TRUST,288,2093,1.559e-05,2017-11-07T15:25:59.17,1917023.43314828
168,0.00029257,29.83603536,0.00028862,2015-09-02T08:02:54.3,0.00030598,0.00029,0.0002851,BTC-TX,386,806,0.0002901,2017-11-07T15:29:19.173,101136.4318885
169,0.0001602,34.2268521,0.00015999,2017-02-08T17:00:59.02,0.000165,0.0001602,0.00014771,BTC-UBQ,679,7582,0.0001505,2017-11-07T15:29:14.33,218412.64652878
170,3.88e-05,4.29100018,3.861e-05,2016-08-24T21:39:28.357,3.949e-05,3.861e-05,3.581e-05,BTC-UNB,147,1619,3.748e-05,2017-11-07T15:29:15.97,114159.22643576
171,0.00021115,58.83118166,0.00020902,2014-07-18T00:20:00.393,0.00022,0.00021103,0.0002056,BTC-VIA,471,3267,0.00021427,2017-11-07T15:29:06.94,278284.02942578
172,5.64e-06,44.91653736,5.54e-06,2015-12-30T04:21:47.31,6.49e-06,5.53e-06,5.26e-06,BTC-VOX,261,5939,5.94e-06,2017-11-07T15:29:07.893,7686581.889933
173,7.628e-05,109.03965739,7.61e-05,2014-05-13T07:00:00,8.7e-05,7.61e-05,7.044e-05,BTC-VRC,497,2565,8.113e-05,2017-11-07T15:29:21.05,1377251.66761342
174,0.00043,7.76871959,0.00042538,2016-09-16T04:52:17.637,0.00044711,0.00042538,0.00040502,BTC-VRM,213,1510,0.00041502,2017-11-07T15:28:04.33,18156.53469375
175,0.000505,948.20700354,0.00050435,2014-02-13T00:00:00,0.00054695,0.0005043,0.00047569,BTC-VTC,2959,8567,0.00052763,2017-11-07T15:29:08.987,1846022.7524885
176,2.996e-05,55.82919353,2.97e-05,2014-12-19T02:33:10.943,3.304e-05,2.97e-05,2.441e-05,BTC-VTR,245,1973,2.513e-05,2017-11-07T15:29:08.627,1930469.22394643
177,0.00050997,340.44317901,0.0005096,2016-06-19T15:46:31.167,0.0005321,0.0005096,0.00046,BTC-WAVES,1250,11428,0.00048436,2017-11-07T15:29:22.407,671748.84923252
178,5.236e-05,12.78985649,5.181e-05,2017-04-26T22:34:24.49,5.544e-05,5.237e-05,5.09e-05,BTC-WINGS,136,5104,5.202e-05,2017-11-07T15:29:15.923,239589.7060579
179,2.546e-05,4.56251833,2.499e-05,2016-09-25T00:15:16.103,2.54e-05,2.499e-05,2.426e-05,BTC-XAUR,89,1439,2.475e-05,2017-11-07T15:29:13.987,183502.45567194
180,0.00174911,35.29538771,0.00172523,2015-02-14T04:20:41,0.00185,0.00174911,0.0015793,BTC-XCP,459,3449,0.00157601,2017-11-07T15:28:05.5,20199.44565438
181,3.2e-07,12.20628087,3.1e-07,2014-06-21T18:37:57.64,3.3e-07,3.1e-07,3e-07,BTC-XDN,622,6597,3.1e-07,2017-11-07T15:25:41.403,38689405.66240759
182,3.96e-05,185.53607999,3.95e-05,2017-07-01T17:38:44.883,4.921e-05,3.95e-05,3.746e-05,BTC-XEL,344,7251,3.83e-05,2017-11-07T15:29:19.517,4348078.22097139
183,2.557e-05,238.09591088,2.534e-05,2015-04-10T21:06:00.043,2.689e-05,2.535e-05,2.393e-05,BTC-XEM,1139,12035,2.54e-05,2017-11-07T15:29:19.657,9354938.20035815
184,4.37e-06,1124.67024321,4.36e-06,2015-11-17T20:06:44.92,4.8e-06,4.36e-06,3.75e-06,BTC-XLM,1702,15704,3.79e-06,2017-11-07T15:29:12.94,260407879.03554785
185,3.26e-05,9.13000673,3.258e-05,2014-11-10T06:25:07.533,3.65e-05,3.26e-05,3.205e-05,BTC-XMG,310,2272,3.577e-05,2017-11-07T15:26:59.657,264441.89796359
186,0.01366,1016.49975136,0.013598,2014-06-04T07:38:39.24,0.014997,0.01368232,0.0129,BTC-XMR,1508,7149,0.013,2017-11-07T15:29:19.423,73140.41103779
187,4.1e-07,22.73345188,4e-07,2014-03-15T08:00:00,4.5e-07,4.1e-07,3.7e-07,BTC-XMY,444,4811,3.7e-07,2017-11-07T15:26:18.67,55430288.82604489
188,2.853e-05,998.78068516,2.852e-05,2014-12-22T19:30:27.45,2.931e-05,2.86e-05,2.773e-05,BTC-XRP,2378,26588,2.795e-05,2017-11-07T15:29:18.86,34992811.27085618
189,2.345e-05,17.11641546,2.286e-05,2014-07-09T20:33:00.59,2.535e-05,2.286e-05,2.171e-05,BTC-XST,219,1344,2.208e-05,2017-11-07T15:29:00.22,723836.93762785
190,0.00012299,433.5947744,0.00012158,2016-03-12T19:37:38.863,0.00018694,0.00012299,0.00012,BTC-XVC,687,3062,0.00017479,2017-11-07T15:29:16.83,2789686.8203145
191,1.05e-06,2186.05924553,1.04e-06,2016-02-17T22:42:03.61,1.31e-06,1.05e-06,9.5e-07,BTC-XVG,3344,16372,1.3e-06,2017-11-07T15:29:21.313,1961762477.338979
192,7.03e-06,33.13121525,7.02e-06,2014-04-14T00:00:00,8e-06,7.04e-06,6.71e-06,BTC-XWC,483,1444,7.59e-06,2017-11-07T15:29:07.767,4362287.93130776
193,0.00211951,117.1185296,0.00210943,2016-10-20T04:48:30.387,0.00228,0.00210943,0.002054,BTC-XZC,882,3672,0.00207627,2017-11-07T15:29:09.8,54089.73092638
194,0.00025459,18.89791932,0.000252,2016-11-15T20:29:59.73,0.000255,0.000252,0.00023303,BTC-ZCL,211,5207,0.000238,2017-11-07T15:26:36.763,77565.02346976
195,0.033,313.00420212,0.03294113,2016-10-28T17:13:10.833,0.03382818,0.033,0.0314,BTC-ZEC,915,11182,0.03198499,2017-11-07T15:29:10.453,9603.10264586
196,0.00289359,152.17353069,0.00288928,2017-06-05T16:39:49.07,0.0031,0.00289359,0.002819,BTC-ZEN,1684,4448,0.002951,2017-11-07T15:29:07.877,51905.71262849
197,0.00123094,476.34892529,0.001181,2017-06-11T17:33:06.127,0.00172,0.00123094,0.00103153,ETH-1ST,109,336,0.00109145,2017-11-07T15:29:21.173,349883.76792698
198,6.641e-05,79.20496796,6.5e-05,2017-07-03T21:08:06.22,7.34e-05,6.5e-05,6.31e-05,ETH-ADT,69,536,6.447e-05,2017-11-07T15:29:18.657,1184873.88102658
199,0.00303583,615.99073483,0.00301163,2017-07-11T22:42:17.78,0.0033389,0.00302038,0.00289343,ETH-ADX,186,578,0.00293707,2017-11-07T15:29:15.783,196891.80456177
200,0.0038236,246.71182959,0.00376001,2017-05-19T15:55:11.293,0.00398477,0.00387865,0.00330006,ETH-ANT,85,412,0.00399598,2017-11-07T15:28:38.237,68156.02243217
201,0.000485,157.6909009,0.00048188,2017-06-03T22:04:52.38,0.000487,0.00048188,0.00046003,ETH-BAT,181,1085,0.00046553,2017-11-07T15:28:43.44,332915.35202669
202,2.0699987,2960.15930248,2.04949401,2017-08-01T18:34:04.763,2.16999971,2.0699987,1.96000003,ETH-BCC,436,450,2.17277986,2017-11-07T15:28:55.72,1456.09333857
203,0.00640899,105.52305939,0.00630853,2017-06-22T21:36:30.867,0.00640899,0.00640763,0.00621213,ETH-BNT,70,410,0.00624422,2017-11-07T15:29:20.673,16846.90300587
204,0.0,26.34440146,0.0,2017-08-04T18:01:27.853,0.00017062,0.00015172,0.00013,ETH-BTS,74,212,0.00014932,2017-11-05T02:48:39.207,175120.1443082
205,0.00031239,163.48018608,0.00030589,2017-06-19T19:59:14.89,0.00037576,0.00030588,0.00029,ETH-CFI,104,430,0.00030908,2017-11-07T15:27:03.593,498459.51682036
206,0.0013,173.134711,0.00123842,2017-06-13T19:40:35.217,0.00164498,0.0012729,0.0010229,ETH-CRB,62,173,0.00104409,2017-11-07T15:29:22.407,128379.37156468
207,0.0009943,390.27665378,0.00098051,2017-07-16T23:04:18.99,0.00099398,0.0009805,0.00092,ETH-CVC,185,1018,0.000951,2017-11-07T15:29:02.627,404418.88918433
208,0.98876449,393.29934806,0.974,2017-07-14T17:10:05.143,0.99999999,0.97958872,0.909009,ETH-DASH,137,228,0.92101861,2017-11-07T15:29:22.3,409.80912244
209,2.945e-05,139.42322122,2.912e-05,2017-08-04T18:01:27.777,2.952e-05,2.905e-05,2.754e-05,ETH-DGB,74,601,2.831e-05,2017-11-07T15:29:22.203,4812331.04280851
210,0.22698783,11.04515306,0.21703078,2016-06-17T18:51:39.087,0.22699978,0.22699928,0.20593881,ETH-DGD,67,193,0.20925303,2017-11-07T15:29:22.487,52.10772773
211,0.00013875,78.9024103,0.00013219,2017-08-04T02:09:02.887,0.0001463,0.00013684,0.00012835,ETH-DNT,59,375,0.00013647,2017-11-07T15:29:20.203,581908.18891689
212,0.04656334,868.91008015,0.04640259,2016-07-28T21:45:59.05,0.04902917,0.04640255,0.04615162,ETH-ETC,196,1035,0.04902937,2017-11-07T15:29:19.627,18310.76826968
213,0.05913175,173.40069547,0.05762156,2017-08-04T18:01:27.853,0.05976,0.0576171,0.04755237,ETH-FCT,69,171,0.04781535,2017-11-07T15:29:22.487,3254.4753902
214,5.313e-05,140.80024222,5.127e-05,2017-07-04T18:45:47.143,5.443e-05,5.313e-05,4.7e-05,ETH-FUN,104,835,5.103e-05,2017-11-07T15:29:07.86,2715658.88920082
215,0.20845725,4.88571367,0.20491111,2017-04-30T18:42:52.17,0.2112,0.20846403,0.19999938,ETH-GNO,65,263,0.21086854,2017-11-07T15:26:32.217,23.95994987
216,0.000659,605.59970937,0.00065278,2017-04-20T06:38:51.877,0.00066222,0.000659,0.00061599,ETH-GNT,208,1421,0.00063,2017-11-07T15:28:44.453,950368.14510734
217,0.00053337,259.3141792,0.00053336,2017-04-30T18:40:42.213,0.000634,0.00053336,0.0004512,ETH-GUP,70,220,0.00046567,2017-11-07T15:29:12.987,513898.0903478
218,0.00031522,77.71055167,0.00030151,2017-05-10T07:27:27.597,0.00033111,0.00030632,0.00028302,ETH-HMQ,69,293,0.00029449,2017-11-07T15:29:21.813,257094.01800698
219,0.0030973,187.38623055,0.00303667,2017-06-17T15:02:02.783,0.00356244,0.0030973,0.00276021,ETH-LGD,75,327,0.00325574,2017-11-07T15:26:05.387,61429.60586691
220,0.19899998,1064.71961304,0.1986003,2017-06-25T03:06:46.83,0.19998348,0.1986003,0.18100002,ETH-LTC,304,533,0.18549999,2017-11-07T15:29:16.08,5596.70816519
221,0.01715157,52.00992644,0.01681409,2017-04-30T18:41:22.84,0.01715166,0.01715166,0.01580807,ETH-LUN,63,285,0.01591476,2017-11-07T15:29:19.3,3181.96849131
222,4.397e-05,40.32642474,4.324e-05,2017-10-13T23:32:03.027,4.525e-05,4.3e-05,3.867e-05,ETH-MANA,73,223,3.933e-05,2017-11-07T15:28:11.063,969009.8880765
223,0.0199,359.5698147,0.01968506,2017-07-02T00:37:17.05,0.02049996,0.0199,0.019,ETH-MCO,187,1031,0.01932,2017-11-07T15:27:33.407,18353.95559624
224,0.01742985,141.53761847,0.01689181,2017-07-08T14:59:57.37,0.01799422,0.01714241,0.0160001,ETH-MTL,118,528,0.01632,2017-11-07T15:29:22.423,8387.6757902
225,0.00208112,3.28018207,0.00203435,2017-06-19T19:13:43.743,0.0021976,0.00205929,0.0020101,ETH-MYST,44,375,0.00208123,2017-11-07T15:27:58.157,1593.4877659
226,0.0908888,1556.28453492,0.09040828,2017-07-21T01:08:49.397,0.0909,0.0908888,0.0862,ETH-NEO,924,1717,0.08758994,2017-11-07T15:27:24.78,17671.06571783
227,0.03728574,16.32842132,0.03600199,2017-06-22T21:58:57.657,0.04,0.03728574,0.03435706,ETH-NMR,98,428,0.03655436,2017-11-07T15:28:55.453,449.93351629
228,0.0218358,1769.40788518,0.02165838,2017-07-16T17:07:42.41,0.0225,0.02178912,0.02085,ETH-OMG,560,2136,0.02108388,2017-11-07T15:29:12.783,81424.64032284
229,0.00559987,705.8928352,0.00550772,2017-07-07T07:14:00.873,0.00575931,0.00559992,0.00520201,ETH-PAY,307,1679,0.00526,2017-11-07T15:29:21.83,129973.64705106
230,0.00053466,196.00453497,0.00052501,2017-06-18T17:04:24.147,0.00061394,0.00052501,0.00048652,ETH-PTOY,78,532,0.00052192,2017-11-07T15:29:21.157,359282.20983451
231,0.00209379,13.83493268,0.00203495,2017-06-11T17:33:06.14,0.002082,0.002082,0.00190001,ETH-QRL,93,189,0.00204259,2017-11-07T15:29:21.767,6903.89265408
232,0.03664613,1308.89249643,0.03630075,2017-07-20T19:08:43.473,0.03736976,0.03630086,0.034,ETH-QTUM,366,1017,0.0355974,2017-11-07T15:29:17.453,36415.4086383
233,0.06092475,153.68339747,0.05875734,2017-04-20T06:43:49.19,0.06869237,0.058753,0.05519379,ETH-REP,100,179,0.05662639,2017-11-07T15:29:21.55,2624.62908244
234,0.00182598,29.574392,0.00177908,2017-04-30T18:41:22.823,0.00186341,0.00177126,0.00175,ETH-RLC,64,282,0.0018589,2017-11-07T15:28:44.69,16228.24989297
235,0.01001477,967.10185256,0.00997,2017-10-16T17:32:48.84,0.01042752,0.01001477,0.00900744,ETH-SALT,95,196,0.00927898,2017-11-07T15:29:16.847,100109.43424193
236,1.275e-05,144.50677181,1.262e-05,2017-07-14T17:10:07.74,1.285e-05,1.263e-05,1.149e-05,ETH-SC,140,1167,1.182e-05,2017-11-07T15:28:24.877,11844270.20977758
237,0.00065934,1311.22094178,0.00062742,2017-04-30T18:41:22.853,0.00086196,0.00065609,0.000504,ETH-SNGLS,175,202,0.00053652,2017-11-07T15:29:22.5,1927678.70966463
238,0.000103,267.51411778,0.00010204,2017-06-28T18:26:15.747,0.00010317,0.000103,9.702e-05,ETH-SNT,172,1041,0.0001008,2017-11-07T15:29:22.487,2662972.11104466
239,0.00177,124.97937937,0.00167015,2017-07-11T21:14:32.643,0.00178,0.00177,0.00155,ETH-STORJ,128,444,0.00162,2017-11-07T15:29:22.22,76536.72712531
240,0.01036423,247.19961379,0.01016884,2017-08-04T18:01:27.713,0.01047204,0.01015306,0.00985906,ETH-STRAT,230,1174,0.01032375,2017-11-07T15:29:22.423,24423.92928425
241,0.08213298,6.09313182,0.07878389,2017-06-23T18:01:03.323,0.07838918,0.07838918,0.0766623,ETH-TIME,72,135,0.07834608,2017-11-07T15:29:21.453,77.88982641
242,0.000602,51.02567879,0.00058614,2017-10-25T21:01:08.287,0.000635,0.000605,0.00058002,ETH-TIX,36,308,0.0006,2017-11-07T15:28:41,83538.01938182
243,0.00364992,39.23753675,0.00353264,2017-05-09T04:43:46.723,0.00383058,0.00364992,0.00335111,ETH-TKN,66,491,0.0038783,2017-11-07T15:29:16.3,10882.91084872
244,0.00083715,65.38700737,0.00081578,2017-05-19T15:55:11.28,0.000882,0.000815,0.000802,ETH-TRST,78,210,0.00081629,2017-11-07T15:27:25.203,78493.0674014
245,0.01279836,268.0398297,0.01249531,2017-08-04T18:00:50.15,0.01280005,0.01249531,0.0111,ETH-WAVES,185,456,0.01168689,2017-11-07T15:29:21.893,22383.41224763
246,0.00126516,68.98315828,0.001252,2017-04-26T22:16:06.627,0.00129513,0.00126516,0.00123944,ETH-WINGS,48,319,0.00129125,2017-11-07T15:24:41.247,54668.42398792
247,0.00062375,577.193266,0.00061551,2017-07-21T01:08:49.38,0.00063419,0.000625,0.00057261,ETH-XEM,142,550,0.00061745,2017-11-07T15:29:21.597,943741.81557972
248,0.00010706,724.02144618,0.00010569,2017-07-21T01:08:49.38,0.00011195,0.00010569,9e-05,ETH-XLM,229,426,9.2e-05,2017-11-07T15:27:48.377,6928501.1451514
249,0.33599495,913.41171337,0.32847491,2017-07-21T01:08:49.367,0.34985,0.32843586,0.30697505,ETH-XMR,149,267,0.31137448,2017-11-07T15:29:21.72,2759.91533888
250,0.00070146,797.26747134,0.00069503,2017-06-25T03:07:09.677,0.000705,0.00069602,0.000666,ETH-XRP,459,838,0.000673,2017-11-07T15:29:20.673,1166038.44737769
251,0.8045,489.75608009,0.7980002,2017-07-14T17:10:07.8,0.807,0.80037695,0.75149496,ETH-ZEC,267,525,0.761175,2017-11-07T15:29:22.47,629.11080553
252,594.99999975,4790596.999565,592.0,2017-08-01T18:34:04.873,642.79999999,592.0,585.012,USDT-BCC,1271,2121,641.07275748,2017-11-07T15:29:17.597,7936.236542
253,7000.0,41104211.2114836,6991.00000011,2015-12-11T06:31:40.633,7282.66196574,6991.00000011,6923.0,USDT-BTC,9597,4057,7210.0,2017-11-07T15:29:18.11,5820.27073085
254,282.0,1034600.42237863,281.55,2017-07-21T01:08:49.413,301.61904399,281.55,272.93831558,USDT-DASH,420,1054,275.65884248,2017-11-07T15:29:19.377,3602.55688245
255,13.38999999,2620625.9096913,13.31,2017-07-14T17:10:10.72,14.72,13.38999999,13.20000001,USDT-ETC,577,2179,14.41400046,2017-11-07T15:29:19.22,186392.2646333
256,288.1000002,4735855.13527209,288.01,2017-04-20T17:26:37.647,304.04122641,288.1000002,285.00000001,USDT-ETH,1737,4314,299.49580005,2017-11-07T15:29:18.5,16038.65071489
257,57.24899684,1782035.80363853,57.0,2017-07-14T17:10:10.72,58.68,56.76,54.28713508,USDT-LTC,926,2480,55.2155243,2017-11-07T15:29:21.953,31577.65468019
258,26.1,1374982.42476318,26.01,2017-08-04T16:58:43.087,26.5799999,26.01,25.5,USDT-NEO,1315,5022,26.2000001,2017-11-07T15:28:33.487,52676.1200303
259,6.2627999,1009307.70473494,6.25,2017-09-15T23:49:44.83,6.6999,6.2627999,6.2,USDT-OMG,911,4777,6.30000101,2017-11-07T15:29:04.69,155559.78870884
260,96.21427514,2182903.89785319,95.3000003,2017-07-21T01:08:49.397,104.5,95.3000002,92.93439367,USDT-XMR,495,900,93.63417304,2017-11-07T15:28:38.423,22159.3245403
261,0.2019999,653756.94480141,0.20080013,2017-07-14T17:10:10.737,0.206,0.20090001,0.19934411,USDT-XRP,1146,4268,0.20270756,2017-11-07T15:29:19.173,3228586.01417306
262,230.0,460506.39309885,229.77,2017-07-14T17:10:10.673,235.99999955,230.0,226.0,USDT-ZEC,729,2862,226.30213313,2017-11-07T15:29:17.08,1992.78150216
263,2.067e-05,1684.375816,2.066e-05,2017-11-07T07:59:10.913,0.0002001,2.041e-05,1.7e-05,BTC-RCN,641,2205,0.0002,2017-11-07T15:29:13.25,76464153.34328897
264,0.00050232,2881.5691474,0.00049449,2017-11-07T07:59:10.93,0.00089,0.000495,0.00025124,ETH-RCN,122,252,0.00089,2017-11-07T15:29:20.377,5486495.3657444
