,Ask,BaseVolume,Bid,Created,High,Last,Low,MarketName,OpenBuyOrders,OpenSellOrders,PrevDay,TimeStamp,Volume
0,4.97e-05,576.1359521,4.915e-05,2017-06-06T01:22:35.727,7.245e-05,4.916e-05,4.453e-05,BTC-1ST,283,5824,4.5e-05,2017-11-07T15:35:20.917,9952527.10590589
1,9.2e-07,19.98813444,9e-07,2016-05-16T06:44:15.287,9.6e-07,9e-07,7.9e-07,BTC-2GIVE,330,2214,9.4e-07,2017-11-07T15:35:10.32,23303324.56871735
2,8.6e-07,18.1684919,8.5e-07,2014-10-31T01:43:25.743,9.9e-07,8.6e-07,8e-07,BTC-ABY,273,4894,8.6e-07,2017-11-07T15:35:20.76,20678484.17806474
3,3.08e-06,583.09035243,3.07e-06,2017-09-29T07:01:58.873,3.35e-06,3.08e-06,2.96e-06,BTC-ADA,1513,9310,2.99e-06,2017-11-07T15:35:24.79,185172723.61646435
4,2.77e-06,22.94634008,2.72e-06,2017-07-03T21:08:06.11,2.99e-06,2.75e-06,2.61e-06,BTC-ADT,158,3148,2.65e-06,2017-11-07T15:35:08.667,8189689.88586492
5,0.00012423,530.3884743,0.00012386,2017-07-11T22:42:17.78,0.0001429,0.00012386,0.0001205,BTC-ADX,701,8823,0.00012181,2017-11-07T15:35:16.823,4027003.83092524
6,0.000215,15.73128982,0.00021322,2015-07-31T00:50:47.11,0.00021999,0.00021322,0.00019103,BTC-AEON,253,2144,0.0002035,2017-11-07T15:22:45.213,75186.71419077
7,5.031e-05,2.77268135,4.959e-05,2015-11-10T00:53:59.643,5.117e-05,4.953e-05,4.74e-05,BTC-AGRS,197,2515,4.907e-05,2017-11-07T15:35:22.79,56186.78295932
8,2.125e-05,21.62199173,2.063e-05,2015-11-03T19:13:55.18,2.176e-05,2.085e-05,1.951e-05,BTC-AMP,157,5687,2.113e-05,2017-11-07T15:35:25.307,1041278.12157638
9,0.00015706,49.4991155,0.00015459,2017-05-17T19:54:30.143,0.00016761,0.00015631,0.00014116,BTC-ANT,196,4289,0.00016035,2017-11-07T15:35:18.947,325938.62215103
10,0.00076648,3.13569759,0.00074632,2017-05-02T06:26:32.897,0.00076874,0.00076755,0.000725,BTC-APX,188,1876,0.00075148,2017-11-07T15:35:21.18,4188.33274392
11,2.825e-05,44.65527861,2.806e-05,2016-10-13T18:59:37.407,2.905e-05,2.825e-05,2.688e-05,BTC-ARDR,412,4170,2.696e-05,2017-11-07T15:34:41.307,1582033.20781103
12,0.000364,290.03018134,0.000363,2017-03-21T18:11:29.347,0.000378,0.000364,0.00033844,BTC-ARK,2080,9610,0.00033843,2017-11-07T15:34:41.167,803822.34437051
13,8.662e-05,1.97145441,8.511e-05,2014-03-16T22:00:00,8.777e-05,8.512e-05,8.5e-05,BTC-AUR,109,1587,8.656e-05,2017-11-07T15:35:22.743,22955.85668639
14,1.977e-05,99.73973674,1.972e-05,2017-06-03T22:04:53.82,2.05e-05,1.977e-05,1.911e-05,BTC-BAT,618,12650,1.935e-05,2017-11-07T15:35:13.4,5000649.90158308
15,3.88e-06,120.0762829,3.87e-06,2014-11-18T17:34:21.083,4.89e-06,3.88e-06,3.11e-06,BTC-BAY,282,3922,3.22e-06,2017-11-07T15:35:03.853,29104162.00349146
16,0.08505,1947.04549881,0.08504937,2017-08-01T18:34:04.967,0.0893,0.08504937,0.083959,BTC-BCC,3320,12039,0.08789084,2017-11-07T15:35:21.43,22751.11649583
17,4.603e-05,11.82248062,4.55e-05,2015-09-10T05:28:20.787,4.799e-05,4.55e-05,4.145e-05,BTC-BCY,129,2897,4.2e-05,2017-11-07T15:35:10.963,266564.06308593
18,3.9e-07,8.67571535,3.8e-07,2015-02-15T23:07:32.777,3.9e-07,3.8e-07,3.6e-07,BTC-BITB,516,5129,3.7e-07,2017-11-07T15:34:30.697,22937003.81355209
19,0.00012246,5.78063734,0.00012002,2014-11-13T20:20:21.443,0.00012586,0.00012061,0.00011603,BTC-BLITZ,144,2606,0.00011955,2017-11-07T15:35:21.76,47906.95864748
20,3.072e-05,21.04196792,3.025e-05,2014-03-14T09:00:00,3.285e-05,3.068e-05,2.916e-05,BTC-BLK,197,4608,3.01e-05,2017-11-07T15:35:18.853,676482.96377099
21,0.00301882,32.86426921,0.00288732,2014-10-29T06:45:03.97,0.00303752,0.00301714,0.00246898,BTC-BLOCK,273,1512,0.00246868,2017-11-07T15:35:23.837,11634.09918064
22,0.00026171,10.9317726,0.00026118,2017-06-22T21:36:30.85,0.00027499,0.00026111,0.00025519,BTC-BNT,136,3316,0.00025728,2017-11-07T15:34:12.87,41415.93408215
23,2.18e-05,4.07405502,2.156e-05,2016-06-13T02:27:33.34,2.252e-05,2.16e-05,2.026e-05,BTC-BRK,127,2202,2.158e-05,2017-11-07T15:35:24.823,190113.70463241
24,6.962e-05,17.20797024,6.875e-05,2016-07-10T21:25:05.127,7.207e-05,6.875e-05,6.251e-05,BTC-BRX,146,2027,6.756e-05,2017-11-07T15:32:21.82,255720.84133347
25,8.443e-05,7.72058026,8.146e-05,2016-02-17T00:54:23.677,8.6e-05,8.147e-05,8.078e-05,BTC-BSD,192,2038,8.489e-05,2017-11-07T15:35:24.777,92335.80580016
26,0.01761969,8.15965122,0.0175,2014-07-14T06:05:04.567,0.01790817,0.0175,0.01593002,BTC-BTCD,165,712,0.0172085,2017-11-07T15:32:23.163,475.17892312
27,0.0,63.85828478,0.0,2014-11-24T08:18:16.53,9.98e-06,8.86e-06,8.44e-06,BTC-BTS,229,4558,8.63e-06,2017-11-05T02:45:15.237,6871090.19001538
28,8.3e-07,13.2569,8.1e-07,2014-09-16T07:41:56.047,8.8e-07,8.1e-07,7.5e-07,BTC-BURST,309,6356,8e-07,2017-11-07T15:30:19.33,16345409.64230212
29,0.00013099,177.43019953,0.00013046,2014-11-03T19:02:45.96,0.00016843,0.00013046,7.455e-05,BTC-BYC,344,1168,7.455e-05,2017-11-07T15:35:23.01,1357031.20163847
30,3.7e-06,22.54213725,3.68e-06,2014-08-10T06:48:44.83,4.49e-06,3.7e-06,3.58e-06,BTC-CANN,259,6248,4.22e-06,2017-11-07T15:33:46.07,5627870.36983187
31,1.264e-05,101.89306454,1.26e-05,2017-06-19T19:59:14.78,1.589e-05,1.26e-05,1.204e-05,BTC-CFI,243,5372,1.303e-05,2017-11-07T15:35:23.04,7251743.57422157
32,0.00068972,7.32189779,0.00068966,2015-04-18T22:04:25.183,0.00072071,0.00068125,0.00064184,BTC-CLAM,231,1468,0.0006603,2017-11-07T15:35:20.93,10617.11061059
33,0.00068906,19.19310155,0.00067071,2014-06-04T08:53:18.563,0.0007666,0.00066694,0.00060111,BTC-CLOAK,303,2894,0.00066,2017-11-07T15:35:20.493,28221.35864502
34,0.00021451,63.51111623,0.0002145,2015-12-18T00:30:10.31,0.00021878,0.00021451,0.0001996,BTC-CLUB,405,1830,0.00020375,2017-11-07T15:35:24.713,303302.64908319
35,6.9e-07,7.88346051,6.8e-07,2015-01-22T19:11:45.903,7.1e-07,6.9e-07,6.4e-07,BTC-COVAL,298,4725,7e-07,2017-11-07T15:34:43.26,11609222.34278686
36,5.019e-05,18.05518891,5.007e-05,2015-07-25T06:30:32.53,6.055e-05,5.019e-05,5.004e-05,BTC-CPC,105,2775,5.989e-05,2017-11-07T15:34:46.29,325828.44068161
37,5.104e-05,237.75408639,5.101e-05,2017-06-13T19:40:35.203,6.999e-05,5.101e-05,4.328e-05,BTC-CRB,113,2978,4.355e-05,2017-11-07T15:34:43.773,3948107.87339753
38,0.00020486,17.45532671,0.00019637,2017-03-06T21:10:15.663,0.000216,0.00020999,0.0001883,BTC-CRW,148,1539,0.0002017,2017-11-07T15:35:24.807,87799.57775365
39,4.451e-05,85.32105203,4.375e-05,2014-05-13T09:00:00,6.146e-05,4.375e-05,4.23e-05,BTC-CURE,325,2205,5.833e-05,2017-11-07T15:34:51.463,1621751.92978274
40,4.073e-05,140.01000272,4.072e-05,2017-07-16T23:04:18.867,4.18e-05,4.072e-05,3.913e-05,BTC-CVC,788,11868,3.93e-05,2017-11-07T15:35:10.43,3454024.7092667
41,0.04044995,498.55662419,0.04003316,2014-03-11T08:00:00,0.0421155,0.04035925,0.0382,BTC-DASH,1063,5863,0.03828501,2017-11-07T15:35:25.01,12391.30317357
42,0.00400002,49.97370544,0.00400001,2016-02-09T21:06:51.577,0.0042,0.00400001,0.00382,BTC-DCR,523,4639,0.00384014,2017-11-07T15:35:19.197,12368.9466198
43,5.99e-05,12.54797587,5.922e-05,2017-06-30T16:35:24.643,6.298e-05,5.999e-05,5.7e-05,BTC-DCT,160,4817,5.891e-05,2017-11-07T15:32:39.023,210188.44194883
44,1.21e-06,238.456532,1.19e-06,2014-08-20T07:09:57.207,1.27e-06,1.19e-06,1.15e-06,BTC-DGB,856,24961,1.17e-06,2017-11-07T15:35:01.837,197171544.40286663
45,0.0090742,6.17638458,0.00904826,2016-06-14T16:25:12.063,0.00916,0.0090742,0.00856101,BTC-DGD,153,1089,0.00879497,2017-11-07T15:28:49.19,691.50004553
46,0.00125589,42.98194688,0.00123008,2015-05-01T17:31:24.97,0.00144435,0.00125589,0.00089003,BTC-DMD,342,1718,0.00091666,2017-11-07T15:35:18.713,37480.43507995
47,5.43e-06,27.04642697,5.4e-06,2017-08-04T02:09:02.873,5.95e-06,5.43e-06,5.28e-06,BTC-DNT,148,1968,5.56e-06,2017-11-07T15:35:15.103,4763461.94824558
48,1.7e-07,29.25598614,1.6e-07,2014-02-13T00:00:00,1.7e-07,1.7e-07,1.6e-07,BTC-DOGE,1653,18034,1.6e-07,2017-11-07T15:34:49.82,178171349.69178027
49,3.02e-06,31.3532717,2.94e-06,2014-10-17T19:09:32.6,3.88e-06,3.03e-06,2.83e-06,BTC-DOPE,284,3390,3.63e-06,2017-11-07T15:31:58.93,9798717.72660999
50,6.078e-05,5.8935076,5.998e-05,2017-04-01T04:06:13.887,6.366e-05,5.917e-05,5.38e-05,BTC-DTB,145,3069,5.597e-05,2017-11-07T15:35:18.213,101230.65123309
51,0.000433,1.640912,0.00042526,2017-03-23T00:10:19.403,0.0004499,0.00042526,0.000418,BTC-DYN,152,922,0.00041897,2017-11-07T15:23:05.26,3802.93299972
52,1.5e-05,7.62043498,1.472e-05,2016-09-15T15:47:38.92,1.541e-05,1.5e-05,1.432e-05,BTC-EBST,150,4422,1.429e-05,2017-11-07T15:32:08.913,511963.96099741
53,7.8e-05,40.7828558,7.794e-05,2017-04-18T00:56:59.243,7.8e-05,7.8e-05,7.153e-05,BTC-EDG,324,6192,7.398e-05,2017-11-07T15:32:53.71,543158.37521399
54,1.722e-05,1.44563448,1.699e-05,2014-03-20T20:00:00,1.75e-05,1.696e-05,1.626e-05,BTC-EFL,125,1581,1.637e-05,2017-11-07T15:33:58.01,86157.66567627
55,3.17e-05,4.07591788,3.169e-05,2016-01-18T21:01:43.837,3.2e-05,3.169e-05,2.991e-05,BTC-EGC,257,2892,3.152e-05,2017-11-07T15:32:20.24,131856.22690274
56,8.723e-05,67.72392573,8.632e-05,2016-01-06T05:28:04.553,0.00010274,8.612e-05,8.464e-05,BTC-EMC,257,3107,8.798e-05,2017-11-07T15:35:23.587,727598.09190956
57,9e-06,114.9323568,8.99e-06,2014-12-24T00:00:00,9.83e-06,9e-06,8.28e-06,BTC-EMC2,351,7063,8.49e-06,2017-11-07T15:35:14.337,12836548.6209239
58,1.749e-05,29.78689667,1.701e-05,2014-05-04T00:00:00,2.025e-05,1.75e-05,1.477e-05,BTC-ENRG,258,2294,1.516e-05,2017-11-07T15:35:25.18,1682248.44665978
59,7.736e-05,162.06678135,7.73e-05,2014-05-10T17:00:00,0.0001125,7.736e-05,6.084e-05,BTC-ERC,248,1942,6.084e-05,2017-11-07T15:35:24.963,1861176.7336306
60,0.00192923,571.69014059,0.00192921,2016-07-26T18:10:22.82,0.00206832,0.00192921,0.00189387,BTC-ETC,897,8135,0.00200847,2017-11-07T15:35:14.04,286529.16740011
61,0.04105005,2858.19110238,0.041001,2015-08-14T09:02:24.817,0.04340655,0.041001,0.04021202,BTC-ETH,3982,20205,0.04177991,2017-11-07T15:35:23.76,67983.59406639
62,0.0001725,5.04793099,0.00017249,2014-09-28T20:33:27.633,0.00018692,0.00017249,0.00016702,BTC-EXCL,202,1515,0.00018691,2017-11-07T15:30:18.033,28852.68792725
63,0.00024977,48.00491637,0.00024503,2015-09-16T17:10:15.253,0.00029499,0.00024503,0.00024,BTC-EXP,162,4171,0.00024173,2017-11-07T15:35:25.37,182489.46072449
64,0.00011997,1.64863527,0.00011802,2014-12-12T19:51:07.703,0.000124,0.00011997,0.00011504,BTC-FAIR,242,932,0.0001192,2017-11-07T15:35:02.98,13561.81911233
65,0.00235998,203.02657587,0.00235,2016-01-09T03:47:07.803,0.00248,0.00235,0.00200039,BTC-FCT,601,3859,0.0020129,2017-11-07T15:35:01.837,90163.14847883
66,1.49e-06,11.97227361,1.48e-06,2015-02-23T23:01:53.92,1.57e-06,1.49e-06,1.44e-06,BTC-FLDC,290,3720,1.5e-06,2017-11-07T15:33:20.46,7978676.15275732
67,1.206e-05,14.74757868,1.19e-05,2015-03-11T05:43:30.193,1.272e-05,1.189e-05,1.052e-05,BTC-FLO,185,2383,1.068e-05,2017-11-07T15:35:24.98,1276381.19014983
68,1.588e-05,147.50106275,1.581e-05,2014-02-13T00:00:00,1.702e-05,1.581e-05,1.345e-05,BTC-FTC,965,5299,1.637e-05,2017-11-07T15:35:23.68,9418489.60470042
69,2.18e-06,109.03326115,2.16e-06,2017-07-04T18:45:47.13,2.3e-06,2.18e-06,1.96e-06,BTC-FUN,258,6207,2.08e-06,2017-11-07T15:32:20.773,49892867.05688249
70,0.00101848,1.37888877,0.00099648,2015-05-05T22:38:44.963,0.0010189,0.00099489,0.00093349,BTC-GAM,110,827,0.00093348,2017-11-07T15:35:23.557,1394.61310057
71,0.00023632,66.73015352,0.00023455,2015-04-08T04:09:53.013,0.00024778,0.00023632,0.00022714,BTC-GAME,248,5380,0.00022858,2017-11-07T15:33:44.04,282925.71360673
72,1.538e-05,21.99757605,1.52e-05,2017-02-12T00:38:21.023,1.7e-05,1.52e-05,1.44e-05,BTC-GBG,160,2926,1.44e-05,2017-11-07T15:34:35.82,1377414.04257565
73,0.02357567,87.19188062,0.02334162,2017-04-13T20:46:39.83,0.0253,0.02334162,0.02070022,BTC-GBYTE,354,3564,0.0214,2017-11-07T15:35:11.493,3698.88354534
74,6.77e-06,21.82211301,6.63e-06,2015-08-24T00:25:28.933,8.24e-06,6.63e-06,6.46e-06,BTC-GCR,91,3988,6.51e-06,2017-11-07T15:35:25.133,2936435.59546805
75,0.00014112,7.95310753,0.00013855,2015-02-21T03:29:43.267,0.00014905,0.00013852,0.00013503,BTC-GEO,316,2678,0.00014069,2017-11-07T15:35:22.133,56224.15766748
76,2.077e-05,4.75089596,2.053e-05,2014-03-22T16:00:00,2.152e-05,2.077e-05,1.919e-05,BTC-GLD,271,2206,1.99e-05,2017-11-07T15:34:55.383,234702.31927697
77,0.00861988,9.83805765,0.00850331,2017-04-28T02:43:12,0.0087571,0.00861988,0.00837988,BTC-GNO,154,2288,0.00845104,2017-11-07T15:35:24.963,1145.82871094
78,2.714e-05,111.54406576,2.706e-05,2017-04-17T21:35:59.26,2.8e-05,2.714e-05,2.567e-05,BTC-GNT,507,10549,2.591e-05,2017-11-07T15:34:59.337,4136947.20417502
79,1.63e-05,5.96391847,1.612e-05,2017-01-19T23:23:12.41,1.658e-05,1.63e-05,1.54e-05,BTC-GOLOS,187,2135,1.55e-05,2017-11-07T15:34:23.26,372797.82005138
80,5.67e-06,7.93641695,5.6e-06,2015-02-27T19:57:02.82,5.69e-06,5.67e-06,5.08e-06,BTC-GRC,240,3579,5.19e-06,2017-11-07T15:29:23.86,1468312.96822513
81,9.153e-05,1225.78714223,9.12e-05,2014-04-03T05:00:00,0.0001085,9.12e-05,8.7e-05,BTC-GRS,1796,5311,9.409e-05,2017-11-07T15:35:23.51,12542458.70157956
82,2.205e-05,93.27380579,2.2e-05,2017-04-29T18:08:12.39,2.711e-05,2.205e-05,1.868e-05,BTC-GUP,219,3644,1.929e-05,2017-11-07T15:35:25.167,4196212.32130741
83,1.241e-05,41.62018689,1.239e-05,2017-05-10T00:02:47.373,1.395e-05,1.229e-05,1.2e-05,BTC-HMQ,180,4049,1.209e-05,2017-11-07T15:35:22.167,3206205.7636452
84,2.142e-05,3.08929863,2.141e-05,2017-04-04T21:20:51.083,2.209e-05,2.142e-05,2.093e-05,BTC-INCNT,129,2709,2.182e-05,2017-11-07T05:43:44.113,142340.20175623
85,9.478e-05,3.81466627,9.303e-05,2015-10-03T20:41:41.403,9.535e-05,9.478e-05,8.904e-05,BTC-INFX,175,1550,9.016e-05,2017-11-07T15:35:22.603,41187.97212579
86,0.00034701,101.69090281,0.000347,2014-07-29T16:57:43.787,0.0004897,0.00034701,0.0003,BTC-IOC,206,1938,0.000312,2017-11-07T15:34:08.4,254889.71060024
87,0.00015003,6.0742818,0.00015,2017-02-18T23:41:17.04,0.000152,0.00015,0.00014226,BTC-ION,190,2173,0.00014342,2017-11-07T15:33:38.46,40992.74383989
88,0.000324,53.86922765,0.000323,2016-12-22T00:54:23.477,0.00033399,0.00032173,0.00029,BTC-IOP,362,5629,0.00030005,2017-11-07T15:35:18.243,169267.66265845
89,0.00038595,541.76250466,0.000385,2017-02-11T23:04:01.853,0.00040898,0.00038595,0.00036,BTC-KMD,1487,6480,0.00037992,2017-11-07T15:35:19.98,1412428.08123075
90,0.0004991,20.60299308,0.00049908,2014-06-17T05:46:29.303,0.00053644,0.00049908,0.000475,BTC-KORE,262,2437,0.000504,2017-11-07T15:32:08.787,40605.95216419
91,2.185e-05,30.7778601,2.169e-05,2016-07-05T21:50:07.81,2.219e-05,2.169e-05,1.996e-05,BTC-LBC,388,8885,1.997e-05,2017-11-07T15:35:13.697,1435566.46267308
92,0.00012796,121.87162165,0.0001265,2017-04-18T07:37:41.3,0.00014325,0.0001265,0.00011561,BTC-LGD,415,5379,0.000136,2017-11-07T15:34:39.9,928217.56558123
93,6.3e-06,19.79618202,6.23e-06,2017-02-18T23:55:53.153,6.44e-06,6.23e-06,6.06e-06,BTC-LMC,204,5481,6.2e-06,2017-11-07T15:34:53.493,3195509.09173561
94,0.00067692,346.99072038,0.000675,2016-05-24T18:49:52.77,0.0007,0.000675,0.00062458,BTC-LSK,1714,8073,0.00062458,2017-11-07T15:33:23.023,525143.8410966
95,0.008155,1131.75993396,0.008149,2014-02-13T00:00:00,0.0083,0.008149,0.0076,BTC-LTC,2352,12827,0.00768783,2017-11-07T15:35:05.12,143252.22410543
96,0.00070509,10.923769,0.0007,2017-04-30T16:57:03.27,0.00072739,0.0007,0.000655,BTC-LUN,164,4096,0.000655,2017-11-07T15:25:05.903,15780.85393062
97,5.299e-05,53.92740521,5.213e-05,2016-01-18T20:38:22.707,5.5e-05,5.299e-05,4.603e-05,BTC-MAID,322,3909,4.716e-05,2017-11-07T15:35:23.823,1062025.59286023
98,1.82e-06,17.21851007,1.8e-06,2017-10-13T23:32:02.993,1.85e-06,1.8e-06,1.64e-06,BTC-MANA,183,2480,1.62e-06,2017-11-07T15:31:48.443,9913940.69326612
99,0.00081662,225.040844,0.0008059,2017-07-02T00:37:16.957,0.00086821,0.0008086,0.00078754,BTC-MCO,477,10151,0.0007965,2017-11-07T15:35:24.51,270681.34491528
100,3.194e-05,382.39459836,3.128e-05,2016-04-01T18:24:07.207,4.34e-05,3.185e-05,2.843e-05,BTC-MEME,320,1809,3.686e-05,2017-11-07T15:35:24.54,10565126.50265654
101,0.008178,12.9675735,0.00800002,2017-03-15T19:30:56.167,0.00841206,0.008178,0.00762766,BTC-MLN,110,1500,0.0084,2017-11-07T15:33:20.29,1613.54290765
102,0.0003759,55.6468952,0.00037285,2014-04-18T22:00:00,0.00038239,0.00037285,0.000362,BTC-MONA,466,3820,0.000371,2017-11-07T15:35:20.54,150359.52954102
103,0.00071103,193.98859508,0.00070101,2017-07-08T14:59:57.34,0.00077616,0.000701,0.00067144,BTC-MTL,524,6212,0.00068322,2017-11-07T15:35:25.18,269834.83330158
104,1.455e-05,14.64662666,1.426e-05,2015-04-09T17:31:31.113,1.65e-05,1.457e-05,1.401e-05,BTC-MUE,221,3075,1.473e-05,2017-11-07T15:35:20.587,985357.94584889
105,1.99e-06,36.49032853,1.98e-06,2017-03-27T19:59:13.073,2.52e-06,1.98e-06,1.87e-06,BTC-MUSIC,287,9399,1.89e-06,2017-11-07T15:33:28.663,17390729.87020762
106,8.502e-05,4.0028916,8.5e-05,2017-06-19T19:13:43.73,8.84e-05,8.502e-05,8.5e-05,BTC-MYST,233,3694,8.796e-05,2017-11-07T15:33:36.21,46681.16982074
107,0.00010948,77.89481449,0.000109,2014-07-08T03:37:28.39,0.00011375,0.00010911,0.0001062,BTC-NAV,511,5108,0.0001062,2017-11-07T15:35:15.01,708939.77448484
108,0.00014149,24.46880139,0.00014012,2015-04-08T03:57:37.33,0.000144,0.00014012,0.00013634,BTC-NBT,47,1775,0.00013697,2017-11-07T15:35:12.197,174453.66109985
109,0.00373,1147.79149053,0.0037255,2016-10-26T01:28:31.96,0.00382043,0.00373,0.003604,BTC-NEO,4672,26981,0.00365396,2017-11-07T15:35:12.277,309919.6582804
110,0.00032736,7.21184472,0.0003261,2014-08-20T00:06:59.63,0.0003435,0.0003265,0.00031456,BTC-NEOS,267,2047,0.0003435,2017-11-07T15:34:38.713,22200.17856508
111,1.356e-05,27.02828008,1.323e-05,2014-04-04T22:00:00,1.419e-05,1.324e-05,1.196e-05,BTC-NLG,263,3297,1.228e-05,2017-11-07T15:33:18.837,2042246.5633427
112,0.001505,16.49192094,0.00149027,2017-06-22T21:58:57.657,0.0016,0.00151,0.00147258,BTC-NMR,148,4354,0.00149,2017-11-07T15:32:18.413,10825.50287104
113,2.729e-05,18.48854431,2.68e-05,2017-04-17T22:51:08.97,2.929e-05,2.713e-05,2.557e-05,BTC-NXC,104,3820,2.781e-05,2017-11-07T15:35:24.79,669932.79888663
114,0.00013685,24.62868006,0.00013601,2015-01-25T03:00:35.143,0.0001419,0.00013685,0.00012792,BTC-NXS,519,4195,0.00012907,2017-11-07T15:33:40.853,181430.36261859
115,8.15e-06,43.55882668,8.11e-06,2014-03-03T09:00:00,8.27e-06,8.11e-06,7.87e-06,BTC-NXT,350,8433,7.96e-06,2017-11-07T15:32:26.087,5370855.17037591
116,3.475e-05,143.39198635,3.452e-05,2015-05-30T19:26:37.523,3.749e-05,3.475e-05,3.451e-05,BTC-OK,934,10330,3.513e-05,2017-11-07T15:34:48.01,4020975.0243872
117,0.00089826,943.67809026,0.00089454,2017-07-16T17:07:42.313,0.00096103,0.00090199,0.00086968,BTC-OMG,2199,16927,0.00087999,2017-11-07T15:35:24.4,1025790.88054326
118,0.00334774,12.9429008,0.00329552,2015-11-03T19:13:33.197,0.00335788,0.00329556,0.00296994,BTC-OMNI,334,2315,0.00298062,2017-11-07T15:35:24.79,4058.72821716
119,0.00122,28.14738383,0.00121899,2017-07-20T18:19:07.157,0.00124999,0.00121899,0.00111,BTC-PART,269,1897,0.00112051,2017-11-07T15:35:07.82,23742.54687411
120,0.00022935,240.12250668,0.00022931,2017-07-07T07:14:00.793,0.00024348,0.00022935,0.00021661,BTC-PAY,992,14554,0.00021661,2017-11-07T15:35:10.73,1043745.16363655
121,1.747e-05,11.81342145,1.699e-05,2016-06-02T04:39:35.21,1.774e-05,1.697e-05,1.436e-05,BTC-PDC,196,2400,1.438e-05,2017-11-07T15:35:24.073,728281.90404383
122,3.27e-06,33.67313592,3.25e-06,2014-07-29T07:41:09.4,3.53e-06,3.25e-06,3e-06,BTC-PINK,248,2928,3.22e-06,2017-11-07T15:34:55.633,10137952.26339692
123,0.00040415,178.91956495,0.00040202,2016-03-02T20:45:37.987,0.00043595,0.00040202,0.000395,BTC-PIVX,872,6513,0.00043381,2017-11-07T15:35:24.963,436995.46052976
124,7.034e-05,26.82518497,6.896e-05,2015-06-03T06:31:14.35,7.864e-05,6.897e-05,6.65e-05,BTC-PKB,328,2571,7.021e-05,2017-11-07T15:35:19.557,375030.60036968
125,1.705e-05,944.5689775,1.687e-05,2014-03-11T08:00:00,2.633e-05,1.705e-05,1.686e-05,BTC-POT,693,4177,2.471e-05,2017-11-07T15:35:22.73,43711823.03258325
126,0.00018719,5.38206705,0.0001865,2014-02-13T00:00:00,0.00019217,0.00018719,0.00018262,BTC-PPC,174,2793,0.00018332,2017-11-07T15:34:35.37,28781.092303
127,4.78e-06,3.50030508,4.77e-06,2014-03-27T18:00:00,4.87e-06,4.77e-06,4.46e-06,BTC-PTC,223,2457,4.78e-06,2017-11-07T15:35:15.337,751659.22190202
128,2.095e-05,85.64426472,2.077e-05,2017-06-18T17:04:24.1,2.59e-05,2.095e-05,2.027e-05,BTC-PTOY,343,6649,2.043e-05,2017-11-07T15:35:21.54,3713592.72973682
129,8.5e-05,7.48687671,8.396e-05,2017-06-10T00:01:39.293,8.685e-05,8.487e-05,8.101e-05,BTC-QRL,336,3517,8.1e-05,2017-11-07T15:35:19.417,89496.73552594
130,0.00150848,739.34209087,0.00150097,2017-07-20T19:08:43.473,0.00155801,0.00150097,0.00142935,BTC-QTUM,778,11509,0.00146,2017-11-07T15:35:21.823,494989.95776223
131,1.942e-05,37.76495105,1.892e-05,2017-03-05T19:30:16.853,2.135e-05,1.948e-05,1.867e-05,BTC-QWARK,248,5225,2.126e-05,2017-11-07T15:35:24.947,1874935.0817895
132,0.00045242,11.20654605,0.00044255,2016-01-26T23:22:16.193,0.00047099,0.0004423,0.00041861,BTC-RADS,122,2032,0.00041998,2017-11-07T15:35:22.79,25370.38871603
133,9.93e-05,10.72124452,9.818e-05,2014-04-05T08:00:00,0.00010556,9.928e-05,9.529e-05,BTC-RBY,1597,6047,9.614e-05,2017-11-07T15:18:45.85,107271.14517782
134,1.6e-07,59.86986389,1.5e-07,2014-02-25T09:00:00,1.6e-07,1.6e-07,1.4e-07,BTC-RDD,1266,18135,1.5e-07,2017-11-07T15:33:31.557,386924394.0412768
135,0.00245984,52.82681149,0.00243006,2016-10-04T15:45:37.14,0.00278,0.00245994,0.00230487,BTC-REP,174,1858,0.00233037,2017-11-07T15:35:23.853,21083.24412796
136,3.494e-05,102.68742121,3.49e-05,2016-06-24T17:00:00.043,3.65e-05,3.494e-05,3.396e-05,BTC-RISE,510,5663,3.488e-05,2017-11-07T15:35:22.243,2925185.65000519
137,7.519e-05,15.52682694,7.452e-05,2017-04-27T00:20:33.857,7.861e-05,7.452e-05,7.3e-05,BTC-RLC,193,3579,7.673e-05,2017-11-07T15:34:37.447,205782.79252892
138,1.23e-06,138.07022804,1.22e-06,2016-02-13T22:14:21.14,1.43e-06,1.2e-06,1.14e-06,BTC-SAFEX,512,6409,1.15e-06,2017-11-07T15:28:53.22,108972932.25542808
139,0.00041645,371.12179215,0.00041329,2017-10-16T17:32:48.777,0.00044108,0.00041329,0.00038233,BTC-SALT,581,2003,0.0003949,2017-11-07T15:35:20.307,915430.8156282
140,0.00014199,8.00774617,0.00014021,2016-07-09T19:02:08.943,0.000143,0.00014199,0.00013221,BTC-SBD,115,1850,0.00013207,2017-11-07T15:34:21.603,57611.70229224
141,5.3e-07,125.41690953,5.2e-07,2017-05-22T21:30:29.16,5.4e-07,5.3e-07,4.8e-07,BTC-SC,1031,26532,4.9e-07,2017-11-07T15:35:14.837,241073550.042109
142,1.754e-05,20.97229682,1.722e-05,2016-09-23T07:10:11.78,1.91e-05,1.721e-05,1.651e-05,BTC-SEQ,147,1721,1.696e-05,2017-11-07T15:24:27.183,1146528.74722549
143,0.0001425,7.9370761,0.00014105,2016-10-11T19:48:35.573,0.00014984,0.00014105,0.000135,BTC-SHIFT,147,2380,0.00014379,2017-11-07T15:21:00.74,55733.91148312
144,0.000153,3.98089379,0.00015013,2017-02-18T22:34:49.373,0.000155,0.00015013,0.00014507,BTC-SIB,123,2416,0.00014701,2017-11-07T15:32:43.337,26381.01845846
145,4.994e-05,35.08961863,4.907e-05,2014-03-23T06:00:00,5.274e-05,4.989e-05,3.902e-05,BTC-SLR,287,1972,4e-05,2017-11-07T15:35:25.027,761957.44819782
146,0.00195092,10.4814721,0.00191162,2016-01-20T22:24:04.65,0.00204572,0.00191162,0.00171,BTC-SLS,181,1746,0.00176,2017-11-07T15:35:24.087,5528.14693735
147,2.698e-05,464.55711072,2.685e-05,2016-10-02T22:16:04.773,3.653e-05,2.698e-05,2.113e-05,BTC-SNGLS,380,1957,2.189e-05,2017-11-07T15:35:20.463,15860328.59810839
148,0.0002161,17.48516361,0.000216,2015-06-03T06:27:04.623,0.000237,0.00021611,0.000185,BTC-SNRG,291,1706,0.00019432,2017-11-07T15:34:22.12,86018.55126856
149,4.25e-06,97.09097457,4.24e-06,2017-06-28T18:26:15.73,4.33e-06,4.24e-06,4.08e-06,BTC-SNT,385,10244,4.17e-06,2017-11-07T15:32:19.227,23084656.08981069
150,0.0003915,6.64174333,0.00039,2015-05-18T22:45:47.093,0.00040013,0.00039,0.00037988,BTC-SPHR,133,1301,0.00038791,2017-11-07T15:32:31.99,17059.52329703
151,4.395e-05,14.79877516,4.307e-05,2014-12-19T02:33:07.747,4.595e-05,4.307e-05,4.101e-05,BTC-SPR,262,3412,4.3e-05,2017-11-07T15:35:23.87,341349.21982273
152,6.23e-06,13.47727101,6.15e-06,2014-06-14T07:09:15.327,7.21e-06,6.26e-06,6.1e-06,BTC-START,346,5900,6.9e-06,2017-11-07T15:32:47.74,2058271.69931309
153,0.00012299,73.4251592,0.0001229,2016-04-17T01:22:13.35,0.00013,0.00012299,0.00011906,BTC-STEEM,444,7528,0.0001215,2017-11-07T15:33:11.913,592037.43989227
154,7.299e-05,150.69407566,7.21e-05,2017-07-11T21:14:32.643,7.41e-05,7.3e-05,6.464e-05,BTC-STORJ,619,6684,6.621e-05,2017-11-07T15:35:08.79,2142004.44210299
155,0.00042246,332.85226714,0.00042245,2016-08-10T23:26:39.657,0.00044732,0.00042245,0.00041003,BTC-STRAT,1654,22026,0.00042336,2017-11-07T15:32:21.303,777176.61772958
156,0.000148,51.60698749,0.00014757,2014-10-03T19:16:23.143,0.0001885,0.000148,0.00014304,BTC-SWIFT,186,2014,0.00014457,2017-11-07T15:35:11.9,303296.39845091
157,0.00017446,6.6705272,0.00017414,2017-03-08T22:32:26.03,0.000179,0.00017415,0.00015394,BTC-SWT,116,1738,0.00017789,2017-11-07T15:21:48.977,39656.50095732
158,3.397e-05,37.76031239,3.351e-05,2016-08-25T21:23:15.27,3.709e-05,3.35e-05,3.253e-05,BTC-SYNX,183,2420,3.261e-05,2017-11-07T15:35:18.057,1098965.56765321
159,2.865e-05,159.82735147,2.85e-05,2014-08-16T19:57:48.823,2.892e-05,2.865e-05,2.732e-05,BTC-SYS,928,8182,2.745e-05,2017-11-07T15:35:22.337,5638708.09864915
160,2.32e-06,210.01295157,2.29e-06,2014-04-29T21:00:00,3.66e-06,2.32e-06,2.22e-06,BTC-THC,484,3995,3.2e-06,2017-11-07T15:34:54.337,73945060.2981682
161,0.0033454,2.83948873,0.00329715,2017-03-09T00:44:08.673,0.00336982,0.00334542,0.0032935,BTC-TIME,127,1585,0.00336835,2017-11-07T15:35:23.527,858.40989982
162,2.483e-05,26.55050948,2.462e-05,2017-10-25T21:01:08.287,2.739e-05,2.491e-05,2.413e-05,BTC-TIX,129,2280,2.478e-05,2017-11-07T15:34:52.4,1039615.79531114
163,0.00015196,22.01586092,0.0001507,2017-05-08T17:09:34.91,0.00016,0.00015199,0.00014546,BTC-TKN,182,3434,0.00015085,2017-11-07T15:35:20.4,145369.42886402
164,0.00025165,28.12982928,0.00025164,2017-03-23T00:48:15.94,0.000285,0.00025165,0.00022098,BTC-TKS,157,1465,0.00022099,2017-11-07T15:35:15.12,110193.62706854
165,8.33e-05,127.22171744,8.234e-05,2016-09-08T05:59:08.183,8.909e-05,8.234e-05,7.803e-05,BTC-TRIG,460,8798,8.292e-05,2017-11-07T15:34:43.727,1512480.80793497
166,3.441e-05,18.64935422,3.408e-05,2017-04-19T04:53:43.893,3.68e-05,3.441e-05,3.328e-05,BTC-TRST,246,3737,3.408e-05,2017-11-07T15:35:05.603,531438.93421991
167,1.652e-05,33.56490781,1.651e-05,2014-07-07T05:46:18.71,1.986e-05,1.652e-05,1.471e-05,BTC-TRUST,284,2094,1.562e-05,2017-11-07T15:31:27.35,1914494.14307804
168,0.00029312,29.83603536,0.00028863,2015-09-02T08:02:54.3,0.00030598,0.00029,0.0002851,BTC-TX,386,806,0.0002901,2017-11-07T15:35:24.68,101136.4318885
169,0.0001602,34.30929751,0.00015999,2017-02-08T17:00:59.02,0.000165,0.0001602,0.00014771,BTC-UBQ,678,7582,0.000148,2017-11-07T15:33:59.82,218920.61387381
170,3.88e-05,4.29100018,3.861e-05,2016-08-24T21:39:28.357,3.949e-05,3.861e-05,3.581e-05,BTC-UNB,147,1619,3.748e-05,2017-11-07T15:29:15.97,114159.22643576
171,0.00021054,58.57963285,0.00020905,2014-07-18T00:20:00.393,0.00022,0.00020915,0.0002056,BTC-VIA,474,3268,0.000213,2017-11-07T15:35:17.213,277113.82894915
172,5.64e-06,44.81100999,5.48e-06,2015-12-30T04:21:47.31,6.49e-06,5.55e-06,5.26e-06,BTC-VOX,267,5940,5.98e-06,2017-11-07T15:35:16.4,7668761.28966383
173,7.606e-05,109.08406244,7.575e-05,2014-05-13T07:00:00,8.7e-05,7.575e-05,7.044e-05,BTC-VRC,492,2567,8.033e-05,2017-11-07T15:35:03.587,1377864.3518476
174,0.00043,7.76871959,0.00042538,2016-09-16T04:52:17.637,0.00044711,0.00042538,0.00040502,BTC-VRM,213,1510,0.00041502,2017-11-07T15:28:04.33,18156.53469375
175,0.00050428,927.3640788,0.00050374,2014-02-13T00:00:00,0.00054695,0.00050427,0.00047569,BTC-VTC,2977,8558,0.00053628,2017-11-07T15:35:18.29,1807191.31675243
176,3.047e-05,55.72632338,3.031e-05,2014-12-19T02:33:10.943,3.304e-05,3.032e-05,2.441e-05,BTC-VTR,255,1969,2.514e-05,2017-11-07T15:35:21.01,1923814.7759467
177,0.0005137,340.33407271,0.0005096,2016-06-19T15:46:31.167,0.0005321,0.00051499,0.00046,BTC-WAVES,1173,11419,0.00048405,2017-11-07T15:35:25.4,671507.360975
178,5.235e-05,12.78985649,5.181e-05,2017-04-26T22:34:24.49,5.544e-05,5.237e-05,5.09e-05,BTC-WINGS,136,5104,5.202e-05,2017-11-07T15:34:39.87,239589.7060579
179,2.546e-05,4.57493974,2.507e-05,2016-09-25T00:15:16.103,2.54e-05,2.504e-05,2.426e-05,BTC-XAUR,90,1438,2.475e-05,2017-11-07T15:34:15.337,183998.51866406
180,0.00174881,35.29538771,0.00172522,2015-02-14T04:20:41,0.00185,0.00174911,0.0015793,BTC-XCP,459,3449,0.00157601,2017-11-07T15:35:18.837,20199.44565438
181,3.2e-07,12.06182389,3.1e-07,2014-06-21T18:37:57.64,3.3e-07,3.2e-07,3e-07,BTC-XDN,623,6599,3.1e-07,2017-11-07T15:29:47.36,38223218.56563341
182,3.909e-05,185.70697839,3.886e-05,2017-07-01T17:38:44.883,4.921e-05,3.909e-05,3.746e-05,BTC-XEL,341,7245,3.824e-05,2017-11-07T15:35:25.18,4352394.91372656
183,2.555e-05,238.23787506,2.534e-05,2015-04-10T21:06:00.043,2.689e-05,2.534e-05,2.393e-05,BTC-XEM,1093,11848,2.553e-05,2017-11-07T15:35:24.807,9360546.28264087
184,4.39e-06,1123.2958505,4.37e-06,2015-11-17T20:06:44.92,4.8e-06,4.39e-06,3.75e-06,BTC-XLM,1643,15599,3.77e-06,2017-11-07T15:35:13.9,260022208.37618142
185,3.26e-05,8.89576392,3.259e-05,2014-11-10T06:25:07.533,3.65e-05,3.259e-05,3.205e-05,BTC-XMG,308,2270,3.569e-05,2017-11-07T15:33:39.46,258098.26908962
186,0.01359,1012.56157861,0.01357853,2014-06-04T07:38:39.24,0.014997,0.01359,0.0129,BTC-XMR,1470,7049,0.01314403,2017-11-07T15:35:24.4,72833.21284702
187,4.1e-07,22.68324063,4e-07,2014-03-15T08:00:00,4.5e-07,4.1e-07,3.7e-07,BTC-XMY,443,4810,3.7e-07,2017-11-07T15:33:35.663,55297720.91821653
188,2.862e-05,1000.23209258,2.86e-05,2014-12-22T19:30:27.45,2.931e-05,2.862e-05,2.773e-05,BTC-XRP,2201,26245,2.795e-05,2017-11-07T15:35:21.057,35042264.3875815
189,2.345e-05,17.11641546,2.288e-05,2014-07-09T20:33:00.59,2.535e-05,2.286e-05,2.171e-05,BTC-XST,219,1344,2.208e-05,2017-11-07T15:32:01.43,723836.93762785
190,0.000122,434.57673818,0.00012115,2016-03-12T19:37:38.863,0.00018694,0.000122,0.00012,BTC-XVC,696,3126,0.00017376,2017-11-07T15:35:23.057,2800254.27577946
191,1.06e-06,2179.09188067,1.05e-06,2016-02-17T22:42:03.61,1.31e-06,1.06e-06,9.5e-07,BTC-XVG,3241,16226,1.29e-06,2017-11-07T15:35:20.883,1956795575.6926074
192,7.09e-06,33.16049236,7.03e-06,2014-04-14T00:00:00,8e-06,7.03e-06,6.71e-06,BTC-XWC,484,1442,7.59e-06,2017-11-07T15:35:24.65,4366682.63594288
193,0.00213025,115.64785003,0.00212748,2016-10-20T04:48:30.387,0.00228,0.00212924,0.00206017,BTC-XZC,933,3714,0.00208008,2017-11-07T15:35:23.23,53372.35166115
194,0.000255,19.05654827,0.00025351,2016-11-15T20:29:59.73,0.000255,0.000255,0.00023303,BTC-ZCL,217,5202,0.00024,2017-11-07T15:34:54.93,78164.3962187
195,0.03293114,312.02899352,0.03293113,2016-10-28T17:13:10.833,0.03382818,0.03293113,0.0314,BTC-ZEC,863,11045,0.03168523,2017-11-07T15:35:12.667,9571.10988494
196,0.00291376,152.07554627,0.00289359,2017-06-05T16:39:49.07,0.0031,0.00289359,0.002819,BTC-ZEN,1627,4385,0.002952,2017-11-07T15:35:13.947,51874.56293098
197,0.00123057,476.34892529,0.00118545,2017-06-11T17:33:06.127,0.00172,0.00123094,0.00103153,ETH-1ST,109,336,0.00109145,2017-11-07T15:34:33.54,349883.76792698
198,6.636e-05,77.97112731,6.5e-05,2017-07-03T21:08:06.22,7.34e-05,6.636e-05,6.31e-05,ETH-ADT,70,537,6.373e-05,2017-11-07T15:33:46.477,1165676.04620626
199,0.00303944,616.38859423,0.00302735,2017-07-11T22:42:17.78,0.0033389,0.00303944,0.00289343,ETH-ADX,185,575,0.00293305,2017-11-07T15:35:02.667,197012.77571969
200,0.0038236,246.71182959,0.00376003,2017-05-19T15:55:11.293,0.00398477,0.00387865,0.00330006,ETH-ANT,85,412,0.00399598,2017-11-07T15:35:19.947,68156.02243217
201,0.000485,152.91545425,0.00048188,2017-06-03T22:04:52.38,0.000487,0.00048188,0.00046003,ETH-BAT,183,1082,0.0004655,2017-11-07T15:34:48.29,322659.60355478
202,2.0699,2957.60123729,2.06,2017-08-01T18:34:04.763,2.13707161,2.0699,1.96000003,ETH-BCC,435,449,2.14999933,2017-11-07T15:33:47.603,1455.01648292
203,0.00640899,105.52305939,0.0063092,2017-06-22T21:36:30.867,0.00640899,0.00640763,0.00621213,ETH-BNT,70,410,0.00624422,2017-11-07T15:35:24.837,16846.90300587
204,0.0,26.34440146,0.0,2017-08-04T18:01:27.853,0.00017062,0.00015172,0.00013,ETH-BTS,74,212,0.00014932,2017-11-05T02:48:39.207,175120.1443082
205,0.00031238,163.48018608,0.00030589,2017-06-19T19:59:14.89,0.00037576,0.00030588,0.00029,ETH-CFI,104,430,0.00030908,2017-11-07T15:31:11.1,498459.51682036
206,0.00129693,173.134711,0.00124654,2017-06-13T19:40:35.217,0.00164498,0.0012729,0.0010229,ETH-CRB,62,173,0.00104409,2017-11-07T15:35:25.337,128379.37156468
207,0.0009943,390.27665378,0.0009805,2017-07-16T23:04:18.99,0.00099398,0.0009805,0.00092,ETH-CVC,185,1018,0.000951,2017-11-07T15:33:44.993,404418.88918433
208,0.98876194,393.29934806,0.974,2017-07-14T17:10:05.143,0.99999999,0.97958872,0.909009,ETH-DASH,137,228,0.92101861,2017-11-07T15:35:23.587,409.80912244
209,2.959e-05,141.20525556,2.863e-05,2017-08-04T18:01:27.777,2.952e-05,2.911e-05,2.754e-05,ETH-DGB,76,593,2.831e-05,2017-11-07T15:35:24.197,4873203.20941864
210,0.225,10.98985102,0.2170309,2016-06-17T18:51:39.087,0.22699978,0.22699928,0.20593881,ETH-DGD,64,192,0.20925303,2017-11-07T15:35:18.837,51.84344455
211,0.00013639,78.9024103,0.00013219,2017-08-04T02:09:02.887,0.0001463,0.00013684,0.00012835,ETH-DNT,59,375,0.00013647,2017-11-07T15:35:24.18,581908.18891689
212,0.04677067,871.89868784,0.04665957,2016-07-28T21:45:59.05,0.049009,0.04677067,0.04615162,ETH-ETC,195,1030,0.04902917,2017-11-07T15:35:24.807,18374.81659251
213,0.05913175,174.21344219,0.0576171,2017-08-04T18:01:27.853,0.05976,0.0576171,0.04992901,ETH-FCT,68,174,0.04755237,2017-11-07T15:35:24.37,3268.38154431
214,5.313e-05,140.80024222,5.162e-05,2017-07-04T18:45:47.143,5.443e-05,5.313e-05,4.7e-05,ETH-FUN,104,835,5.103e-05,2017-11-07T15:34:16.633,2715658.88920082
215,0.20848706,5.27067266,0.20491111,2017-04-30T18:42:52.17,0.2112,0.20845725,0.19999938,ETH-GNO,70,262,0.21086854,2017-11-07T15:34:19.883,25.80665463
216,0.00066499,606.12606757,0.00065486,2017-04-20T06:38:51.877,0.00066222,0.000659,0.00061599,ETH-GNT,212,1420,0.00063,2017-11-07T15:35:24.837,951160.06390392
217,0.00054911,260.04541183,0.00052569,2017-04-30T18:40:42.213,0.000634,0.00053329,0.0004512,ETH-GUP,72,219,0.00046567,2017-11-07T15:35:24.37,515269.26305587
218,0.00032085,77.56643182,0.00030178,2017-05-10T07:27:27.597,0.00033111,0.00030174,0.00028302,ETH-HMQ,67,297,0.00029122,2017-11-07T15:35:25.353,256544.94906209
219,0.0030973,187.38623055,0.00303667,2017-06-17T15:02:02.783,0.00356244,0.0030973,0.00276021,ETH-LGD,75,327,0.00325574,2017-11-07T15:26:05.387,61429.60586691
220,0.1986003,1064.75188405,0.19696616,2017-06-25T03:06:46.83,0.19998348,0.1986003,0.18100002,ETH-LTC,306,534,0.18549999,2017-11-07T15:35:23.337,5596.87065746
221,0.01715113,52.00992644,0.01681409,2017-04-30T18:41:22.84,0.01715166,0.01715166,0.01580807,ETH-LUN,63,285,0.01591476,2017-11-07T15:35:18.4,3181.96849131
222,4.397e-05,40.32642474,4.343e-05,2017-10-13T23:32:03.027,4.525e-05,4.3e-05,3.867e-05,ETH-MANA,73,223,3.933e-05,2017-11-07T15:35:09.197,969009.8880765
223,0.0199,358.48448187,0.01968507,2017-07-02T00:37:17.05,0.02049996,0.0199,0.019,ETH-MCO,187,1035,0.01932,2017-11-07T15:33:16.697,18296.79209715
224,0.01742924,117.86881221,0.01689226,2017-07-08T14:59:57.37,0.01799422,0.01714241,0.0162,ETH-MTL,118,528,0.0160001,2017-11-07T15:35:21.68,6970.69128169
225,0.00208112,3.28018207,0.0020302,2017-06-19T19:13:43.743,0.0021976,0.00205929,0.0020101,ETH-MYST,44,375,0.00208123,2017-11-07T15:32:00.773,1593.4877659
226,0.090888,1557.77557737,0.09040828,2017-07-21T01:08:49.397,0.0909,0.0909,0.0862,ETH-NEO,924,1716,0.08741394,2017-11-07T15:34:46.603,17686.70592512
227,0.03728562,16.32842132,0.03600142,2017-06-22T21:58:57.657,0.04,0.03728574,0.03435706,ETH-NMR,101,425,0.03655436,2017-11-07T15:35:13.12,449.93351629
228,0.0219,1763.55310985,0.02189999,2017-07-16T17:07:42.41,0.0225,0.02189999,0.02085,ETH-OMG,562,2133,0.02108388,2017-11-07T15:35:25.057,81142.41768019
229,0.00559995,705.8928352,0.00551055,2017-07-07T07:14:00.873,0.00575931,0.00559992,0.00520201,ETH-PAY,307,1679,0.00526,2017-11-07T15:35:25.167,129973.64705106
230,0.00052207,202.40894332,0.00050125,2017-06-18T17:04:24.147,0.00061394,0.00050122,0.00048652,ETH-PTOY,75,537,0.00052192,2017-11-07T15:35:24.837,371969.29957281
231,0.00209379,13.83493268,0.00200724,2017-06-11T17:33:06.14,0.002082,0.002082,0.00190001,ETH-QRL,93,189,0.00204259,2017-11-07T15:35:12.277,6903.89265408
232,0.03664613,1308.89249643,0.03630076,2017-07-20T19:08:43.473,0.03736976,0.03630086,0.034,ETH-QTUM,366,1017,0.0355974,2017-11-07T15:31:50.273,36415.4086383
233,0.06092139,153.68339747,0.05875959,2017-04-20T06:43:49.19,0.06869237,0.058753,0.05519379,ETH-REP,102,177,0.05662639,2017-11-07T15:35:24.79,2624.62908244
234,0.00182598,29.574392,0.00178676,2017-04-30T18:41:22.823,0.00186341,0.00177126,0.00175,ETH-RLC,64,282,0.0018589,2017-11-07T15:34:43.417,16228.24989297
235,0.01013273,969.11239435,0.00997005,2017-10-16T17:32:48.84,0.01042752,0.01006229,0.00900744,ETH-SALT,97,194,0.00943179,2017-11-07T15:35:23.43,100289.38656952
236,1.275e-05,143.77004719,1.264e-05,2017-07-14T17:10:07.74,1.285e-05,1.263e-05,1.149e-05,ETH-SC,137,1168,1.185e-05,2017-11-07T15:32:41.523,11778082.54527758
237,0.00065443,1312.7524909,0.00065433,2017-04-30T18:41:22.853,0.00086196,0.00065439,0.000504,ETH-SNGLS,178,203,0.00052554,2017-11-07T15:35:22.65,1929604.79012987
238,0.00010326,267.23848598,0.00010232,2017-06-28T18:26:15.747,0.00010326,0.00010326,9.702e-05,ETH-SNT,173,1041,0.00010072,2017-11-07T15:35:23.087,2659821.65342122
239,0.00177,100.18744999,0.00172962,2017-07-11T21:14:32.643,0.00178,0.00177,0.00155657,ETH-STORJ,126,444,0.00158041,2017-11-07T15:35:24.807,60805.01996941
240,0.01036816,239.71262028,0.01017194,2017-08-04T18:01:27.713,0.01047204,0.01022042,0.00985906,ETH-STRAT,231,1173,0.0101739,2017-11-07T15:35:24.51,23687.89393627
241,0.08213298,6.09313182,0.07878645,2017-06-23T18:01:03.323,0.07838918,0.07838918,0.0766623,ETH-TIME,72,135,0.07834608,2017-11-07T15:35:23.587,77.88982641
242,0.000602,51.1713169,0.00058745,2017-10-25T21:01:08.287,0.000635,0.000602,0.00058002,ETH-TIX,38,307,0.0006,2017-11-07T15:35:01.713,83779.94315871
243,0.00376941,23.8210083,0.00354122,2017-05-09T04:43:46.723,0.0038,0.00376957,0.0034792,ETH-TKN,63,490,0.00359917,2017-11-07T15:35:23.463,6591.29221173
244,0.00083715,65.38700737,0.00081581,2017-05-19T15:55:11.28,0.000882,0.000815,0.000802,ETH-TRST,78,210,0.00081629,2017-11-07T15:33:26.46,78493.0674014
245,0.01279885,269.63890613,0.01249531,2017-08-04T18:00:50.15,0.01280005,0.01249531,0.0111,ETH-WAVES,188,455,0.01168689,2017-11-07T15:35:23.777,22511.3863742
246,0.00126516,68.98315828,0.001252,2017-04-26T22:16:06.627,0.00129513,0.00126516,0.00123944,ETH-WINGS,48,319,0.00129125,2017-11-07T15:24:41.247,54668.42398792
247,0.00062354,575.44335158,0.0006155,2017-07-21T01:08:49.38,0.00063419,0.000625,0.00057261,ETH-XEM,138,555,0.00061,2017-11-07T15:35:16.087,940877.02367375
248,0.00010647,724.02144618,0.00010572,2017-07-21T01:08:49.38,0.00011195,0.00010569,9e-05,ETH-XLM,229,426,9.2e-05,2017-11-07T15:33:15.617,6928501.1451514
249,0.3359908,905.3849749,0.33043586,2017-07-21T01:08:49.367,0.34985,0.33043586,0.311561,ETH-XMR,158,274,0.31810821,2017-11-07T15:35:25.353,2734.51333043
250,0.0007013,795.25489924,0.00069503,2017-06-25T03:07:09.677,0.000705,0.00069503,0.000666,ETH-XRP,458,845,0.00067246,2017-11-07T15:34:55.697,1162800.77385377
251,0.80449999,496.75944027,0.801771,2017-07-14T17:10:07.8,0.807,0.8045,0.75149496,ETH-ZEC,267,528,0.76052426,2017-11-07T15:31:38.82,637.81594161
252,594.99999974,4791010.16701772,592.0,2017-08-01T18:34:04.873,639.6,592.0,585.012,USDT-BCC,1272,2119,636.12,2017-11-07T15:34:52.48,7940.63912106
253,6980.0,40996974.89139224,6972.0,2015-12-11T06:31:40.633,7282.66196574,6972.0,6923.0,USDT-BTC,9622,4076,7200.0,2017-11-07T15:35:22.963,5805.71061804
254,282.88888879,1019323.00449695,281.55,2017-07-21T01:08:49.413,301.61904399,282.88888879,273.0,USDT-DASH,425,1065,276.0,2017-11-07T15:35:21.76,3547.09855288
255,13.49999999,2631027.67994448,13.40000001,2017-07-14T17:10:10.72,14.72,13.40000009,13.20000001,USDT-ETC,585,2176,14.43500012,2017-11-07T15:35:13.98,187199.13967041
256,288.0,4850679.90916882,287.5,2017-04-20T17:26:37.647,304.04122641,288.0,285.00000001,USDT-ETH,1740,4324,300.4554515,2017-11-07T15:33:56.243,16438.05260206
257,57.24899519,1783781.35573722,57.0,2017-07-14T17:10:10.72,58.68,57.0,54.28713508,USDT-LTC,929,2485,55.58,2017-11-07T15:35:24.37,31608.24114382
258,26.1,1374528.42046409,26.025,2017-08-04T16:58:43.087,26.5799999,26.016,25.5,USDT-NEO,1321,5020,26.2000001,2017-11-07T15:33:54.43,52658.85019506
259,6.31,1017245.03525092,6.30999998,2017-09-15T23:49:44.83,6.6999,6.30999998,6.2,USDT-OMG,924,4777,6.3000003,2017-11-07T15:35:20.587,156823.25531816
260,95.53790517,2163298.48518435,95.3000002,2017-07-21T01:08:49.397,104.5,95.3000002,92.93439367,USDT-XMR,495,907,93.9,2017-11-07T15:35:19.98,21950.23139389
261,0.20099999,655671.52219177,0.2008001,2017-07-14T17:10:10.737,0.206,0.2008001,0.19934411,USDT-XRP,1147,4267,0.20247219,2017-11-07T15:35:14.353,3238143.41973102
262,231.63179998,456116.03682691,229.77,2017-07-14T17:10:10.673,235.99999955,231.63179998,226.0,USDT-ZEC,728,2865,229.0,2017-11-07T15:34:50.48,1973.56755439
263,2.115e-05,1691.34908382,2.106e-05,2017-11-07T07:59:10.913,0.0002001,2.121e-05,1.7e-05,BTC-RCN,676,2227,0.0002,2017-11-07T15:35:14.947,76795170.11192055
264,0.00051484,2899.82472072,0.00050553,2017-11-07T07:59:10.93,0.00089,0.00051484,0.00025124,ETH-RCN,125,243,0.00089,2017-11-07T15:35:22.777,5522182.90376137
