,Ask,BaseVolume,Bid,Created,High,Last,Low,MarketName,OpenBuyOrders,OpenSellOrders,PrevDay,TimeStamp,Volume
0,5e-05,571.42728493,4.938e-05,2017-06-06T01:22:35.727,7.245e-05,5e-05,4.451e-05,BTC-1ST,274,5805,4.454e-05,2017-11-07T15:04:15.343,9858975.91031044
1,8.7e-07,28.04240321,8.5e-07,2016-05-16T06:44:15.287,9.9e-07,8.5e-07,7.9e-07,BTC-2GIVE,322,2263,8.1e-07,2017-11-07T15:01:32.373,31949897.99945606
2,8.5e-07,17.35396474,8.4e-07,2014-10-31T01:43:25.743,9.9e-07,8.5e-07,8e-07,BTC-ABY,268,4896,8.5e-07,2017-11-07T15:03:36.547,19704014.21777796
3,3.12e-06,584.28360904,3.1e-06,2017-09-29T07:01:58.873,3.35e-06,3.11e-06,2.94e-06,BTC-ADA,1587,9321,2.98e-06,2017-11-07T15:03:34.97,185733274.30770695
4,2.72e-06,22.88105514,2.68e-06,2017-07-03T21:08:06.11,2.99e-06,2.67e-06,2.61e-06,BTC-ADT,158,3149,2.65e-06,2017-11-07T15:04:04.11,8169090.22830189
5,0.00012673,536.04079575,0.00012585,2017-07-11T22:42:17.78,0.0001429,0.00012612,0.00011993,BTC-ADX,702,8809,0.00012052,2017-11-07T15:04:12.047,4073845.68866396
6,0.000215,16.00040713,0.00021322,2015-07-31T00:50:47.11,0.00021999,0.00021322,0.00019103,BTC-AEON,255,2145,0.00020235,2017-11-07T15:02:57.407,76534.88002476
7,5.031e-05,2.89637357,4.981e-05,2015-11-10T00:53:59.643,5.117e-05,4.953e-05,4.74e-05,BTC-AGRS,201,2517,4.695e-05,2017-11-07T15:04:10.423,58709.78031104
8,2.07e-05,22.75083918,2.051e-05,2015-11-03T19:13:55.18,2.176e-05,2.07e-05,1.951e-05,BTC-AMP,156,5690,2.055e-05,2017-11-07T15:04:14.657,1095200.6825721
9,0.00015577,49.14750875,0.00015395,2017-05-17T19:54:30.143,0.00016761,0.00015395,0.00014116,BTC-ANT,194,4286,0.00015907,2017-11-07T15:04:09.47,323676.66663739
10,0.00076792,2.95461388,0.00074634,2017-05-02T06:26:32.897,0.00076874,0.00074634,0.000725,BTC-APX,189,1878,0.00075148,2017-11-07T15:04:05.61,3945.7983662
11,2.827e-05,44.23012357,2.826e-05,2016-10-13T18:59:37.407,2.905e-05,2.826e-05,2.669e-05,BTC-ARDR,411,4204,2.673e-05,2017-11-07T15:03:48.343,1568818.36312884
12,0.00036468,287.88214953,0.000361,2017-03-21T18:11:29.347,0.000378,0.00036468,0.00033723,BTC-ARK,2064,9646,0.00034013,2017-11-07T15:04:06.017,798446.4143619
13,8.668e-05,2.00184048,8.51e-05,2014-03-16T22:00:00,8.777e-05,8.51e-05,8.5e-05,BTC-AUR,108,1586,8.711e-05,2017-11-07T15:04:14.907,23303.91821529
14,1.997e-05,99.77686777,1.976e-05,2017-06-03T22:04:53.82,2.05e-05,1.98e-05,1.91e-05,BTC-BAT,657,12933,1.922e-05,2017-11-07T15:04:15.687,5004139.95328908
15,3.92e-06,118.88092201,3.9e-06,2014-11-18T17:34:21.083,4.89e-06,3.92e-06,3.11e-06,BTC-BAY,287,3915,3.28e-06,2017-11-07T15:04:10.203,28807207.13417799
16,0.085,2104.81389997,0.08491493,2017-08-01T18:34:04.967,0.08999999,0.085,0.083959,BTC-BCC,3185,12068,0.08799,2017-11-07T15:04:14.047,24486.94688094
17,4.769e-05,11.07870188,4.615e-05,2015-09-10T05:28:20.787,4.799e-05,4.611e-05,4.145e-05,BTC-BCY,135,2896,4.211e-05,2017-11-07T15:04:13.47,251022.05068454
18,3.9e-07,9.15218705,3.8e-07,2015-02-15T23:07:32.777,3.9e-07,3.9e-07,3.6e-07,BTC-BITB,517,5120,3.5e-07,2017-11-07T14:59:12.09,24252656.79615244
19,0.00012127,5.75698631,0.00012,2014-11-13T20:20:21.443,0.00012586,0.00012127,0.00011603,BTC-BLITZ,139,2612,0.00011559,2017-11-07T15:02:31.92,47712.20568292
20,3.06e-05,20.97083738,3.033e-05,2014-03-14T09:00:00,3.285e-05,3.033e-05,2.916e-05,BTC-BLK,199,4606,3.022e-05,2017-11-07T15:04:13.173,674291.82079641
21,0.00288792,27.38542975,0.00287,2014-10-29T06:45:03.97,0.00299999,0.00288792,0.00246868,BTC-BLOCK,266,1528,0.00251213,2017-11-07T15:03:19.703,9808.33448829
22,0.00026171,10.66383365,0.00026083,2017-06-22T21:36:30.85,0.00027499,0.00026083,0.00025388,BTC-BNT,138,3314,0.000259,2017-11-07T14:59:23.62,40401.9697731
23,2.095e-05,4.16439294,2.058e-05,2016-06-13T02:27:33.34,2.252e-05,2.095e-05,2.026e-05,BTC-BRK,126,2200,2.055e-05,2017-11-07T15:02:52.22,194299.64893162
24,6.962e-05,17.24968024,6.852e-05,2016-07-10T21:25:05.127,7.207e-05,6.838e-05,6.251e-05,BTC-BRX,140,2037,7.011e-05,2017-11-07T15:04:14.25,256392.14259748
25,8.214e-05,7.66280205,8.145e-05,2016-02-17T00:54:23.677,8.6e-05,8.214e-05,8.078e-05,BTC-BSD,186,2036,8.291e-05,2017-11-07T15:01:09.39,91618.90526874
26,0.01761978,8.26614994,0.0175,2014-07-14T06:05:04.567,0.01790817,0.0175,0.01593002,BTC-BTCD,168,713,0.01720817,2017-11-07T15:01:40.467,481.23933443
27,0.0,63.85828478,0.0,2014-11-24T08:18:16.53,9.98e-06,8.86e-06,8.44e-06,BTC-BTS,229,4558,8.63e-06,2017-11-05T04:00:22.963,6871090.19001538
28,8.4e-07,14.24611007,8.3e-07,2014-09-16T07:41:56.047,8.8e-07,8.3e-07,7.5e-07,BTC-BURST,316,6355,7.8e-07,2017-11-07T15:00:56.84,17564561.5747561
29,0.000135,64.84625864,0.00013395,2014-11-03T19:02:45.96,0.00015001,0.00013395,7.455e-05,BTC-BYC,250,985,7.6e-05,2017-11-07T15:04:14.797,595678.86895964
30,3.71e-06,24.65560966,3.68e-06,2014-08-10T06:48:44.83,4.49e-06,3.68e-06,3.58e-06,BTC-CANN,254,6245,3.9e-06,2017-11-07T15:03:52.5,6129037.0112006
31,1.29e-05,104.10983253,1.28e-05,2017-06-19T19:59:14.78,1.589e-05,1.28e-05,1.204e-05,BTC-CFI,217,5377,1.257e-05,2017-11-07T15:02:52.47,7426429.08698297
32,0.00068974,7.5597177,0.0006798,2015-04-18T22:04:25.183,0.00072071,0.00068007,0.00064184,BTC-CLAM,237,1468,0.00065339,2017-11-07T15:04:11.83,10984.67338498
33,0.00069527,19.52019599,0.00068234,2014-06-04T08:53:18.563,0.0007666,0.00069528,0.00060111,BTC-CLOAK,304,2836,0.0006536,2017-11-07T15:04:13.11,28729.20069691
34,0.00021621,63.43113424,0.00021406,2015-12-18T00:30:10.31,0.00021878,0.000217,0.0001996,BTC-CLUB,403,1825,0.00020459,2017-11-07T15:02:32.61,302963.81986991
35,6.9e-07,11.17278711,6.8e-07,2015-01-22T19:11:45.903,7.1e-07,6.9e-07,6.4e-07,BTC-COVAL,301,4722,6.7e-07,2017-11-07T15:02:35.657,16365683.16323584
36,5.468e-05,18.55750925,5.332e-05,2015-07-25T06:30:32.53,6.187e-05,5.324e-05,5.2e-05,BTC-CPC,119,2771,5.871e-05,2017-11-07T15:04:15.313,329041.03520712
37,4.993e-05,229.7341121,4.901e-05,2017-06-13T19:40:35.203,6.999e-05,4.901e-05,4.252e-05,BTC-CRB,104,2984,4.215e-05,2017-11-07T15:04:12.983,3791485.45659855
38,0.00019552,13.61284173,0.000195,2017-03-06T21:10:15.663,0.00020631,0.00019551,0.0001883,BTC-CRW,153,1678,0.00019819,2017-11-07T15:04:06.313,69476.23735177
39,4.484e-05,88.11631765,4.383e-05,2014-05-13T09:00:00,6.146e-05,4.485e-05,4.23e-05,BTC-CURE,321,2200,5.722e-05,2017-11-07T15:04:15.173,1662729.91820365
40,4.046e-05,139.81611421,4.039e-05,2017-07-16T23:04:18.867,4.18e-05,4.046e-05,3.905e-05,BTC-CVC,784,11872,3.906e-05,2017-11-07T15:04:15.063,3452429.37426126
41,0.0403,506.54825972,0.04025006,2014-03-11T08:00:00,0.0421155,0.0403,0.03759549,BTC-DASH,1128,5858,0.03759552,2017-11-07T15:03:26.11,12613.32775586
42,0.00400999,50.18854936,0.00400594,2016-02-09T21:06:51.577,0.0042,0.00401,0.00379999,BTC-DCR,516,4613,0.00379997,2017-11-07T15:04:00.83,12433.57077067
43,6.015e-05,12.27988601,5.923e-05,2017-06-30T16:35:24.643,6.298e-05,6.015e-05,5.694e-05,BTC-DCT,153,4810,5.849e-05,2017-11-07T15:04:08.5,205979.7189594
44,1.2e-06,238.24461507,1.19e-06,2014-08-20T07:09:57.207,1.27e-06,1.19e-06,1.15e-06,BTC-DGB,867,25042,1.16e-06,2017-11-07T15:04:13.063,197137051.29733524
45,0.00898019,5.56099823,0.00898008,2016-06-14T16:25:12.063,0.00916,0.00898019,0.00856101,BTC-DGD,151,1100,0.00879498,2017-11-07T15:03:54.343,623.30761634
46,0.00132297,37.86696899,0.00131,2015-05-01T17:31:24.97,0.00144435,0.00132297,0.00089003,BTC-DMD,335,1636,0.00091985,2017-11-07T15:04:10.733,33447.84665633
47,5.63e-06,29.04151934,5.46e-06,2017-08-04T02:09:02.873,5.95e-06,5.49e-06,5.28e-06,BTC-DNT,148,1961,5.53e-06,2017-11-07T15:04:14.22,5119350.82351875
48,1.7e-07,30.80650911,1.6e-07,2014-02-13T00:00:00,1.7e-07,1.6e-07,1.5e-07,BTC-DOGE,1636,18032,1.6e-07,2017-11-07T15:00:00.59,187971675.7237336
49,2.99e-06,33.6373802,2.95e-06,2014-10-17T19:09:32.6,3.88e-06,2.94e-06,2.83e-06,BTC-DOPE,287,3389,3.39e-06,2017-11-07T15:03:51.547,10432994.72070217
50,5.921e-05,7.07032022,5.92e-05,2017-04-01T04:06:13.887,6.366e-05,5.921e-05,5.302e-05,BTC-DTB,150,3068,6.069e-05,2017-11-07T15:04:06.047,122992.9415896
51,0.000433,1.65457406,0.00042526,2017-03-23T00:10:19.403,0.0004499,0.00042526,0.000418,BTC-DYN,155,922,0.00041897,2017-11-07T15:01:00.967,3835.54170511
52,1.491e-05,7.3671907,1.467e-05,2016-09-15T15:47:38.92,1.541e-05,1.468e-05,1.425e-05,BTC-EBST,152,4421,1.47e-05,2017-11-07T15:04:06.733,495441.12227417
53,7.7e-05,39.55667303,7.688e-05,2017-04-18T00:56:59.243,7.799e-05,7.7e-05,7.153e-05,BTC-EDG,320,6208,7.393e-05,2017-11-07T15:03:18.703,527802.84563872
54,1.725e-05,1.54838144,1.704e-05,2014-03-20T20:00:00,1.75e-05,1.723e-05,1.621e-05,BTC-EFL,129,1581,1.621e-05,2017-11-07T15:03:46.483,92532.7969353
55,3.17e-05,4.13220253,3.157e-05,2016-01-18T21:01:43.837,3.2e-05,3.17e-05,2.991e-05,BTC-EGC,258,2896,3.138e-05,2017-11-07T14:57:31.977,133661.23834447
56,8.794e-05,73.22446708,8.61e-05,2016-01-06T05:28:04.553,0.00010274,8.61e-05,8.307e-05,BTC-EMC,252,3104,8.703e-05,2017-11-07T15:04:15,791500.58442477
57,9.1e-06,115.39774645,9.05e-06,2014-12-24T00:00:00,9.83e-06,9.1e-06,8.28e-06,BTC-EMC2,340,7064,8.46e-06,2017-11-07T15:04:08.423,12912237.15282408
58,1.772e-05,29.61238345,1.742e-05,2014-05-04T00:00:00,2.025e-05,1.772e-05,1.477e-05,BTC-ENRG,251,2282,1.516e-05,2017-11-07T15:03:21.17,1672276.09957731
59,7.336e-05,155.10391958,7.205e-05,2014-05-10T17:00:00,0.0001125,7.339e-05,6.074e-05,BTC-ERC,205,1943,5.965e-05,2017-11-07T15:04:08.983,1772021.22255296
60,0.00193253,572.93446047,0.00193051,2016-07-26T18:10:22.82,0.00206832,0.00193051,0.0019201,BTC-ETC,996,8171,0.0020348,2017-11-07T15:04:15.39,286609.54800461
61,0.041315,2882.82820096,0.04131,2015-08-14T09:02:24.817,0.04340655,0.041315,0.04021202,BTC-ETH,3899,20015,0.04114915,2017-11-07T15:04:10.813,68568.59869244
62,0.00017249,7.40595488,0.00017025,2014-09-28T20:33:27.633,0.00020025,0.00017249,0.00016702,BTC-EXCL,204,1515,0.0002,2017-11-07T15:04:06.907,41041.65830745
63,0.00025472,45.87660542,0.00024984,2015-09-16T17:10:15.253,0.00029499,0.00024995,0.00024083,BTC-EXP,186,4161,0.00023995,2017-11-07T15:04:15.703,173773.26791802
64,0.00011999,1.66539453,0.00011802,2014-12-12T19:51:07.703,0.000124,0.000118,0.00011504,BTC-FAIR,184,929,0.000123,2017-11-07T15:03:08.843,13698.26753617
65,0.00232297,194.67806101,0.00231,2016-01-09T03:47:07.803,0.00246935,0.00231,0.0019928,BTC-FCT,563,3930,0.00199279,2017-11-07T15:03:07.297,86813.06659827
66,1.48e-06,13.08043059,1.47e-06,2015-02-23T23:01:53.92,1.57e-06,1.48e-06,1.44e-06,BTC-FLDC,292,3724,1.48e-06,2017-11-07T14:59:51.23,8709769.42260588
67,1.25e-05,13.60567798,1.224e-05,2015-03-11T05:43:30.193,1.272e-05,1.251e-05,1.052e-05,BTC-FLO,194,2373,1.055e-05,2017-11-07T15:04:15.687,1187370.90840344
68,1.637e-05,137.62689232,1.62e-05,2014-02-13T00:00:00,1.702e-05,1.62e-05,1.345e-05,BTC-FTC,942,5249,1.657e-05,2017-11-07T15:03:59.03,8814613.37364754
69,2.25e-06,108.10571096,2.2e-06,2017-07-04T18:45:47.13,2.3e-06,2.2e-06,1.96e-06,BTC-FUN,272,6190,2.12e-06,2017-11-07T15:04:04.627,49483130.67331457
70,0.00101889,1.40669728,0.00099566,2015-05-05T22:38:44.963,0.0010189,0.00101889,0.00093348,BTC-GAM,109,826,0.00095202,2017-11-07T15:04:09.78,1424.49595034
71,0.00023441,67.42832252,0.00023355,2015-04-08T04:09:53.013,0.00024778,0.00023355,0.00022714,BTC-GAME,252,5382,0.00023067,2017-11-07T15:03:42.25,285955.24723689
72,1.539e-05,22.08411647,1.52e-05,2017-02-12T00:38:21.023,1.7e-05,1.52e-05,1.44e-05,BTC-GBG,168,2924,1.445e-05,2017-11-07T15:02:15.763,1383717.24064114
73,0.02334225,87.72323691,0.02307818,2017-04-13T20:46:39.83,0.0253,0.02334225,0.02070022,BTC-GBYTE,333,3558,0.02112703,2017-11-07T15:02:00.61,3727.27451731
74,6.78e-06,21.80127336,6.61e-06,2015-08-24T00:25:28.933,8.24e-06,6.61e-06,6.46e-06,BTC-GCR,85,3987,6.6e-06,2017-11-07T15:04:08.627,2933316.1007543
75,0.00014138,8.02855195,0.00013905,2015-02-21T03:29:43.267,0.00014905,0.00013904,0.00013503,BTC-GEO,312,2674,0.00013943,2017-11-07T15:04:09.83,56764.8474296
76,2.125e-05,4.75130892,2.073e-05,2014-03-22T16:00:00,2.152e-05,2.125e-05,1.919e-05,BTC-GLD,274,2196,1.99e-05,2017-11-07T15:04:01.627,234773.27949778
77,0.00862122,10.19053433,0.00850005,2017-04-28T02:43:12,0.0087571,0.00862397,0.00837988,BTC-GNO,159,2286,0.00833374,2017-11-07T15:04:15.063,1187.70844818
78,2.697e-05,107.20279321,2.676e-05,2017-04-17T21:35:59.26,2.791e-05,2.676e-05,2.567e-05,BTC-GNT,432,10616,2.636e-05,2017-11-07T15:04:15.343,3991309.38985231
79,1.631e-05,6.48001526,1.612e-05,2017-01-19T23:23:12.41,1.658e-05,1.612e-05,1.54e-05,BTC-GOLOS,192,2136,1.571e-05,2017-11-07T15:04:14.33,405895.05189184
80,5.54e-06,7.87320254,5.49e-06,2015-02-27T19:57:02.82,5.66e-06,5.54e-06,5.08e-06,BTC-GRC,239,3593,5.19e-06,2017-11-07T15:04:05.923,1458776.82589872
81,9.145e-05,1221.46390317,9.14e-05,2014-04-03T05:00:00,0.0001085,9.145e-05,8.7e-05,BTC-GRS,1654,5232,9.5e-05,2017-11-07T15:04:10.64,12490195.53980777
82,2.26e-05,90.06682953,2.221e-05,2017-04-29T18:08:12.39,2.711e-05,2.235e-05,1.868e-05,BTC-GUP,216,3609,1.915e-05,2017-11-07T15:04:10.843,4049724.11999209
83,1.369e-05,38.99468342,1.356e-05,2017-05-10T00:02:47.373,1.395e-05,1.369e-05,1.2e-05,BTC-HMQ,205,3989,1.218e-05,2017-11-07T15:04:13.157,2995878.36642441
84,2.142e-05,3.08929863,2.141e-05,2017-04-04T21:20:51.083,2.209e-05,2.142e-05,2.093e-05,BTC-INCNT,129,2709,2.182e-05,2017-11-07T05:43:44.113,142340.20175623
85,9.462e-05,3.75336743,9.109e-05,2015-10-03T20:41:41.403,9.535e-05,9.109e-05,8.904e-05,BTC-INFX,179,1548,8.902e-05,2017-11-07T14:59:41.167,40578.39414079
86,0.00035644,101.39684211,0.00035179,2014-07-29T16:57:43.787,0.0004897,0.00035179,0.0003,BTC-IOC,218,1942,0.00031176,2017-11-07T15:04:13.89,254067.96705183
87,0.00015,6.19719668,0.00014756,2017-02-18T23:41:17.04,0.000152,0.00015,0.00014226,BTC-ION,193,2179,0.00015157,2017-11-07T15:04:14.627,41842.26372233
88,0.00031728,56.67653146,0.00031343,2016-12-22T00:54:23.477,0.00033399,0.00031674,0.00029,BTC-IOP,348,5662,0.00030967,2017-11-07T15:02:23.39,178564.42678155
89,0.00038369,556.63142766,0.000382,2017-02-11T23:04:01.853,0.00040898,0.00038369,0.00036,BTC-KMD,1516,6567,0.00037198,2017-11-07T15:04:04.423,1451860.75549309
90,0.00050915,20.44868964,0.00050729,2014-06-17T05:46:29.303,0.00053644,0.00050915,0.000475,BTC-KORE,274,2434,0.00050974,2017-11-07T15:01:35.56,40289.8920356
91,2.16e-05,31.78794837,2.155e-05,2016-07-05T21:50:07.81,2.219e-05,2.154e-05,1.96e-05,BTC-LBC,384,8893,1.999e-05,2017-11-07T15:04:05.83,1487912.97144473
92,0.000128,122.12547425,0.00012685,2017-04-18T07:37:41.3,0.00014325,0.00012855,0.00011561,BTC-LGD,322,5365,0.00013777,2017-11-07T15:03:43.5,929550.18894788
93,6.27e-06,19.23659729,6.24e-06,2017-02-18T23:55:53.153,6.44e-06,6.27e-06,6.06e-06,BTC-LMC,205,5454,6.26e-06,2017-11-07T15:03:49.733,3105872.02899824
94,0.00068245,352.35267855,0.0006819,2016-05-24T18:49:52.77,0.0007,0.00068245,0.00062458,BTC-LSK,1675,8067,0.00062753,2017-11-07T15:04:12.267,534154.45858451
95,0.00815,1133.1114046,0.00813002,2014-02-13T00:00:00,0.0083,0.00813001,0.0076,BTC-LTC,2169,12848,0.007632,2017-11-07T15:04:11.03,143561.00838542
96,0.00070462,10.88881095,0.00069487,2017-04-30T16:57:03.27,0.00072739,0.00070495,0.00065,BTC-LUN,164,4099,0.00065,2017-11-07T15:04:13.97,15734.09480362
97,5.416e-05,52.78770078,5.334e-05,2016-01-18T20:38:22.707,5.5e-05,5.387e-05,4.603e-05,BTC-MAID,339,3899,4.711e-05,2017-11-07T15:04:13.297,1041709.95125269
98,1.81e-06,17.14021785,1.79e-06,2017-10-13T23:32:02.993,1.85e-06,1.78e-06,1.59e-06,BTC-MANA,170,2479,1.61e-06,2017-11-07T15:03:46.313,9879035.83769081
99,0.00082391,225.5417484,0.0008177,2017-07-02T00:37:16.957,0.00086821,0.0008177,0.00078754,BTC-MCO,494,10140,0.0008,2017-11-07T15:04:14.377,271392.19854634
100,3.236e-05,387.95989564,3.188e-05,2016-04-01T18:24:07.207,4.34e-05,3.188e-05,2.843e-05,BTC-MEME,324,1791,3.6e-05,2017-11-07T15:03:43.64,10715750.79238897
101,0.00818127,13.85555509,0.00793009,2017-03-15T19:30:56.167,0.00864404,0.00792701,0.00762766,BTC-MLN,106,1496,0.00865097,2017-11-07T15:04:15.5,1717.51692216
102,0.00037158,59.35050656,0.00037001,2014-04-18T22:00:00,0.00038239,0.00037158,0.000362,BTC-MONA,460,3829,0.00037439,2017-11-07T15:03:55.22,160287.97649302
103,0.00071,194.77308824,0.00070401,2017-07-08T14:59:57.34,0.00077616,0.00070981,0.00067144,BTC-MTL,529,6213,0.00067999,2017-11-07T15:04:12.983,271117.41444656
104,1.48e-05,14.22400057,1.463e-05,2015-04-09T17:31:31.113,1.65e-05,1.463e-05,1.401e-05,BTC-MUE,230,3075,1.405e-05,2017-11-07T15:04:03.297,956319.85111704
105,2e-06,36.68309144,1.98e-06,2017-03-27T19:59:13.073,2.52e-06,1.98e-06,1.86e-06,BTC-MUSIC,284,9382,1.88e-06,2017-11-07T15:03:13.157,17493793.88267286
106,8.502e-05,4.16527362,8.5e-05,2017-06-19T19:13:43.73,8.84e-05,8.502e-05,8.5e-05,BTC-MYST,162,3693,8.628e-05,2017-11-07T15:00:24.823,48562.63185368
107,0.00010894,78.74026301,0.00010892,2014-07-08T03:37:28.39,0.00011375,0.00010892,0.00010544,BTC-NAV,551,5188,0.00010564,2017-11-07T15:03:56.093,717083.1013602
108,0.00014124,24.38921021,0.00013986,2015-04-08T03:57:37.33,0.000144,0.00014124,0.00013634,BTC-NBT,46,1775,0.00013719,2017-11-07T15:02:42,173896.13728695
109,0.00372104,1136.65556828,0.00372103,2016-10-26T01:28:31.96,0.00382043,0.00372103,0.0036003,BTC-NEO,4420,27178,0.00362502,2017-11-07T15:04:08.517,307085.00110775
110,0.00032965,7.11027919,0.000328,2014-08-20T00:06:59.63,0.00034504,0.00032972,0.00031456,BTC-NEOS,265,2031,0.00034504,2017-11-07T15:01:34.093,21869.66313717
111,1.361e-05,27.02148916,1.343e-05,2014-04-04T22:00:00,1.419e-05,1.343e-05,1.196e-05,BTC-NLG,271,3296,1.223e-05,2017-11-07T15:04:13.127,2044296.69972865
112,0.00154111,15.68692958,0.00150018,2017-06-22T21:58:57.657,0.0016,0.00154091,0.00147258,BTC-NMR,148,4353,0.00149,2017-11-07T15:04:14.53,10292.8333669
113,2.713e-05,20.16263325,2.697e-05,2017-04-17T22:51:08.97,2.929e-05,2.71e-05,2.557e-05,BTC-NXC,105,3819,2.753e-05,2017-11-07T15:03:53.36,730760.83463228
114,0.00013654,24.26989844,0.00013616,2015-01-25T03:00:35.143,0.0001419,0.00013654,0.00012577,BTC-NXS,526,4201,0.00012577,2017-11-07T15:03:50.687,179008.93273019
115,8.16e-06,44.96450301,8.13e-06,2014-03-03T09:00:00,8.27e-06,8.16e-06,7.85e-06,BTC-NXT,352,8429,7.93e-06,2017-11-07T15:04:13.657,5550861.5031161
116,3.49e-05,142.81374485,3.486e-05,2015-05-30T19:26:37.523,3.749e-05,3.49e-05,3.437e-05,BTC-OK,980,10322,3.439e-05,2017-11-07T15:04:12.907,4002677.01744063
117,0.0008937,950.93324647,0.0008925,2017-07-16T17:07:42.313,0.00096103,0.00089282,0.00086706,BTC-OMG,2161,16923,0.00087079,2017-11-07T15:04:14.267,1034372.1096732
118,0.00334788,12.46730915,0.00330224,2015-11-03T19:13:33.197,0.00335788,0.00334788,0.00296994,BTC-OMNI,338,2314,0.00297005,2017-11-07T15:04:15.5,3916.74826394
119,0.001195,28.32099307,0.00119488,2017-07-20T18:19:07.157,0.00124999,0.001195,0.00111,BTC-PART,269,1902,0.00112253,2017-11-07T15:03:16.25,23929.41237254
120,0.0002303,238.44356005,0.00023,2017-07-07T07:14:00.793,0.00024348,0.00023085,0.0002166,BTC-PAY,982,14472,0.00021702,2017-11-07T15:04:07.593,1037011.35948584
121,1.709e-05,10.45925865,1.69e-05,2016-06-02T04:39:35.21,1.72e-05,1.69e-05,1.435e-05,BTC-PDC,189,2441,1.466e-05,2017-11-07T15:04:08.97,651256.64984699
122,3.27e-06,34.73977665,3.25e-06,2014-07-29T07:41:09.4,3.53e-06,3.25e-06,3e-06,BTC-PINK,248,2926,3.33e-06,2017-11-07T15:04:09.11,10464831.36683151
123,0.00040574,176.90086415,0.00040201,2016-03-02T20:45:37.987,0.00043598,0.00040201,0.000395,BTC-PIVX,830,6512,0.0004335,2017-11-07T15:04:15.453,431901.33312895
124,7.093e-05,26.79689566,6.909e-05,2015-06-03T06:31:14.35,7.864e-05,6.904e-05,6.65e-05,BTC-PKB,322,2561,7.056e-05,2017-11-07T15:04:12.733,374550.39077585
125,1.809e-05,1035.22332398,1.802e-05,2014-03-11T08:00:00,2.692e-05,1.802e-05,1.77e-05,BTC-POT,714,4049,2.429e-05,2017-11-07T15:03:45.953,46850806.91758836
126,0.00018987,5.29424448,0.00018724,2014-02-13T00:00:00,0.00019217,0.00018987,0.00018262,BTC-PPC,179,2791,0.00018401,2017-11-07T15:04:15.173,28316.21511208
127,4.7e-06,3.39705965,4.62e-06,2014-03-27T18:00:00,4.87e-06,4.66e-06,4.46e-06,BTC-PTC,217,2460,4.69e-06,2017-11-07T14:59:45.2,729844.31735723
128,2.18e-05,84.25740463,2.17e-05,2017-06-18T17:04:24.1,2.59e-05,2.18e-05,2.027e-05,BTC-PTOY,268,6653,2.06e-05,2017-11-07T15:02:39.53,3648688.9206929
129,8.555e-05,7.10624264,8.501e-05,2017-06-10T00:01:39.293,8.613e-05,8.556e-05,8.1e-05,BTC-QRL,340,3511,8.101e-05,2017-11-07T15:03:54.39,85254.37787179
130,0.00148891,758.14721384,0.001484,2017-07-20T19:08:43.473,0.00155801,0.00149,0.00142935,BTC-QTUM,883,11890,0.00144929,2017-11-07T15:04:14.08,508112.85799067
131,1.958e-05,37.69023692,1.927e-05,2017-03-05T19:30:16.853,2.135e-05,1.958e-05,1.91e-05,BTC-QWARK,276,5213,2.105e-05,2017-11-07T15:03:50.407,1863452.13760422
132,0.00046528,9.75484699,0.00045481,2016-01-26T23:22:16.193,0.00047099,0.00045482,0.00041861,BTC-RADS,126,2037,0.00042751,2017-11-07T15:04:13.53,22156.64606584
133,9.928e-05,10.75847321,9.821e-05,2014-04-05T08:00:00,0.00010556,9.928e-05,9.529e-05,BTC-RBY,1485,5823,9.608e-05,2017-11-07T15:03:34.733,107668.4966594
134,1.6e-07,61.99016112,1.5e-07,2014-02-25T09:00:00,1.6e-07,1.6e-07,1.4e-07,BTC-RDD,1258,18069,1.4e-07,2017-11-07T15:04:13.843,401124500.60881877
135,0.00246358,53.14976569,0.00243006,2016-10-04T15:45:37.14,0.00278,0.00246239,0.00227761,BTC-REP,174,1851,0.00233027,2017-11-07T15:04:15.08,21223.43968615
136,3.48e-05,100.45336271,3.476e-05,2016-06-24T17:00:00.043,3.65e-05,3.476e-05,3.396e-05,BTC-RISE,513,5708,3.463e-05,2017-11-07T15:03:07.687,2862119.19665343
137,7.398e-05,15.4244851,7.364e-05,2017-04-27T00:20:33.857,7.861e-05,7.401e-05,7.3e-05,BTC-RLC,179,3546,7.585e-05,2017-11-07T15:04:15.203,204359.10683981
138,1.24e-06,138.46769681,1.21e-06,2016-02-13T22:14:21.14,1.43e-06,1.21e-06,1.13e-06,BTC-SAFEX,525,6405,1.16e-06,2017-11-07T15:03:35.03,109334442.94605426
139,0.00041899,386.10078546,0.0004126,2017-10-16T17:32:48.777,0.00044108,0.000419,0.00037129,BTC-SALT,572,1976,0.00039,2017-11-07T15:04:14.877,956905.97876188
140,0.0001425,7.77827117,0.0001405,2016-07-09T19:02:08.943,0.000143,0.0001405,0.00013206,BTC-SBD,119,1829,0.00013206,2017-11-07T15:04:02.483,56037.11095845
141,5.3e-07,131.32038347,5.2e-07,2017-05-22T21:30:29.16,5.4e-07,5.2e-07,4.8e-07,BTC-SC,1092,26726,4.9e-07,2017-11-07T15:04:10.767,253651049.7654159
142,1.777e-05,20.86620162,1.761e-05,2016-09-23T07:10:11.78,1.91e-05,1.761e-05,1.651e-05,BTC-SEQ,149,1721,1.69e-05,2017-11-07T15:00:20.107,1140373.174034
143,0.0001425,8.41888926,0.00014105,2016-10-11T19:48:35.573,0.00015095,0.0001425,0.000135,BTC-SHIFT,146,2385,0.00014569,2017-11-07T15:03:32.53,58959.32164837
144,0.00015388,4.13353309,0.00015013,2017-02-18T22:34:49.373,0.000155,0.00015013,0.00014415,BTC-SIB,124,2419,0.000145,2017-11-07T15:03:52.89,27431.81714703
145,4.914e-05,34.40208383,4.9e-05,2014-03-23T06:00:00,5.274e-05,4.914e-05,3.88e-05,BTC-SLR,276,1977,3.9e-05,2017-11-07T15:04:02.297,751158.47142451
146,0.00198467,10.89710894,0.00191327,2016-01-20T22:24:04.65,0.00204572,0.00191271,0.00171,BTC-SLS,201,1746,0.0017849,2017-11-07T15:04:13.517,5762.89046354
147,2.607e-05,456.64257149,2.6e-05,2016-10-02T22:16:04.773,3.653e-05,2.607e-05,2.113e-05,BTC-SNGLS,245,1978,2.189e-05,2017-11-07T15:03:53.39,15615800.57385455
148,0.00023669,15.55137207,0.00022875,2015-06-03T06:27:04.623,0.000237,0.00022854,0.000185,BTC-SNRG,270,1633,0.0001943,2017-11-07T15:04:15.563,77250.8805638
149,4.23e-06,95.14818402,4.22e-06,2017-06-28T18:26:15.73,4.33e-06,4.23e-06,4.08e-06,BTC-SNT,365,10238,4.17e-06,2017-11-07T15:04:07.53,22631817.86410662
150,0.000395,6.57675314,0.00039499,2015-05-18T22:45:47.093,0.00040013,0.000395,0.00037988,BTC-SPHR,141,1304,0.000385,2017-11-07T15:04:04.407,16894.88928693
151,4.427e-05,14.14455657,4.331e-05,2014-12-19T02:33:07.747,4.595e-05,4.331e-05,4.101e-05,BTC-SPR,258,3404,4.203e-05,2017-11-07T15:04:13.97,326458.2098201
152,6.3e-06,14.52284805,6.11e-06,2014-06-14T07:09:15.327,7.21e-06,6.1e-06,6.1e-06,BTC-START,341,5891,6.78e-06,2017-11-07T15:03:59.233,2210186.9375096
153,0.00012298,74.53057998,0.00012297,2016-04-17T01:22:13.35,0.00013,0.00012297,0.00011906,BTC-STEEM,444,7486,0.00012001,2017-11-07T15:03:58.36,601231.59193363
154,7.271e-05,150.81354474,7.18e-05,2017-07-11T21:14:32.643,7.41e-05,7.182e-05,6.464e-05,BTC-STORJ,587,6631,6.56e-05,2017-11-07T15:04:13.14,2154326.75857444
155,0.0004242,336.87495707,0.0004239,2016-08-10T23:26:39.657,0.00044732,0.0004242,0.00041003,BTC-STRAT,1604,22089,0.00041964,2017-11-07T15:03:34.78,786686.57431636
156,0.00015724,51.18703222,0.0001556,2014-10-03T19:16:23.143,0.0001885,0.00015515,0.00014304,BTC-SWIFT,192,1995,0.00014404,2017-11-07T15:04:15.33,300516.34111234
157,0.00017446,7.69135226,0.00017416,2017-03-08T22:32:26.03,0.000179,0.00017416,0.00015394,BTC-SWT,119,1738,0.0001669,2017-11-07T14:59:53.62,45459.68945404
158,3.399e-05,38.1317275,3.365e-05,2016-08-25T21:23:15.27,3.709e-05,3.35e-05,3.228e-05,BTC-SYNX,179,2406,3.285e-05,2017-11-07T15:04:15.5,1110366.93299434
159,2.836e-05,158.80207579,2.827e-05,2014-08-16T19:57:48.823,2.892e-05,2.827e-05,2.731e-05,BTC-SYS,885,8188,2.74e-05,2017-11-07T15:04:13.063,5605008.37552816
160,2.3e-06,315.02364132,2.28e-06,2014-04-29T21:00:00,3.89e-06,2.3e-06,2.22e-06,BTC-THC,476,3979,2.65e-06,2017-11-07T15:03:22.733,105775922.61934812
161,0.00334542,2.88578213,0.00329715,2017-03-09T00:44:08.673,0.00336982,0.00334542,0.0032935,BTC-TIME,129,1582,0.00330242,2017-11-07T15:04:15.203,872.15357799
162,2.495e-05,26.34928877,2.494e-05,2017-10-25T21:01:08.287,2.739e-05,2.494e-05,2.416e-05,BTC-TIX,131,2275,2.478e-05,2017-11-07T15:02:31.25,1030921.68130463
163,0.00014831,24.41505568,0.00014825,2017-05-08T17:09:34.91,0.00016,0.00014831,0.00014546,BTC-TKN,177,3437,0.0001528,2017-11-07T15:03:12.703,161521.26144489
164,0.00025988,28.14984692,0.0002485,2017-03-23T00:48:15.94,0.000285,0.00026013,0.00022098,BTC-TKS,164,1464,0.00022131,2017-11-07T15:04:13.657,110398.76019792
165,8.328e-05,129.86040946,8.288e-05,2016-09-08T05:59:08.183,8.909e-05,8.328e-05,7.803e-05,BTC-TRIG,461,8792,8.03e-05,2017-11-07T15:02:17.53,1544663.19598378
166,3.448e-05,18.58339563,3.397e-05,2017-04-19T04:53:43.893,3.68e-05,3.397e-05,3.328e-05,BTC-TRST,249,3748,3.374e-05,2017-11-07T15:04:13.377,529550.07250361
167,1.702e-05,33.76062502,1.659e-05,2014-07-07T05:46:18.71,1.986e-05,1.66e-05,1.471e-05,BTC-TRUST,286,2070,1.589e-05,2017-11-07T15:04:15.08,1927613.59245191
168,0.00029257,30.84929479,0.0002886,2015-09-02T08:02:54.3,0.00030598,0.00029304,0.0002851,BTC-TX,388,804,0.00029099,2017-11-07T15:04:15.173,104619.6663565
169,0.00016024,34.97231027,0.00016023,2017-02-08T17:00:59.02,0.000165,0.00016023,0.00014731,BTC-UBQ,626,7580,0.00014636,2017-11-07T15:03:50.33,223467.90322433
170,3.878e-05,4.23258433,3.813e-05,2016-08-24T21:39:28.357,3.949e-05,3.811e-05,3.581e-05,BTC-UNB,145,1625,3.8e-05,2017-11-07T15:03:04.827,112663.89515774
171,0.00021145,58.96508095,0.00021087,2014-07-18T00:20:00.393,0.00022,0.00021087,0.0002056,BTC-VIA,477,3261,0.000209,2017-11-07T15:03:57.407,278896.4479888
172,5.59e-06,45.60676223,5.52e-06,2015-12-30T04:21:47.31,6.49e-06,5.59e-06,5.26e-06,BTC-VOX,259,5939,5.92e-06,2017-11-07T15:03:09.86,7796518.54252962
173,7.577e-05,110.16507077,7.533e-05,2014-05-13T07:00:00,8.7e-05,7.577e-05,7.044e-05,BTC-VRC,495,2559,8.14e-05,2017-11-07T15:04:07.907,1390444.68349675
174,0.0004341,7.92286217,0.0004254,2016-09-16T04:52:17.637,0.00044711,0.0004341,0.00040502,BTC-VRM,212,1509,0.00041501,2017-11-07T14:59:46.59,18528.0526422
175,0.00051299,974.6956463,0.00050928,2014-02-13T00:00:00,0.00054695,0.00050928,0.00047569,BTC-VTC,2850,8506,0.000518,2017-11-07T15:03:56.5,1896787.44277291
176,2.963e-05,55.75437766,2.936e-05,2014-12-19T02:33:10.943,3.304e-05,2.935e-05,2.441e-05,BTC-VTR,243,1979,2.5e-05,2017-11-07T15:03:59.22,1932171.30078329
177,0.000526,364.26814365,0.000525,2016-06-19T15:46:31.167,0.0005321,0.000525,0.00046,BTC-WAVES,1200,11185,0.00049149,2017-11-07T15:04:13.657,721108.88856061
178,5.238e-05,12.96799515,5.2e-05,2017-04-26T22:34:24.49,5.544e-05,5.2e-05,5.09e-05,BTC-WINGS,134,5064,5.207e-05,2017-11-07T15:02:26.06,243028.90949113
179,2.547e-05,4.58055654,2.504e-05,2016-09-25T00:15:16.103,2.54e-05,2.54e-05,2.426e-05,BTC-XAUR,82,1437,2.428e-05,2017-11-07T15:04:14.75,184233.49417003
180,0.00175045,34.42877466,0.00174446,2015-02-14T04:20:41,0.00185,0.00174446,0.00155331,BTC-XCP,454,3450,0.00158414,2017-11-07T15:04:11.657,19723.86113598
181,3.2e-07,12.68350478,3.1e-07,2014-06-21T18:37:57.64,3.3e-07,3.2e-07,3e-07,BTC-XDN,620,6591,3.2e-07,2017-11-07T14:54:44.193,40205621.88391137
182,3.875e-05,184.610888,3.85e-05,2017-07-01T17:38:44.883,4.921e-05,3.875e-05,3.746e-05,BTC-XEL,340,7247,3.782e-05,2017-11-07T15:02:17.827,4324879.61097432
183,2.564e-05,242.01009468,2.55e-05,2015-04-10T21:06:00.043,2.689e-05,2.564e-05,2.393e-05,BTC-XEM,1027,11963,2.518e-05,2017-11-07T15:04:11.03,9509514.75955103
184,4.41e-06,1120.73591794,4.39e-06,2015-11-17T20:06:44.92,4.8e-06,4.41e-06,3.75e-06,BTC-XLM,1622,15575,3.81e-06,2017-11-07T15:04:04.797,259632470.14985564
185,3.29e-05,8.96430647,3.264e-05,2014-11-10T06:25:07.533,3.65e-05,3.29e-05,3.205e-05,BTC-XMG,298,2271,3.472e-05,2017-11-07T15:02:50.36,258529.21614582
186,0.01376867,1041.44058474,0.013708,2014-06-04T07:38:39.24,0.014997,0.0137619,0.0125,BTC-XMR,1366,7031,0.0125,2017-11-07T15:04:11.187,75121.17805757
187,4.1e-07,22.79661983,4e-07,2014-03-15T08:00:00,4.5e-07,4.1e-07,3.7e-07,BTC-XMY,442,4810,3.6e-07,2017-11-07T15:04:01.453,55606160.08750031
188,2.889e-05,967.91607566,2.883e-05,2014-12-22T19:30:27.45,2.931e-05,2.889e-05,2.773e-05,BTC-XRP,2289,26198,2.793e-05,2017-11-07T15:04:11.813,33932179.29981887
189,2.346e-05,17.11356232,2.317e-05,2014-07-09T20:33:00.59,2.535e-05,2.342e-05,2.171e-05,BTC-XST,213,1343,2.247e-05,2017-11-07T15:04:10.733,723772.66394946
190,0.0001296,436.30634416,0.00012838,2016-03-12T19:37:38.863,0.00018694,0.00012837,0.000127,BTC-XVC,714,3006,0.00017999,2017-11-07T15:04:10.627,2782572.13882324
191,1.05e-06,2200.56981661,1.04e-06,2016-02-17T22:42:03.61,1.31e-06,1.04e-06,9.5e-07,BTC-XVG,3256,16175,1.31e-06,2017-11-07T15:04:05.843,1971002497.8478563
192,7.33e-06,31.1766863,7.21e-06,2014-04-14T00:00:00,8e-06,7.2e-06,6.86e-06,BTC-XWC,480,1429,7.73e-06,2017-11-07T15:02:39.123,4072754.91895443
193,0.00210738,117.52602169,0.00210655,2016-10-20T04:48:30.387,0.00228,0.00210738,0.002054,BTC-XZC,878,3689,0.0021272,2017-11-07T15:04:09.61,54277.53057645
194,0.00025192,18.56194142,0.00025,2016-11-15T20:29:59.73,0.000255,0.00024816,0.00023303,BTC-ZCL,214,5200,0.00023665,2017-11-07T15:04:13.377,76304.93563191
195,0.0332644,321.2153897,0.03301906,2016-10-28T17:13:10.833,0.03382818,0.03300765,0.03109832,BTC-ZEC,903,11347,0.0310983,2017-11-07T15:04:07.47,9865.02620728
196,0.00291528,155.78097561,0.00291,2017-06-05T16:39:49.07,0.0031,0.00291,0.002819,BTC-ZEN,1659,4402,0.00291105,2017-11-07T15:03:35.297,53132.25636052
197,0.0012494,468.05204017,0.00119995,2017-06-11T17:33:06.127,0.00172,0.00119995,0.00103153,ETH-1ST,109,333,0.00108,2017-11-07T15:04:12.657,343009.12724127
198,6.656e-05,81.45787025,6.526e-05,2017-07-03T21:08:06.22,7.34e-05,6.501e-05,6.31e-05,ETH-ADT,68,536,6.34e-05,2017-11-07T15:02:38.92,1220231.44910124
199,0.00305611,620.04868779,0.00304802,2017-07-11T22:42:17.78,0.0033389,0.00304802,0.00289343,ETH-ADX,184,574,0.00293685,2017-11-07T15:03:40.5,198305.26636883
200,0.00375999,240.79204734,0.00370073,2017-05-19T15:55:11.293,0.00399681,0.00375999,0.00330006,ETH-ANT,85,413,0.00390003,2017-11-07T15:04:11.173,66579.12817797
201,0.00048698,155.56965468,0.00048188,2017-06-03T22:04:52.38,0.000487,0.00048698,0.00046003,ETH-BAT,183,1083,0.0004655,2017-11-07T15:03:00.42,328561.48591177
202,2.0655,2971.98066294,2.0498517,2017-08-01T18:34:04.763,2.1878999,2.06999871,1.96000003,ETH-BCC,434,453,2.12,2017-11-07T15:03:02.953,1459.33607414
203,0.00640602,105.96590951,0.00628866,2017-06-22T21:36:30.867,0.00640899,0.00640763,0.00621213,ETH-BNT,67,411,0.00621003,2017-11-07T15:04:14.53,16917.84150782
204,0.0,26.34440146,0.0,2017-08-04T18:01:27.853,0.00017062,0.00015172,0.00013,ETH-BTS,74,212,0.00014932,2017-11-05T04:03:45.967,175120.1443082
205,0.00031239,165.69878473,0.00030478,2017-06-19T19:59:14.89,0.00037576,0.00030784,0.00029,ETH-CFI,104,434,0.00032319,2017-11-07T15:04:08.483,505534.8701412
206,0.00130033,172.90252109,0.0011877,2017-06-13T19:40:35.217,0.00164498,0.0013,0.0010229,ETH-CRB,57,178,0.00104351,2017-11-07T15:04:14.767,128246.23107182
207,0.00099174,390.81322414,0.00098051,2017-07-16T23:04:18.99,0.00099398,0.00098342,0.00092,ETH-CVC,186,1018,0.000951,2017-11-07T15:04:15.08,404994.31342315
208,0.98927043,395.34251521,0.974,2017-07-14T17:10:05.143,0.99999999,0.97958872,0.909009,ETH-DASH,134,222,0.91999959,2017-11-07T15:04:15.063,412.02752077
209,2.927e-05,132.29154092,2.868e-05,2017-08-04T18:01:27.777,2.952e-05,2.872e-05,2.754e-05,ETH-DGB,78,598,2.779e-05,2017-11-07T15:04:15.173,4568274.85780771
210,0.2269993,11.04515306,0.21351341,2016-06-17T18:51:39.087,0.22699978,0.22699928,0.20593881,ETH-DGD,67,191,0.20925303,2017-11-07T15:04:15.563,52.10772773
211,0.00013545,89.31060647,0.00013044,2017-08-04T02:09:02.887,0.0001463,0.00013006,0.00012835,ETH-DNT,62,373,0.00013647,2017-11-07T15:04:14.53,658137.98386172
212,0.04774174,892.43008041,0.04680019,2016-07-28T21:45:59.05,0.04903084,0.047,0.04615162,ETH-ETC,205,1021,0.04903084,2017-11-07T15:04:15.093,18772.4641076
213,0.05687301,168.68584374,0.05534431,2017-08-04T18:01:27.853,0.05976,0.05498019,0.04755237,ETH-FCT,78,174,0.04728749,2017-11-07T15:04:15.563,3174.58194019
214,5.313e-05,117.82437937,5.225e-05,2017-07-04T18:45:47.143,5.443e-05,5.313e-05,4.7e-05,ETH-FUN,103,835,5.103e-05,2017-11-07T15:04:15,2281662.91436025
215,0.20844448,4.88571367,0.20491111,2017-04-30T18:42:52.17,0.2112,0.20846403,0.19999938,ETH-GNO,49,265,0.21086854,2017-11-07T14:56:58.51,23.95994987
216,0.00065101,588.2031976,0.000651,2017-04-20T06:38:51.877,0.00066075,0.00065101,0.00061599,ETH-GNT,206,1429,0.00065109,2017-11-07T15:03:39.22,924458.36587458
217,0.00053856,254.13712261,0.00053818,2017-04-30T18:40:42.213,0.000634,0.00053819,0.0004512,ETH-GUP,69,219,0.00046393,2017-11-07T15:03:56.97,504579.18816257
218,0.00033215,75.70604439,0.00032304,2017-05-10T07:27:27.597,0.00033111,0.00032304,0.00028302,ETH-HMQ,63,293,0.00029449,2017-11-07T15:04:13.377,250705.71654558
219,0.0030973,187.79931529,0.00298489,2017-06-17T15:02:02.783,0.00356244,0.0030973,0.00276021,ETH-LGD,80,326,0.00334832,2017-11-07T15:04:14.5,61553.73257947
220,0.1984003,1008.3892449,0.19696256,2017-06-25T03:06:46.83,0.19998348,0.1984003,0.18100002,ETH-LTC,303,530,0.18519999,2017-11-07T15:02:46.81,5313.07072216
221,0.01715166,55.69112266,0.01681043,2017-04-30T18:41:22.84,0.01715166,0.01715166,0.01580807,ETH-LUN,60,282,0.01591477,2017-11-07T15:04:13.89,3413.27551718
222,4.397e-05,40.50933897,4.3e-05,2017-10-13T23:32:03.027,4.525e-05,4.3e-05,3.867e-05,ETH-MANA,70,224,3.803e-05,2017-11-07T14:58:21.4,973660.73303155
223,0.01989039,362.16771701,0.01968506,2017-07-02T00:37:17.05,0.02049996,0.01968506,0.019,ETH-MCO,183,1032,0.019994,2017-11-07T14:52:04.643,18492.07048124
224,0.01714239,141.44438588,0.01678804,2017-07-08T14:59:57.37,0.01799422,0.01713404,0.0160001,ETH-MTL,117,531,0.01632,2017-11-07T15:04:14.64,8382.23701694
225,0.00208112,3.35049134,0.00203021,2017-06-19T19:13:43.743,0.0021976,0.00206051,0.0020101,ETH-MYST,43,375,0.00219137,2017-11-07T14:58:36.683,1627.20707905
226,0.08999987,1533.24963523,0.08950084,2017-07-21T01:08:49.397,0.08999991,0.08999987,0.0862,ETH-NEO,918,1744,0.0884772,2017-11-07T15:04:15.11,17439.66016535
227,0.03731946,16.16403766,0.03728574,2017-06-22T21:58:57.657,0.03728574,0.03728574,0.03435706,ETH-NMR,98,426,0.03655436,2017-11-07T15:03:32.157,445.66531726
228,0.02175547,1780.71588896,0.02144262,2017-07-16T17:07:42.41,0.0225,0.02175557,0.02085,ETH-OMG,566,2134,0.02124479,2017-11-07T15:04:14.423,82002.55391868
229,0.00559997,708.0999794,0.00550059,2017-07-07T07:14:00.873,0.00575931,0.00559998,0.00520201,ETH-PAY,302,1677,0.00528,2017-11-07T15:04:14.627,130391.91826568
230,0.00054626,194.22043484,0.00051566,2017-06-18T17:04:24.147,0.00061394,0.00053001,0.00048652,ETH-PTOY,78,532,0.00052192,2017-11-07T15:04:14.547,355850.77772362
231,0.00205983,9.96053414,0.00202218,2017-06-11T17:33:06.14,0.00201927,0.002,0.00190001,ETH-QRL,89,196,0.00204259,2017-11-07T15:04:15.687,5026.68231775
232,0.03649466,1304.56785074,0.03585221,2017-07-20T19:08:43.473,0.03736976,0.03585089,0.034,ETH-QTUM,355,1016,0.0356,2017-11-07T15:04:13.64,36317.09849891
233,0.06093976,154.07746993,0.05874888,2017-04-20T06:43:49.19,0.06869237,0.0609572,0.05519379,ETH-REP,105,176,0.05552946,2017-11-07T15:04:14.64,2631.65695456
234,0.00182906,29.574392,0.001775,2017-04-30T18:41:22.823,0.00186341,0.00177126,0.00175,ETH-RLC,65,283,0.0018589,2017-11-07T15:04:15.173,16228.24989297
235,0.01,977.79803504,0.00999722,2017-10-16T17:32:48.84,0.01042752,0.01,0.00900744,ETH-SALT,101,196,0.00983947,2017-11-07T15:03:57.267,101346.66019745
236,1.271e-05,146.39963109,1.26e-05,2017-07-14T17:10:07.74,1.285e-05,1.26e-05,1.149e-05,ETH-SC,142,1170,1.174e-05,2017-11-07T15:00:47.34,12007826.18041916
237,0.00062903,1319.08006337,0.00062465,2017-04-30T18:41:22.853,0.00086196,0.00062999,0.000504,ETH-SNGLS,178,202,0.00053414,2017-11-07T15:03:51.687,1949094.06644453
238,0.00010298,267.6226903,0.00010116,2017-06-28T18:26:15.747,0.00010317,0.00010299,9.702e-05,ETH-SNT,173,1043,0.00010159,2017-11-07T15:04:15.61,2664183.39654407
239,0.00176998,124.71201129,0.00174606,2017-07-11T21:14:32.643,0.00178,0.0017709,0.00155,ETH-STORJ,125,442,0.00162,2017-11-07T15:02:34.467,76384.29405034
240,0.0103459,245.24052843,0.01010319,2017-08-04T18:01:27.713,0.01047204,0.01035644,0.00985906,ETH-STRAT,233,1177,0.01032496,2017-11-07T15:04:15.063,24226.59502484
241,0.08213298,6.09313182,0.07877233,2017-06-23T18:01:03.323,0.07838918,0.07838918,0.0766623,ETH-TIME,70,135,0.07834608,2017-11-07T15:04:09.063,77.88982641
242,0.00060496,51.05298749,0.00059116,2017-10-25T21:01:08.287,0.000635,0.000605,0.00058002,ETH-TIX,38,311,0.00061193,2017-11-07T15:04:13.843,83583.53388777
243,0.00364992,41.23212692,0.00353703,2017-05-09T04:43:46.723,0.0038783,0.00364992,0.00335111,ETH-TKN,63,492,0.00364099,2017-11-07T15:04:11.53,11397.20937904
244,0.00083715,67.84091695,0.00081198,2017-05-19T15:55:11.28,0.000882,0.000815,0.000802,ETH-TRST,74,210,0.00083,2017-11-07T15:01:23.75,81453.15694201
245,0.0128447,260.30349568,0.01280004,2017-08-04T18:00:50.15,0.01280005,0.01280004,0.0111,ETH-WAVES,186,451,0.01215432,2017-11-07T15:03:56.937,21804.39743444
246,0.00126516,68.96820082,0.001252,2017-04-26T22:16:06.627,0.00129513,0.00123944,0.00123944,ETH-WINGS,47,319,0.00129125,2017-11-07T15:02:25.827,54656.60139152
247,0.00062099,576.81503701,0.00061402,2017-07-21T01:08:49.38,0.00063419,0.000619,0.00057261,ETH-XEM,142,551,0.00061745,2017-11-07T15:04:13.89,943136.07269128
248,0.00010774,716.10330982,0.00010611,2017-07-21T01:08:49.38,0.00011195,0.000106,9e-05,ETH-XLM,231,428,9.212e-05,2017-11-07T15:04:15.687,6868041.24174879
249,0.33989684,885.96653853,0.33433899,2017-07-21T01:08:49.367,0.34985,0.33433899,0.3021785,ETH-XMR,153,266,0.30174847,2017-11-07T15:04:15.5,2678.5201347
250,0.0007013,697.28023899,0.00069509,2017-06-25T03:07:09.677,0.00070135,0.0007013,0.000666,ETH-XRP,456,836,0.00067807,2017-11-07T15:04:10.33,1023540.68747585
251,0.805,488.69532108,0.79930104,2017-07-14T17:10:07.8,0.807,0.7993,0.75149496,ETH-ZEC,262,525,0.75939371,2017-11-07T15:04:15.547,627.84825691
252,593.30496,5216942.87077856,591.0,2017-08-01T18:34:04.873,648.99999805,591.0,585.012,USDT-BCC,1272,2114,634.20005923,2017-11-07T15:04:02.11,8589.54888086
253,6980.0,42043449.16753778,6961.0000003,2015-12-11T06:31:40.633,7285.89999999,6980.0,6923.0,USDT-BTC,9533,4024,7260.0,2017-11-07T15:04:14,5948.93965441
254,282.88888879,1030769.55107965,281.55555001,2017-07-21T01:08:49.413,301.61904399,282.99999993,272.1632695,USDT-DASH,415,1044,274.00000001,2017-11-07T15:04:01.39,3589.17193639
255,13.55000001,2417919.36709907,13.55,2017-07-14T17:10:10.72,14.72,13.55,13.55,USDT-ETC,614,2161,14.66,2017-11-07T15:04:06.313,170893.15547366
256,289.0,4469018.43866212,288.99999999,2017-04-20T17:26:37.647,304.04122641,289.0,285.00000001,USDT-ETH,1681,4285,298.49556727,2017-11-07T15:04:14.657,15105.91671228
257,57.12,1752713.50887898,56.70000002,2017-07-14T17:10:10.72,58.68,57.0,54.28713508,USDT-LTC,931,2472,55.42,2017-11-07T15:04:03.83,31069.02606981
258,25.93702494,1396737.05784977,25.85000039,2017-08-04T16:58:43.087,26.5799999,25.85000012,25.5,USDT-NEO,1316,5028,26.31097101,2017-11-07T15:04:15.547,53502.47002345
259,6.29420031,973304.60363264,6.23,2017-09-15T23:49:44.83,6.6999,6.27999997,6.2,USDT-OMG,906,4768,6.3727765,2017-11-07T15:04:07.937,149795.25884432
260,96.21427531,2237968.87203005,95.3,2017-07-21T01:08:49.397,104.5,95.30100003,90.5,USDT-XMR,496,899,90.5,2017-11-07T15:04:09.127,22756.34456447
261,0.202,628243.50702766,0.20100001,2017-07-14T17:10:10.737,0.206,0.202,0.19934411,USDT-XRP,1148,4268,0.20369558,2017-11-07T15:04:15.687,3101379.29273458
262,231.999999,456280.90261077,231.0,2017-07-14T17:10:10.673,235.99999955,231.0,226.0,USDT-ZEC,734,2849,227.0,2017-11-07T15:03:50.203,1974.44861016
263,2.2e-05,1652.90140842,2.189e-05,2017-11-07T07:59:10.913,0.0002001,2.189e-05,1.7e-05,BTC-RCN,639,2024,0.0002,2017-11-07T15:04:13.627,74965045.52407551
264,0.00053066,2848.82479928,0.00052222,2017-11-07T07:59:10.93,0.00089,0.00053066,0.00025124,ETH-RCN,132,220,0.00089,2017-11-07T15:04:12.97,5422822.65639448
