,Ask,BaseVolume,Bid,Created,High,Last,Low,MarketName,OpenBuyOrders,OpenSellOrders,PrevDay,TimeStamp,Volume
0,4.925e-05,574.06695888,4.921e-05,2017-06-06T01:22:35.727,7.245e-05,4.925e-05,4.451e-05,BTC-1ST,279,5813,4.451e-05,2017-11-07T15:21:21.883,9911372.91294029
1,8.7e-07,26.23986338,8.6e-07,2016-05-16T06:44:15.287,9.9e-07,8.6e-07,7.9e-07,BTC-2GIVE,330,2260,8.6e-07,2017-11-07T15:20:02.443,29844515.77470641
2,8.3e-07,17.66823956,8.2e-07,2014-10-31T01:43:25.743,9.9e-07,8.2e-07,8e-07,BTC-ABY,265,4898,8.4e-07,2017-11-07T15:20:13.227,20088005.67071552
3,3.09e-06,585.55010893,3.08e-06,2017-09-29T07:01:58.873,3.35e-06,3.09e-06,2.94e-06,BTC-ADA,1536,9341,2.99e-06,2017-11-07T15:21:15.93,186058544.66609338
4,2.7e-06,22.74382732,2.68e-06,2017-07-03T21:08:06.11,2.99e-06,2.68e-06,2.61e-06,BTC-ADT,153,3153,2.65e-06,2017-11-07T15:21:07.353,8116745.47345751
5,0.000125,534.23344131,0.00012459,2017-07-11T22:42:17.78,0.0001429,0.000125,0.0001205,BTC-ADX,703,8812,0.0001228,2017-11-07T15:20:17.507,4058514.62439824
6,0.000215,16.00516809,0.00021322,2015-07-31T00:50:47.11,0.00021999,0.00021322,0.00019103,BTC-AEON,254,2144,0.00020235,2017-11-07T15:07:44.35,76555.60604336
7,5.031e-05,2.77268135,4.948e-05,2015-11-10T00:53:59.643,5.117e-05,4.953e-05,4.74e-05,BTC-AGRS,199,2515,4.907e-05,2017-11-07T15:21:18.663,56186.78295932
8,2.126e-05,21.62600477,2.076e-05,2015-11-03T19:13:55.18,2.176e-05,2.126e-05,1.951e-05,BTC-AMP,157,5687,2.112e-05,2017-11-07T15:21:22.4,1041450.17211295
9,0.00015732,49.38070692,0.00015724,2017-05-17T19:54:30.143,0.00016761,0.00015724,0.00014116,BTC-ANT,193,4287,0.00015949,2017-11-07T15:21:10.54,325169.85849906
10,0.0007675,3.13569759,0.00074632,2017-05-02T06:26:32.897,0.00076874,0.00076755,0.000725,BTC-APX,188,1876,0.00075148,2017-11-07T15:21:22.243,4188.33274392
11,2.825e-05,43.85663994,2.792e-05,2016-10-13T18:59:37.407,2.905e-05,2.803e-05,2.687e-05,BTC-ARDR,467,4268,2.717e-05,2017-11-07T15:21:20.087,1553820.25378778
12,0.00036669,289.50032505,0.0003636,2017-03-21T18:11:29.347,0.000378,0.00036352,0.00033723,BTC-ARK,2183,9712,0.000344,2017-11-07T15:21:16.46,802600.93261402
13,8.649e-05,2.00667156,8.51e-05,2014-03-16T22:00:00,8.777e-05,8.51e-05,8.5e-05,BTC-AUR,106,1584,8.711e-05,2017-11-07T15:21:16.367,23361.51452382
14,1.975e-05,99.58771686,1.971e-05,2017-06-03T22:04:53.82,2.05e-05,1.971e-05,1.91e-05,BTC-BAT,661,12942,1.935e-05,2017-11-07T15:21:21.337,4993556.05806789
15,3.87e-06,119.60610359,3.86e-06,2014-11-18T17:34:21.083,4.89e-06,3.87e-06,3.11e-06,BTC-BAY,284,3924,3.28e-06,2017-11-07T15:21:21.18,28987568.85444987
16,0.084798,1964.94520126,0.08468401,2017-08-01T18:34:04.967,0.08989997,0.084798,0.083959,BTC-BCC,3265,12063,0.0892,2017-11-07T15:20:39.43,22920.77391426
17,4.706e-05,11.75344254,4.572e-05,2015-09-10T05:28:20.787,4.799e-05,4.56e-05,4.145e-05,BTC-BCY,129,2896,4.268e-05,2017-11-07T15:21:18.413,265128.88361639
18,3.9e-07,8.79830072,3.8e-07,2015-02-15T23:07:32.777,3.9e-07,3.8e-07,3.6e-07,BTC-BITB,517,5117,3.7e-07,2017-11-07T15:19:10.007,23269692.84258241
19,0.00012248,5.7728954,0.00012061,2014-11-13T20:20:21.443,0.00012586,0.00012001,0.00011603,BTC-BLITZ,143,2610,0.00011955,2017-11-07T15:21:17.68,47842.76875828
20,3.076e-05,21.01545279,3.072e-05,2014-03-14T09:00:00,3.285e-05,3.076e-05,2.916e-05,BTC-BLK,195,4608,3.015e-05,2017-11-07T15:20:24.71,675706.5043442
21,0.002995,30.61397501,0.00292903,2014-10-29T06:45:03.97,0.003,0.003,0.00246868,BTC-BLOCK,265,1507,0.0024747,2017-11-07T15:21:20.65,10891.33822939
22,0.00026171,10.55586169,0.00026083,2017-06-22T21:36:30.85,0.00027499,0.00026171,0.00025519,BTC-BNT,136,3314,0.00025525,2017-11-07T15:19:07.943,39981.01471113
23,2.095e-05,4.16439294,2.069e-05,2016-06-13T02:27:33.34,2.252e-05,2.095e-05,2.026e-05,BTC-BRK,128,2211,2.055e-05,2017-11-07T15:19:37.257,194299.64893162
24,6.962e-05,17.22351327,6.878e-05,2016-07-10T21:25:05.127,7.207e-05,6.874e-05,6.251e-05,BTC-BRX,142,2034,6.706e-05,2017-11-07T15:20:51.523,255933.25646867
25,8.214e-05,7.64701756,8.148e-05,2016-02-17T00:54:23.677,8.6e-05,8.214e-05,8.078e-05,BTC-BSD,188,2037,8.49e-05,2017-11-07T15:18:17.85,91431.98719023
26,0.01761969,8.25750217,0.0175,2014-07-14T06:05:04.567,0.01790817,0.01761969,0.01593002,BTC-BTCD,167,711,0.01784949,2017-11-07T15:20:34.727,480.7676977
27,0.0,63.85828478,0.0,2014-11-24T08:18:16.53,9.98e-06,8.86e-06,8.44e-06,BTC-BTS,229,4558,8.63e-06,2017-11-05T03:45:21.24,6871090.19001538
28,8.3e-07,13.51321944,8.1e-07,2014-09-16T07:41:56.047,8.8e-07,8.3e-07,7.5e-07,BTC-BURST,314,6357,8.2e-07,2017-11-07T15:17:25.287,16659491.88103283
29,0.00015,143.65852103,0.00014902,2014-11-03T19:02:45.96,0.00016843,0.00015,7.455e-05,BTC-BYC,293,1070,7.528e-05,2017-11-07T15:21:21.32,1101138.19886166
30,3.7e-06,24.47371156,3.68e-06,2014-08-10T06:48:44.83,4.49e-06,3.68e-06,3.58e-06,BTC-CANN,258,6248,3.94e-06,2017-11-07T15:15:26.063,6083659.52667576
31,1.278e-05,102.42068224,1.265e-05,2017-06-19T19:59:14.78,1.589e-05,1.278e-05,1.204e-05,BTC-CFI,241,5373,1.26e-05,2017-11-07T15:20:49.96,7293008.93890362
32,0.00068972,7.44449712,0.00068131,2015-04-18T22:04:25.183,0.00072071,0.00068125,0.00064184,BTC-CLAM,235,1467,0.00066003,2017-11-07T15:21:22.133,10802.3876196
33,0.00069271,19.52912154,0.00069147,2014-06-04T08:53:18.563,0.0007666,0.00068299,0.00060111,BTC-CLOAK,316,2869,0.00066596,2017-11-07T15:21:17.68,28737.47988272
34,0.00021451,63.44363061,0.0002145,2015-12-18T00:30:10.31,0.00021878,0.00021451,0.0001996,BTC-CLUB,402,1818,0.00020366,2017-11-07T15:19:46.257,303001.69091221
35,6.9e-07,9.74663184,6.8e-07,2015-01-22T19:11:45.903,7.1e-07,6.9e-07,6.4e-07,BTC-COVAL,302,4726,7e-07,2017-11-07T15:19:42.553,14275160.28142558
36,5.102e-05,19.48171656,5.024e-05,2015-07-25T06:30:32.53,6.187e-05,5.11e-05,5.004e-05,BTC-CPC,110,2775,5.926e-05,2017-11-07T15:21:22.133,347763.57581127
37,5.257e-05,235.46956127,5.18e-05,2017-06-13T19:40:35.203,6.999e-05,5.18e-05,4.328e-05,BTC-CRB,132,2975,4.328e-05,2017-11-07T15:21:21.493,3904359.13478042
38,0.00021003,14.33387587,0.00021,2017-03-06T21:10:15.663,0.00021049,0.00021003,0.0001883,BTC-CRW,193,1647,0.00019789,2017-11-07T15:21:20.65,73014.20494392
39,4.472e-05,87.47732572,4.398e-05,2014-05-13T09:00:00,6.146e-05,4.473e-05,4.23e-05,BTC-CURE,323,2205,5.714e-05,2017-11-07T15:21:21.79,1657682.84832507
40,4.071e-05,141.31378287,4.046e-05,2017-07-16T23:04:18.867,4.18e-05,4.071e-05,3.913e-05,BTC-CVC,834,12005,3.92e-05,2017-11-07T15:19:42.163,3488941.86346059
41,0.03993902,506.35575752,0.03991771,2014-03-11T08:00:00,0.0421155,0.03993902,0.03793357,BTC-DASH,1216,6067,0.03793357,2017-11-07T15:21:21.01,12600.02511694
42,0.00404669,49.89610856,0.00400001,2016-02-09T21:06:51.577,0.0042,0.00401328,0.00379999,BTC-DCR,527,4643,0.00384014,2017-11-07T15:21:22.243,12349.95565868
43,6.015e-05,12.40959206,5.923e-05,2017-06-30T16:35:24.643,6.298e-05,5.92e-05,5.7e-05,BTC-DCT,158,4818,5.999e-05,2017-11-07T15:20:22.757,207858.57925499
44,1.2e-06,236.70176034,1.19e-06,2014-08-20T07:09:57.207,1.27e-06,1.19e-06,1.15e-06,BTC-DGB,963,25420,1.17e-06,2017-11-07T15:20:38.96,195784366.72956368
45,0.0090742,6.15017528,0.00904826,2016-06-14T16:25:12.063,0.00916,0.0090742,0.00856101,BTC-DGD,153,1089,0.00879497,2017-11-07T15:18:09.833,688.61171304
46,0.00119001,41.23841677,0.00118944,2015-05-01T17:31:24.97,0.00144435,0.00119001,0.00089003,BTC-DMD,329,1705,0.00092,2017-11-07T15:21:15.15,36027.89393033
47,5.52e-06,28.25673815,5.42e-06,2017-08-04T02:09:02.873,5.95e-06,5.52e-06,5.28e-06,BTC-DNT,149,1965,5.64e-06,2017-11-07T15:20:13.227,4978577.7621249
48,1.7e-07,30.30600191,1.6e-07,2014-02-13T00:00:00,1.7e-07,1.6e-07,1.5e-07,BTC-DOGE,1646,18021,1.6e-07,2017-11-07T15:19:30.74,184772857.34098116
49,3.01e-06,33.2532218,2.94e-06,2014-10-17T19:09:32.6,3.88e-06,2.9e-06,2.83e-06,BTC-DOPE,286,3390,3.31e-06,2017-11-07T15:21:21.853,10337843.29432038
50,6.079e-05,6.42132842,5.886e-05,2017-04-01T04:06:13.887,6.366e-05,5.916e-05,5.38e-05,BTC-DTB,141,3069,5.43e-05,2017-11-07T15:20:26.663,110784.40374049
51,0.000433,1.65457406,0.00042526,2017-03-23T00:10:19.403,0.0004499,0.00042526,0.000418,BTC-DYN,155,922,0.00041897,2017-11-07T15:01:00.967,3835.54170511
52,1.5e-05,7.54109596,1.48e-05,2016-09-15T15:47:38.92,1.541e-05,1.5e-05,1.425e-05,BTC-EBST,149,4422,1.462e-05,2017-11-07T15:20:01.163,506995.54249638
53,7.8e-05,39.57739236,7.794e-05,2017-04-18T00:56:59.243,7.799e-05,7.794e-05,7.153e-05,BTC-EDG,324,6204,7.396e-05,2017-11-07T15:19:03.96,527806.78024456
54,1.722e-05,1.44563448,1.696e-05,2014-03-20T20:00:00,1.75e-05,1.696e-05,1.626e-05,BTC-EFL,126,1582,1.637e-05,2017-11-07T15:21:06.65,86157.66567627
55,3.17e-05,4.13237369,3.169e-05,2016-01-18T21:01:43.837,3.2e-05,3.169e-05,2.991e-05,BTC-EGC,256,2893,3.143e-05,2017-11-07T15:19:13.57,133649.03984506
56,8.782e-05,70.57014893,8.607e-05,2016-01-06T05:28:04.553,0.00010274,8.609e-05,8.31e-05,BTC-EMC,253,3108,8.401e-05,2017-11-07T15:21:17.04,760595.71923081
57,9.19e-06,113.53678036,9.06e-06,2014-12-24T00:00:00,9.83e-06,9.19e-06,8.28e-06,BTC-EMC2,355,7058,8.44e-06,2017-11-07T15:21:20.9,12685326.37129429
58,1.771e-05,29.6885986,1.724e-05,2014-05-04T00:00:00,2.025e-05,1.771e-05,1.477e-05,BTC-ENRG,260,2283,1.516e-05,2017-11-07T15:20:52.32,1676609.37446789
59,7.996e-05,159.06322091,7.71e-05,2014-05-10T17:00:00,0.0001125,7.704e-05,6.077e-05,BTC-ERC,231,1915,6.075e-05,2017-11-07T15:21:22.057,1824102.64286439
60,0.0019081,573.52079822,0.00190001,2016-07-26T18:10:22.82,0.00206832,0.00190001,0.00189387,BTC-ETC,1054,8259,0.00199002,2017-11-07T15:21:22.023,287259.23227821
61,0.0411339,2885.91127191,0.041035,2015-08-14T09:02:24.817,0.04340655,0.041035,0.04021202,BTC-ETH,3909,20244,0.04126,2017-11-07T15:21:15.307,68644.46752194
62,0.0001725,6.45138186,0.00017249,2014-09-28T20:33:27.633,0.00019657,0.00017249,0.00016702,BTC-EXCL,203,1515,0.00019195,2017-11-07T15:14:47.67,36219.80432033
63,0.00025336,45.80310006,0.00025002,2015-09-16T17:10:15.253,0.00029499,0.00025002,0.00024083,BTC-EXP,187,4166,0.00024589,2017-11-07T15:21:15.96,173460.2312783
64,0.00011997,1.65903971,0.00011802,2014-12-12T19:51:07.703,0.000124,0.00011997,0.00011504,BTC-FAIR,241,931,0.0001229,2017-11-07T15:20:07.693,13646.68484375
65,0.00244991,201.6685386,0.00238768,2016-01-09T03:47:07.803,0.00248,0.00238767,0.00200007,BTC-FCT,606,3857,0.00201067,2017-11-07T15:21:21.82,89633.32734961
66,1.48e-06,13.03465276,1.47e-06,2015-02-23T23:01:53.92,1.57e-06,1.47e-06,1.44e-06,BTC-FLDC,289,3723,1.47e-06,2017-11-07T15:13:29.403,8678898.07661867
67,1.208e-05,14.76720512,1.189e-05,2015-03-11T05:43:30.193,1.272e-05,1.206e-05,1.052e-05,BTC-FLO,192,2385,1.068e-05,2017-11-07T15:21:08.617,1278518.72376145
68,1.609e-05,145.97187593,1.6e-05,2014-02-13T00:00:00,1.702e-05,1.607e-05,1.345e-05,BTC-FTC,954,5271,1.664e-05,2017-11-07T15:20:46.29,9319935.39926671
69,2.21e-06,109.51745686,2.15e-06,2017-07-04T18:45:47.13,2.3e-06,2.21e-06,1.96e-06,BTC-FUN,252,6194,2.12e-06,2017-11-07T15:21:16.29,50126128.58010938
70,0.00101869,1.40911816,0.00099514,2015-05-05T22:38:44.963,0.0010189,0.00099489,0.00093348,BTC-GAM,107,829,0.00095202,2017-11-07T15:21:21.617,1426.900277
71,0.000235,66.98719377,0.00023454,2015-04-08T04:09:53.013,0.00024778,0.00023454,0.00022714,BTC-GAME,249,5383,0.00023302,2017-11-07T15:20:50.413,284039.29290272
72,1.538e-05,22.08396973,1.52e-05,2017-02-12T00:38:21.023,1.7e-05,1.53e-05,1.44e-05,BTC-GBG,171,2925,1.441e-05,2017-11-07T15:18:57.57,1383639.01000699
73,0.02334162,87.6463458,0.02285624,2017-04-13T20:46:39.83,0.0253,0.0234,0.02070022,BTC-GBYTE,317,3569,0.02135522,2017-11-07T15:19:58.68,3721.82812113
74,6.76e-06,21.82211301,6.63e-06,2015-08-24T00:25:28.933,8.24e-06,6.63e-06,6.46e-06,BTC-GCR,91,3988,6.51e-06,2017-11-07T15:21:15.07,2936435.59546805
75,0.00014109,7.96257012,0.00013841,2015-02-21T03:29:43.267,0.00014905,0.00013841,0.00013503,BTC-GEO,232,2681,0.00013738,2017-11-07T15:21:18.65,56292.86519886
76,2.1e-05,4.7557659,2.054e-05,2014-03-22T16:00:00,2.152e-05,2.1e-05,1.919e-05,BTC-GLD,274,2204,1.973e-05,2017-11-07T15:21:19.29,234986.24092194
77,0.00861877,10.24305528,0.00850144,2017-04-28T02:43:12,0.0087571,0.00861927,0.00837988,BTC-GNO,156,2293,0.00845104,2017-11-07T15:21:18.057,1193.79851404
78,2.7e-05,114.97234349,2.688e-05,2017-04-17T21:35:59.26,2.8e-05,2.689e-05,2.567e-05,BTC-GNT,504,10550,2.654e-05,2017-11-07T15:20:51.727,4272431.359489
79,1.63e-05,6.49204007,1.612e-05,2017-01-19T23:23:12.41,1.658e-05,1.63e-05,1.54e-05,BTC-GOLOS,190,2137,1.571e-05,2017-11-07T15:15:12.563,406632.76814188
80,5.68e-06,7.93668208,5.6e-06,2015-02-27T19:57:02.82,5.69e-06,5.69e-06,5.08e-06,BTC-GRC,241,3577,5.19e-06,2017-11-07T15:20:22.883,1468482.30615318
81,9.124e-05,1227.11789067,9.041e-05,2014-04-03T05:00:00,0.0001085,9.042e-05,8.7e-05,BTC-GRS,1788,5277,9.411e-05,2017-11-07T15:21:19.227,12554945.44059327
82,2.137e-05,91.72651157,2.133e-05,2017-04-29T18:08:12.39,2.711e-05,2.14e-05,1.868e-05,BTC-GUP,210,3636,1.93e-05,2017-11-07T15:21:17.993,4125139.59832406
83,1.24e-05,41.5256367,1.217e-05,2017-05-10T00:02:47.373,1.395e-05,1.24e-05,1.2e-05,BTC-HMQ,179,4047,1.234e-05,2017-11-07T15:21:16.383,3198565.35440756
84,2.142e-05,3.08929863,2.141e-05,2017-04-04T21:20:51.083,2.209e-05,2.142e-05,2.093e-05,BTC-INCNT,129,2709,2.182e-05,2017-11-07T05:43:44.113,142340.20175623
85,9.479e-05,3.80754727,9.111e-05,2015-10-03T20:41:41.403,9.535e-05,9.479e-05,8.904e-05,BTC-INFX,178,1548,9.016e-05,2017-11-07T15:21:21.383,41112.8627916
86,0.00035251,101.59183732,0.00035,2014-07-29T16:57:43.787,0.0004897,0.00035,0.0003,BTC-IOC,212,1937,0.00031401,2017-11-07T15:21:21.21,254616.40479091
87,0.00015065,6.24718126,0.00015004,2017-02-18T23:41:17.04,0.000152,0.00015126,0.00014226,BTC-ION,191,2177,0.00015157,2017-11-07T15:21:22.29,42176.47904518
88,0.00031804,55.00755874,0.00031767,2016-12-22T00:54:23.477,0.00033399,0.00031776,0.00029,BTC-IOP,356,5662,0.00030956,2017-11-07T15:21:18.447,173177.49308534
89,0.00038449,548.367912,0.0003837,2017-02-11T23:04:01.853,0.00040898,0.0003837,0.00036,BTC-KMD,1579,6584,0.00038238,2017-11-07T15:21:16.633,1429708.92427061
90,0.000495,20.52865152,0.00049316,2014-06-17T05:46:29.303,0.00053644,0.0004991,0.000475,BTC-KORE,264,2434,0.00050101,2017-11-07T15:17:09.393,40450.38820282
91,2.2e-05,30.90122987,2.173e-05,2016-07-05T21:50:07.81,2.219e-05,2.16e-05,1.995e-05,BTC-LBC,385,8895,1.997e-05,2017-11-07T15:20:29.6,1441816.87911363
92,0.00012796,122.3711736,0.00012682,2017-04-18T07:37:41.3,0.00014325,0.00012797,0.00011561,BTC-LGD,418,5379,0.00013606,2017-11-07T15:21:17.367,931624.62142257
93,6.3e-06,19.42461914,6.23e-06,2017-02-18T23:55:53.153,6.44e-06,6.23e-06,6.06e-06,BTC-LMC,205,5450,6.19e-06,2017-11-07T15:20:11.43,3135930.62246709
94,0.00067132,350.64378755,0.00067076,2016-05-24T18:49:52.77,0.0007,0.00067132,0.00062458,BTC-LSK,1787,8427,0.00062954,2017-11-07T15:21:21.337,531208.09602084
95,0.00813,1136.40125392,0.00812324,2014-02-13T00:00:00,0.0083,0.00814302,0.0076,BTC-LTC,2475,13220,0.007638,2017-11-07T15:21:18.493,143919.60273504
96,0.00070509,10.95188378,0.0007,2017-04-30T16:57:03.27,0.00072739,0.0007,0.00065,BTC-LUN,164,4096,0.00065,2017-11-07T15:13:42.903,15824.08647219
97,5.303e-05,53.56787975,5.272e-05,2016-01-18T20:38:22.707,5.5e-05,5.303e-05,4.603e-05,BTC-MAID,334,3907,4.67e-05,2017-11-07T15:21:18.96,1056316.99269131
98,1.8e-06,17.14619421,1.78e-06,2017-10-13T23:32:02.993,1.85e-06,1.78e-06,1.61e-06,BTC-MANA,177,2482,1.6e-06,2017-11-07T15:16:29.3,9877722.15668018
99,0.00081669,225.52371031,0.000815,2017-07-02T00:37:16.957,0.00086821,0.000815,0.00078754,BTC-MCO,481,10142,0.000804,2017-11-07T15:21:22.477,271303.78528017
100,3.218e-05,383.57725834,3.2e-05,2016-04-01T18:24:07.207,4.34e-05,3.2e-05,2.843e-05,BTC-MEME,329,1798,3.596e-05,2017-11-07T15:20:56.18,10596482.62438524
101,0.008178,13.66728409,0.00800019,2017-03-15T19:30:56.167,0.00864404,0.008178,0.00762766,BTC-MLN,112,1498,0.0085005,2017-11-07T15:21:16.663,1695.78720082
102,0.00037339,57.31034168,0.000373,2014-04-18T22:00:00,0.00038239,0.00037339,0.000362,BTC-MONA,469,3826,0.0003735,2017-11-07T15:21:10.383,154833.59639504
103,0.00070978,194.33586021,0.00070408,2017-07-08T14:59:57.34,0.00077616,0.00070978,0.00067144,BTC-MTL,536,6217,0.00068099,2017-11-07T15:19:48.913,270433.6816726
104,1.48e-05,14.66416514,1.431e-05,2015-04-09T17:31:31.113,1.65e-05,1.411e-05,1.401e-05,BTC-MUE,218,3074,1.456e-05,2017-11-07T15:21:22.413,986485.42659216
105,1.99e-06,36.65855521,1.98e-06,2017-03-27T19:59:13.073,2.52e-06,1.99e-06,1.86e-06,BTC-MUSIC,284,9390,1.88e-06,2017-11-07T15:12:42.497,17480647.2899541
106,8.502e-05,4.09632757,8.5e-05,2017-06-19T19:13:43.73,8.84e-05,8.502e-05,8.5e-05,BTC-MYST,156,3694,8.501e-05,2017-11-07T15:16:15.923,47751.77900405
107,0.000109,77.88773101,0.00010892,2014-07-08T03:37:28.39,0.00011375,0.000109,0.0001059,BTC-NAV,555,5193,0.0001055,2017-11-07T15:18:44.96,709002.58014664
108,0.00014149,24.42894232,0.00014012,2015-04-08T03:57:37.33,0.000144,0.00014149,0.00013634,BTC-NBT,46,1774,0.00013697,2017-11-07T15:18:13.473,174172.31577885
109,0.003723,1146.08640196,0.00372093,2016-10-26T01:28:31.96,0.00382043,0.00372093,0.003604,BTC-NEO,4859,27677,0.003625,2017-11-07T15:21:14.523,309520.79230338
110,0.000327,7.24341785,0.000326,2014-08-20T00:06:59.63,0.0003435,0.0003275,0.00031456,BTC-NEOS,261,2042,0.0003435,2017-11-07T15:18:47.223,22286.77907113
111,1.349e-05,26.95027345,1.326e-05,2014-04-04T22:00:00,1.419e-05,1.325e-05,1.196e-05,BTC-NLG,267,3304,1.228e-05,2017-11-07T15:21:19.493,2037026.25036697
112,0.00150999,16.07779612,0.0015,2017-06-22T21:58:57.657,0.0016,0.00150999,0.00147258,BTC-NMR,149,4355,0.00149,2017-11-07T15:21:07.557,10551.24727328
113,2.736e-05,19.80715306,2.69e-05,2017-04-17T22:51:08.97,2.929e-05,2.716e-05,2.557e-05,BTC-NXC,102,3819,2.787e-05,2017-11-07T15:21:17.57,717729.68673711
114,0.00013652,24.92462533,0.00013599,2015-01-25T03:00:35.143,0.0001419,0.000136,0.00012792,BTC-NXS,523,4201,0.000128,2017-11-07T15:21:21.9,183787.57532624
115,8.13e-06,44.12669054,8.1e-06,2014-03-03T09:00:00,8.27e-06,8.13e-06,7.87e-06,BTC-NXT,349,8428,7.93e-06,2017-11-07T15:20:17.693,5442919.0277565
116,3.493e-05,141.92505804,3.472e-05,2015-05-30T19:26:37.523,3.749e-05,3.493e-05,3.451e-05,BTC-OK,969,10305,3.531e-05,2017-11-07T15:20:01.21,3977657.35706957
117,0.00088968,946.93227033,0.00088482,2017-07-16T17:07:42.313,0.00096103,0.00088968,0.00086968,BTC-OMG,2337,17606,0.000878,2017-11-07T15:21:15.29,1029615.17556986
118,0.00334785,12.71950446,0.00330167,2015-11-03T19:13:33.197,0.00335788,0.00334788,0.00296994,BTC-OMNI,336,2313,0.00297006,2017-11-07T15:20:24.273,3992.00388157
119,0.00121955,28.4047255,0.00119488,2017-07-20T18:19:07.157,0.00124999,0.00119488,0.00111,BTC-PART,267,1899,0.00112254,2017-11-07T15:21:21.617,23976.11573335
120,0.00023114,240.35313816,0.00022914,2017-07-07T07:14:00.793,0.00024348,0.00023125,0.00021661,BTC-PAY,997,14533,0.00021661,2017-11-07T15:21:22.477,1044960.91738956
121,1.74e-05,11.65947765,1.721e-05,2016-06-02T04:39:35.21,1.774e-05,1.72e-05,1.435e-05,BTC-PDC,200,2402,1.469e-05,2017-11-07T15:21:22.057,719837.30331647
122,3.27e-06,34.27946192,3.25e-06,2014-07-29T07:41:09.4,3.53e-06,3.27e-06,3e-06,BTC-PINK,251,2923,3.22e-06,2017-11-07T15:20:15.49,10326664.44185094
123,0.00040577,178.20767226,0.00040202,2016-03-02T20:45:37.987,0.00043595,0.00040202,0.000395,BTC-PIVX,907,6513,0.00043367,2017-11-07T15:21:12.93,435196.66948243
124,6.897e-05,26.76403245,6.725e-05,2015-06-03T06:31:14.35,7.864e-05,6.723e-05,6.65e-05,BTC-PKB,320,2562,7.001e-05,2017-11-07T15:20:33.867,374138.77851604
125,1.727e-05,1015.17332308,1.72e-05,2014-03-11T08:00:00,2.692e-05,1.727e-05,1.7e-05,BTC-POT,713,4170,2.5e-05,2017-11-07T15:21:20.76,46326344.89734123
126,0.0001873,5.32753698,0.00018719,2014-02-13T00:00:00,0.00019217,0.0001873,0.00018262,BTC-PPC,174,2795,0.00018401,2017-11-07T15:17:50.723,28493.85451522
127,4.7e-06,3.39855742,4.65e-06,2014-03-27T18:00:00,4.87e-06,4.63e-06,4.46e-06,BTC-PTC,216,2463,4.78e-06,2017-11-07T15:20:34.147,730207.13486162
128,2.157e-05,84.53271296,2.144e-05,2017-06-18T17:04:24.1,2.59e-05,2.157e-05,2.027e-05,BTC-PTOY,375,6640,2.06e-05,2017-11-07T15:21:18.993,3660930.95403117
129,8.482e-05,7.08732493,8.354e-05,2017-06-10T00:01:39.293,8.613e-05,8.482e-05,8.101e-05,BTC-QRL,339,3518,8.1e-05,2017-11-07T15:21:10.493,84850.37557643
130,0.00149969,745.39439759,0.00148713,2017-07-20T19:08:43.473,0.00155801,0.00149969,0.00142935,BTC-QTUM,895,11884,0.00144429,2017-11-07T15:21:21.82,499237.136819
131,1.88e-05,37.42975231,1.867e-05,2017-03-05T19:30:16.853,2.135e-05,1.88e-05,1.88e-05,BTC-QWARK,243,5218,2.1e-05,2017-11-07T15:21:21.023,1855892.45934689
132,0.00045451,11.28923077,0.00044104,2016-01-26T23:22:16.193,0.00047099,0.00044098,0.00041861,BTC-RADS,119,2032,0.0004266,2017-11-07T15:21:22.32,25596.70111789
133,9.93e-05,10.72124452,9.818e-05,2014-04-05T08:00:00,0.00010556,9.928e-05,9.529e-05,BTC-RBY,1597,6047,9.614e-05,2017-11-07T15:18:45.85,107271.14517782
134,1.6e-07,60.90456116,1.5e-07,2014-02-25T09:00:00,1.6e-07,1.6e-07,1.4e-07,BTC-RDD,1264,18137,1.5e-07,2017-11-07T15:16:07.893,393829972.11407965
135,0.00245945,53.05353893,0.00243006,2016-10-04T15:45:37.14,0.00278,0.00243006,0.00228094,BTC-REP,177,1852,0.00231834,2017-11-07T15:21:22.023,21181.74849377
136,3.504e-05,102.48571431,3.498e-05,2016-06-24T17:00:00.043,3.65e-05,3.515e-05,3.396e-05,BTC-RISE,532,5694,3.456e-05,2017-11-07T15:20:18.647,2919484.78032335
137,7.398e-05,15.38592761,7.32e-05,2017-04-27T00:20:33.857,7.861e-05,7.314e-05,7.3e-05,BTC-RLC,186,3582,7.586e-05,2017-11-07T15:21:14.76,203865.69790542
138,1.23e-06,138.15345821,1.2e-06,2016-02-13T22:14:21.14,1.43e-06,1.23e-06,1.14e-06,BTC-SAFEX,511,6404,1.17e-06,2017-11-07T15:21:18.227,109044153.81350905
139,0.00041398,377.25438161,0.00041304,2017-10-16T17:32:48.777,0.00044108,0.00041304,0.00037993,BTC-SALT,579,1971,0.00037965,2017-11-07T15:21:18.43,931967.4820439
140,0.00014163,7.90153128,0.0001405,2016-07-09T19:02:08.943,0.000143,0.00014199,0.00013207,BTC-SBD,113,1844,0.00013206,2017-11-07T15:21:07.493,56877.14088959
141,5.3e-07,127.54891883,5.2e-07,2017-05-22T21:30:29.16,5.4e-07,5.2e-07,4.8e-07,BTC-SC,1121,26982,4.9e-07,2017-11-07T15:21:12.993,245707777.80069572
142,1.754e-05,20.97787769,1.722e-05,2016-09-23T07:10:11.78,1.91e-05,1.721e-05,1.651e-05,BTC-SEQ,145,1719,1.69e-05,2017-11-07T15:21:05.43,1146857.80839883
143,0.0001425,7.9370761,0.00014105,2016-10-11T19:48:35.573,0.00014984,0.00014105,0.000135,BTC-SHIFT,147,2380,0.00014379,2017-11-07T15:21:00.74,55733.91148312
144,0.000153,4.13157839,0.00015013,2017-02-18T22:34:49.373,0.000155,0.00015013,0.00014507,BTC-SIB,124,2419,0.00014695,2017-11-07T15:18:37.083,27415.48920523
145,4.951e-05,34.71604923,4.822e-05,2014-03-23T06:00:00,5.274e-05,4.834e-05,3.88e-05,BTC-SLR,284,1977,3.9e-05,2017-11-07T15:21:19.07,757553.60137138
146,0.00195238,10.88908195,0.00191244,2016-01-20T22:24:04.65,0.00204572,0.00197976,0.00171,BTC-SLS,205,1747,0.0017849,2017-11-07T15:21:16.413,5757.76574433
147,2.699e-05,456.06370416,2.695e-05,2016-10-02T22:16:04.773,3.653e-05,2.699e-05,2.113e-05,BTC-SNGLS,373,1963,2.201e-05,2017-11-07T15:21:22.353,15552411.55077461
148,0.00021827,17.03665504,0.00021755,2015-06-03T06:27:04.623,0.000237,0.00021827,0.000185,BTC-SNRG,286,1686,0.00019431,2017-11-07T15:21:21.087,83961.71706971
149,4.25e-06,96.50972808,4.24e-06,2017-06-28T18:26:15.73,4.33e-06,4.24e-06,4.08e-06,BTC-SNT,374,10245,4.17e-06,2017-11-07T15:21:20.82,22948973.74620816
150,0.0003972,6.62538964,0.00039002,2015-05-18T22:45:47.093,0.00040013,0.00039002,0.00037988,BTC-SPHR,137,1303,0.00038211,2017-11-07T15:21:08.383,17017.86787657
151,4.384e-05,14.64848609,4.309e-05,2014-12-19T02:33:07.747,4.595e-05,4.307e-05,4.101e-05,BTC-SPR,256,3405,4.299e-05,2017-11-07T15:21:18.273,337889.01669267
152,6.27e-06,13.9680504,6.11e-06,2014-06-14T07:09:15.327,7.21e-06,6.11e-06,6.1e-06,BTC-START,345,5896,6.88e-06,2017-11-07T15:20:11.54,2129466.96914045
153,0.00012297,74.64843989,0.0001225,2016-04-17T01:22:13.35,0.00013,0.00012297,0.00011906,BTC-STEEM,484,7650,0.00012008,2017-11-07T15:20:21.32,602121.055781
154,7.26e-05,152.51840599,7.203e-05,2017-07-11T21:14:32.643,7.41e-05,7.26e-05,6.464e-05,BTC-STORJ,619,6698,6.615e-05,2017-11-07T15:21:21.663,2175427.00061372
155,0.00042056,335.11371582,0.00042045,2016-08-10T23:26:39.657,0.00044732,0.00042052,0.00041003,BTC-STRAT,1693,22231,0.00042469,2017-11-07T15:21:12.26,782526.5871693
156,0.00015358,51.21170843,0.0001535,2014-10-03T19:16:23.143,0.0001885,0.0001535,0.00014304,BTC-SWIFT,186,2004,0.00014457,2017-11-07T15:19:31.583,300675.17309244
157,0.00017446,6.53964152,0.00017415,2017-03-08T22:32:26.03,0.000179,0.00017415,0.00015394,BTC-SWT,117,1739,0.00017511,2017-11-07T15:11:23.713,38901.01591131
158,3.397e-05,37.79110456,3.352e-05,2016-08-25T21:23:15.27,3.709e-05,3.352e-05,3.253e-05,BTC-SYNX,181,2415,3.31e-05,2017-11-07T15:21:18.743,1099969.39793181
159,2.836e-05,158.33457467,2.835e-05,2014-08-16T19:57:48.823,2.892e-05,2.836e-05,2.732e-05,BTC-SYS,920,8207,2.745e-05,2017-11-07T15:19:06.77,5587655.07359378
160,2.33e-06,246.99346041,2.3e-06,2014-04-29T21:00:00,3.66e-06,2.33e-06,2.22e-06,BTC-THC,476,3985,3.35e-06,2017-11-07T15:21:19.697,85633112.695816
161,0.0033454,2.88578213,0.00329715,2017-03-09T00:44:08.673,0.00336982,0.00334542,0.0032935,BTC-TIME,127,1584,0.00330242,2017-11-07T15:21:05.96,872.15357799
162,2.493e-05,26.74229824,2.432e-05,2017-10-25T21:01:08.287,2.739e-05,2.495e-05,2.413e-05,BTC-TIX,128,2277,2.489e-05,2017-11-07T15:21:19.04,1047332.52405895
163,0.00014896,23.9970161,0.000146,2017-05-08T17:09:34.91,0.00016,0.00014898,0.00014546,BTC-TKN,174,3433,0.00015292,2017-11-07T15:21:20.227,158763.40043865
164,0.00025853,28.07444551,0.00025099,2017-03-23T00:48:15.94,0.000285,0.00025871,0.00022098,BTC-TKS,161,1464,0.00022526,2017-11-07T15:21:21.947,110034.89944399
165,8.339e-05,127.9344901,8.25e-05,2016-09-08T05:59:08.183,8.909e-05,8.24e-05,7.803e-05,BTC-TRIG,457,8790,8.221e-05,2017-11-07T15:21:13.71,1521097.48430242
166,3.446e-05,18.74081968,3.404e-05,2017-04-19T04:53:43.893,3.68e-05,3.446e-05,3.328e-05,BTC-TRST,250,3723,3.375e-05,2017-11-07T15:17:52.427,534122.9214385
167,1.696e-05,33.64195925,1.655e-05,2014-07-07T05:46:18.71,1.986e-05,1.656e-05,1.471e-05,BTC-TRUST,287,2088,1.556e-05,2017-11-07T15:21:16.243,1919429.81943885
168,0.00029312,30.66565189,0.000289,2015-09-02T08:02:54.3,0.00030598,0.00029,0.0002851,BTC-TX,386,803,0.00029,2017-11-07T15:21:14.18,103988.25174718
169,0.0001602,34.39471813,0.00016,2017-02-08T17:00:59.02,0.000165,0.00016,0.00014746,BTC-UBQ,639,7534,0.00015099,2017-11-07T15:18:42.053,219544.8071835
170,3.88e-05,4.29206222,3.822e-05,2016-08-24T21:39:28.357,3.949e-05,3.879e-05,3.581e-05,BTC-UNB,145,1624,3.727e-05,2017-11-07T15:18:41.91,114194.71228306
171,0.00021115,57.9600767,0.00020904,2014-07-18T00:20:00.393,0.00022,0.00021115,0.0002056,BTC-VIA,474,3266,0.00021173,2017-11-07T15:19:42.897,274151.15270294
172,5.69e-06,44.88513029,5.6e-06,2015-12-30T04:21:47.31,6.49e-06,5.64e-06,5.26e-06,BTC-VOX,264,5945,5.9e-06,2017-11-07T15:21:18.93,7680323.27840133
173,7.61e-05,109.04291003,7.575e-05,2014-05-13T07:00:00,8.7e-05,7.575e-05,7.044e-05,BTC-VRC,497,2563,8.028e-05,2017-11-07T15:21:15.383,1377272.33801905
174,0.0004341,7.82389905,0.00042538,2016-09-16T04:52:17.637,0.00044711,0.0004341,0.00040502,BTC-VRM,214,1508,0.00041502,2017-11-07T15:19:30.35,18289.5936927
175,0.00050667,957.98616735,0.0005043,2014-02-13T00:00:00,0.00054695,0.0005043,0.00047569,BTC-VTC,2953,8545,0.00052067,2017-11-07T15:21:22.43,1864561.99761007
176,2.997e-05,55.68852416,2.996e-05,2014-12-19T02:33:10.943,3.304e-05,2.996e-05,2.441e-05,BTC-VTR,244,1968,2.513e-05,2017-11-07T15:21:11.477,1925859.35424584
177,0.00052035,351.26519258,0.00051818,2016-06-19T15:46:31.167,0.0005321,0.00052034,0.00046,BTC-WAVES,1264,11421,0.00049105,2017-11-07T15:21:13.913,694433.44892245
178,5.238e-05,12.78985649,5.182e-05,2017-04-26T22:34:24.49,5.544e-05,5.237e-05,5.09e-05,BTC-WINGS,136,5104,5.202e-05,2017-11-07T15:21:22.29,239589.7060579
179,2.54e-05,4.56053736,2.499e-05,2016-09-25T00:15:16.103,2.54e-05,2.54e-05,2.426e-05,BTC-XAUR,81,1437,2.475e-05,2017-11-07T15:19:41.63,183423.18496247
180,0.00173419,35.68886025,0.00173307,2015-02-14T04:20:41,0.00185,0.00173522,0.00155331,BTC-XCP,420,3449,0.00157631,2017-11-07T15:21:13.837,20449.45875788
181,3.2e-07,12.25811411,3.1e-07,2014-06-21T18:37:57.64,3.3e-07,3.2e-07,3e-07,BTC-XDN,623,6592,3.2e-07,2017-11-07T15:15:45.237,38856609.66240759
182,3.964e-05,185.64164864,3.882e-05,2017-07-01T17:38:44.883,4.921e-05,3.968e-05,3.746e-05,BTC-XEL,345,7192,3.755e-05,2017-11-07T15:21:22.057,4350929.29196208
183,2.559e-05,240.04715367,2.54e-05,2015-04-10T21:06:00.043,2.689e-05,2.541e-05,2.393e-05,BTC-XEM,1146,12024,2.54e-05,2017-11-07T15:21:05.93,9431737.55322424
184,4.36e-06,1124.45430915,4.32e-06,2015-11-17T20:06:44.92,4.8e-06,4.32e-06,3.75e-06,BTC-XLM,1681,15707,3.79e-06,2017-11-07T15:21:20.04,260401334.9390926
185,3.257e-05,9.02785455,3.228e-05,2014-11-10T06:25:07.533,3.65e-05,3.257e-05,3.205e-05,BTC-XMG,306,2278,3.55e-05,2017-11-07T15:19:51.46,261140.42912222
186,0.01368218,1025.30936136,0.01359801,2014-06-04T07:38:39.24,0.014997,0.01366901,0.0129,BTC-XMR,1522,7159,0.01298688,2017-11-07T15:21:22.023,73822.90968027
187,4.1e-07,22.7802628,4e-07,2014-03-15T08:00:00,4.5e-07,4e-07,3.7e-07,BTC-XMY,440,4811,3.7e-07,2017-11-07T15:15:51.83,55556261.46553636
188,2.89e-05,983.42373476,2.882e-05,2014-12-22T19:30:27.45,2.931e-05,2.89e-05,2.773e-05,BTC-XRP,2317,26554,2.785e-05,2017-11-07T15:21:17.01,34460358.93005581
189,2.346e-05,17.05764711,2.278e-05,2014-07-09T20:33:00.59,2.535e-05,2.342e-05,2.171e-05,BTC-XST,220,1343,2.241e-05,2017-11-07T15:21:20.023,721276.9699218
190,0.00012741,435.18545129,0.000125,2016-03-12T19:37:38.863,0.00018694,0.00012741,0.00012409,BTC-XVC,630,3036,0.00017738,2017-11-07T15:21:16.273,2785405.83813656
191,1.06e-06,2188.45465307,1.05e-06,2016-02-17T22:42:03.61,1.31e-06,1.05e-06,9.5e-07,BTC-XVG,3327,16338,1.3e-06,2017-11-07T15:21:06.68,1962852377.1221445
192,7.13e-06,33.51031232,7.03e-06,2014-04-14T00:00:00,8e-06,7.11e-06,6.71e-06,BTC-XWC,488,1439,7.75e-06,2017-11-07T15:21:13.57,4412159.99390439
193,0.00211973,117.33166575,0.00211403,2016-10-20T04:48:30.387,0.00228,0.00211946,0.002054,BTC-XZC,925,3709,0.00207914,2017-11-07T15:21:22.51,54195.04186192
194,0.00025499,18.63475927,0.0002546,2016-11-15T20:29:59.73,0.000255,0.0002546,0.00023303,BTC-ZCL,214,5201,0.00023798,2017-11-07T15:21:10.15,76536.14347595
195,0.033,318.44879559,0.03293125,2016-10-28T17:13:10.833,0.03382818,0.03293125,0.03129139,BTC-ZEC,942,11386,0.03129128,2017-11-07T15:20:43.32,9774.98419337
196,0.00291,153.85609251,0.00289359,2017-06-05T16:39:49.07,0.0031,0.00289359,0.002819,BTC-ZEN,1684,4452,0.00295,2017-11-07T15:21:08.087,52477.6713146
197,0.00123258,476.76250557,0.00119253,2017-06-11T17:33:06.127,0.00172,0.00123357,0.00103153,ETH-1ST,111,337,0.00108472,2017-11-07T15:21:20.43,350264.6558387
198,6.655e-05,78.0536637,6.526e-05,2017-07-03T21:08:06.22,7.34e-05,6.655e-05,6.31e-05,ETH-ADT,68,537,6.447e-05,2017-11-07T15:21:13.71,1167378.99475623
199,0.00303944,616.15134638,0.00303682,2017-07-11T22:42:17.78,0.0033389,0.00303945,0.00289343,ETH-ADX,184,572,0.00302962,2017-11-07T15:21:20.337,196965.78715158
200,0.0038236,246.89164869,0.00376023,2017-05-19T15:55:11.293,0.00399598,0.00387865,0.00330006,ETH-ANT,86,411,0.00399666,2017-11-07T15:21:15.807,68201.02243217
201,0.00048697,157.6909009,0.00048188,2017-06-03T22:04:52.38,0.000487,0.00048188,0.00046003,ETH-BAT,181,1085,0.00046553,2017-11-07T15:21:05.493,332915.35202669
202,2.0699987,2948.000799,2.049494,2017-08-01T18:34:04.763,2.1878999,2.06999871,1.96000003,ETH-BCC,437,447,2.18789988,2017-11-07T15:21:21.51,1449.39274253
203,0.00640899,105.54652462,0.00630195,2017-06-22T21:36:30.867,0.00640899,0.00640763,0.00621213,ETH-BNT,69,411,0.00624048,2017-11-07T15:21:22.493,16850.66253048
204,0.0,26.34440146,0.0,2017-08-04T18:01:27.853,0.00017062,0.00015172,0.00013,ETH-BTS,74,212,0.00014932,2017-11-05T03:48:43.87,175120.1443082
205,0.00031239,165.05902264,0.00030588,2017-06-19T19:59:14.89,0.00037576,0.00030588,0.00029,ETH-CFI,103,434,0.00030476,2017-11-07T15:21:02.867,503569.08461426
206,0.00127347,172.90252109,0.00121485,2017-06-13T19:40:35.217,0.00164498,0.0013,0.0010229,ETH-CRB,60,178,0.00104351,2017-11-07T15:21:22.353,128246.23107182
207,0.0009943,391.09836407,0.0009805,2017-07-16T23:04:18.99,0.00099398,0.0009805,0.00092,ETH-CVC,186,1020,0.000951,2017-11-07T15:17:01.223,405282.43835333
208,0.98928437,395.34251521,0.974,2017-07-14T17:10:05.143,0.99999999,0.97958872,0.909009,ETH-DASH,133,224,0.91999959,2017-11-07T15:21:22.51,412.02752077
209,2.941e-05,130.70812707,2.891e-05,2017-08-04T18:01:27.777,2.952e-05,2.896e-05,2.754e-05,ETH-DGB,77,596,2.831e-05,2017-11-07T15:21:18.867,4512331.04280851
210,0.22698439,11.04515306,0.21702894,2016-06-17T18:51:39.087,0.22699978,0.22699928,0.20593881,ETH-DGD,67,193,0.20925303,2017-11-07T15:21:18.743,52.10772773
211,0.00013694,89.54983608,0.00013205,2017-08-04T02:09:02.887,0.0001463,0.00013503,0.00012835,ETH-DNT,60,374,0.00013647,2017-11-07T15:21:17.46,659931.04622392
212,0.04656334,883.56200099,0.04640255,2016-07-28T21:45:59.05,0.04903002,0.0464998,0.04615162,ETH-ETC,191,1032,0.04832536,2017-11-07T15:21:13.913,18610.20934707
213,0.05913302,168.81312158,0.05700021,2017-08-04T18:01:27.853,0.05976,0.05687787,0.04755237,ETH-FCT,72,172,0.04781535,2017-11-07T15:21:18.65,3176.79438605
214,5.313e-05,140.80024222,5.113e-05,2017-07-04T18:45:47.143,5.443e-05,5.313e-05,4.7e-05,ETH-FUN,104,835,5.103e-05,2017-11-07T15:21:05.273,2715658.88920082
215,0.20845725,4.88571367,0.20491133,2017-04-30T18:42:52.17,0.2112,0.20846403,0.19999938,ETH-GNO,65,263,0.21086854,2017-11-07T15:21:16.4,23.95994987
216,0.00066315,593.78976304,0.000654,2017-04-20T06:38:51.877,0.00066222,0.00066222,0.00061599,ETH-GNT,213,1419,0.000642,2017-11-07T15:21:17.93,932995.31178734
217,0.00052464,259.10467222,0.0005169,2017-04-30T18:40:42.213,0.000634,0.0005169,0.0004512,ETH-GUP,70,222,0.0004656,2017-11-07T15:21:22.04,513666.4479675
218,0.00031752,77.71055167,0.00030024,2017-05-10T07:27:27.597,0.00033111,0.00030632,0.00028302,ETH-HMQ,69,293,0.00029449,2017-11-07T15:21:21.493,257094.01800698
219,0.0030973,187.79931529,0.0030347,2017-06-17T15:02:02.783,0.00356244,0.0030973,0.00276021,ETH-LGD,78,327,0.00334832,2017-11-07T15:21:20.837,61553.73257947
220,0.199,1041.93494589,0.19899998,2017-06-25T03:06:46.83,0.19998348,0.19899998,0.18100002,ETH-LTC,309,531,0.18519999,2017-11-07T15:21:22.477,5481.98580224
221,0.01715141,55.40151541,0.01681164,2017-04-30T18:41:22.84,0.01715166,0.01715166,0.01580807,ETH-LUN,62,283,0.01591477,2017-11-07T15:21:21.867,3395.07812865
222,4.397e-05,40.50933897,4.301e-05,2017-10-13T23:32:03.027,4.525e-05,4.3e-05,3.867e-05,ETH-MANA,72,223,3.803e-05,2017-11-07T15:21:15.96,973660.73303155
223,0.0199,359.25643015,0.0198996,2017-07-02T00:37:17.05,0.02049996,0.0198996,0.019,ETH-MCO,188,1032,0.01932,2017-11-07T15:21:21.54,18338.20762865
224,0.01743094,141.53761847,0.01688709,2017-07-08T14:59:57.37,0.01799422,0.01714241,0.0160001,ETH-MTL,118,528,0.01632,2017-11-07T15:21:13.413,8387.6757902
225,0.00208112,3.35049134,0.00205929,2017-06-19T19:13:43.743,0.0021976,0.00206051,0.0020101,ETH-MYST,45,375,0.00219137,2017-11-07T15:19:48.257,1627.20707905
226,0.09075426,1599.357526,0.09072582,2017-07-21T01:08:49.397,0.09072582,0.09072582,0.0862,ETH-NEO,916,1721,0.088,2017-11-07T15:19:56.71,18163.3706138
227,0.03728574,16.32842132,0.03600256,2017-06-22T21:58:57.657,0.04,0.03728574,0.03435706,ETH-NMR,98,428,0.03655436,2017-11-07T15:21:16.46,449.93351629
228,0.02178848,1784.86821587,0.02176735,2017-07-16T17:07:42.41,0.0225,0.02176737,0.02085,ETH-OMG,560,2137,0.02108388,2017-11-07T15:20:06.96,82158.46905947
229,0.00559997,705.89651315,0.00552383,2017-07-07T07:14:00.873,0.00575931,0.00559986,0.00520201,ETH-PAY,305,1680,0.00526,2017-11-07T15:21:21.023,129974.39719292
230,0.00052398,194.45418216,0.00052271,2017-06-18T17:04:24.147,0.00061394,0.00052505,0.00048652,ETH-PTOY,79,530,0.00052192,2017-11-07T15:21:15.01,356293.79817584
231,0.00205983,9.96053414,0.00200365,2017-06-11T17:33:06.14,0.00201927,0.002,0.00190001,ETH-QRL,90,197,0.00204259,2017-11-07T15:21:19.993,5026.68231775
232,0.03664613,1291.00333942,0.03630003,2017-07-20T19:08:43.473,0.03736976,0.03630001,0.034,ETH-QTUM,364,1017,0.03559836,2017-11-07T15:21:17.197,35923.5716383
233,0.06092896,153.68339747,0.05875461,2017-04-20T06:43:49.19,0.06869237,0.058753,0.05519379,ETH-REP,100,179,0.05662639,2017-11-07T15:21:22.383,2624.62908244
234,0.00182597,29.574392,0.001775,2017-04-30T18:41:22.823,0.00186341,0.00177126,0.00175,ETH-RLC,64,283,0.0018589,2017-11-07T15:21:21.04,16228.24989297
235,0.01001507,964.7311973,0.00998252,2017-10-16T17:32:48.84,0.01042752,0.01003707,0.00900744,ETH-SALT,97,197,0.0092,2017-11-07T15:21:16.773,99904.26992557
236,1.275e-05,144.99540899,1.261e-05,2017-07-14T17:10:07.74,1.285e-05,1.275e-05,1.149e-05,ETH-SC,140,1167,1.181e-05,2017-11-07T15:20:55.35,11886184.92101521
237,0.00066025,1298.73977443,0.00065874,2017-04-30T18:41:22.853,0.00086196,0.00065874,0.000504,ETH-SNGLS,178,197,0.0005315,2017-11-07T15:21:22.32,1909132.26544385
238,0.00010298,267.17826114,0.00010153,2017-06-28T18:26:15.747,0.00010317,0.00010298,9.702e-05,ETH-SNT,175,1041,0.00010192,2017-11-07T15:21:20.103,2659823.39694407
239,0.00177,124.97937937,0.00173753,2017-07-11T21:14:32.643,0.00178,0.00177,0.00155,ETH-STORJ,128,444,0.00162,2017-11-07T15:21:22.493,76536.72712531
240,0.01036422,247.19961379,0.01015688,2017-08-04T18:01:27.713,0.01047204,0.01015306,0.00985906,ETH-STRAT,230,1174,0.01032375,2017-11-07T15:21:20.023,24423.92928425
241,0.08213298,6.09313182,0.07878073,2017-06-23T18:01:03.323,0.07838918,0.07838918,0.0766623,ETH-TIME,70,135,0.07834608,2017-11-07T15:21:16.46,77.88982641
242,0.00060499,51.05298749,0.00058628,2017-10-25T21:01:08.287,0.000635,0.000605,0.00058002,ETH-TIX,36,313,0.00061193,2017-11-07T15:20:27.79,83583.53388777
243,0.00364992,39.23753675,0.00353733,2017-05-09T04:43:46.723,0.00383058,0.00364992,0.00335111,ETH-TKN,66,491,0.0038783,2017-11-07T15:20:38.867,10882.91084872
244,0.00083715,65.38700737,0.00081266,2017-05-19T15:55:11.28,0.000882,0.000815,0.000802,ETH-TRST,78,210,0.00081629,2017-11-07T15:20:56.1,78493.0674014
245,0.01279939,273.59854454,0.01249207,2017-08-04T18:00:50.15,0.01280005,0.01240318,0.0111,ETH-WAVES,192,453,0.012,2017-11-07T15:21:22.43,22855.86755079
246,0.00126516,68.98315828,0.001252,2017-04-26T22:16:06.627,0.00129513,0.00126516,0.00123944,ETH-WINGS,48,319,0.00129125,2017-11-07T15:21:22.29,54668.42398792
247,0.00062496,577.193266,0.0006154,2017-07-21T01:08:49.38,0.00063419,0.000625,0.00057261,ETH-XEM,142,550,0.00061745,2017-11-07T15:21:22.04,943741.81557972
248,0.00010737,731.03716754,0.00010569,2017-07-21T01:08:49.38,0.00011195,0.0001057,9e-05,ETH-XLM,231,425,9.212e-05,2017-11-07T15:20:57.85,7009022.76347064
249,0.33599752,913.41171337,0.32845235,2017-07-21T01:08:49.367,0.34985,0.32843586,0.30697505,ETH-XMR,149,267,0.31137448,2017-11-07T15:21:22.383,2759.91533888
250,0.00070447,761.40407915,0.0006975,2017-06-25T03:07:09.677,0.000705,0.00069755,0.000666,ETH-XRP,461,841,0.000675,2017-11-07T15:21:04.197,1114915.6303345
251,0.7993,489.91125585,0.79800017,2017-07-14T17:10:07.8,0.807,0.79800017,0.75149496,ETH-ZEC,267,528,0.76128555,2017-11-07T15:20:44.647,629.36268425
252,594.99899996,4819646.14645726,591.01500159,2017-08-01T18:34:04.873,644.255,591.01500159,585.012,USDT-BCC,1267,2119,644.05264661,2017-11-07T15:21:19.807,7975.40297543
253,7020.0,41395061.22905987,7010.0,2015-12-11T06:31:40.633,7282.66196574,7020.0,6923.0,USDT-BTC,9584,4026,7200.0,2017-11-07T15:21:17.9,5860.37282842
254,282.0,1035864.98239596,280.10000058,2017-07-21T01:08:49.413,301.61904399,281.55,272.17444411,USDT-DASH,416,1051,272.1632695,2017-11-07T15:21:22.01,3607.16100366
255,13.4,2643249.05699285,13.30200001,2017-07-14T17:10:10.72,14.72,13.4,13.20000001,USDT-ETC,575,2150,14.37,2017-11-07T15:21:22.447,187926.0987302
256,288.5,4718411.67131027,288.178,2017-04-20T17:26:37.647,304.04122641,288.5,285.00000001,USDT-ETH,1716,4295,297.74,2017-11-07T15:21:00.977,15975.39399436
257,57.27999949,1770968.34776784,56.79244135,2017-07-14T17:10:10.72,58.68,57.27999949,54.28713508,USDT-LTC,931,2477,55.2155243,2017-11-07T15:21:20.993,31384.16396538
258,26.2,1377659.40163738,26.01,2017-08-04T16:58:43.087,26.5799999,26.207,25.5,USDT-NEO,1317,5019,26.23,2017-11-07T15:20:09.833,52778.04386826
259,6.26279995,994324.21071279,6.25,2017-09-15T23:49:44.83,6.6999,6.25,6.2,USDT-OMG,916,4771,6.322,2017-11-07T15:21:19.523,153158.3176429
260,96.21427503,2182903.89785319,95.3000002,2017-07-21T01:08:49.397,104.5,95.3000002,92.93439367,USDT-XMR,495,900,93.63417304,2017-11-07T15:21:17.68,22159.3245403
261,0.20248819,628672.17630599,0.202,2017-07-14T17:10:10.737,0.206,0.202,0.19934411,USDT-XRP,1149,4262,0.20318533,2017-11-07T15:20:35.727,3103615.58146205
262,231.999999,458016.70474611,230.0,2017-07-14T17:10:10.673,235.99999955,231.99999899,226.0,USDT-ZEC,733,2858,227.0,2017-11-07T15:21:21.947,1981.96346393
263,2.113e-05,1673.62253974,2.1e-05,2017-11-07T07:59:10.913,0.0002001,2.1e-05,1.7e-05,BTC-RCN,642,2175,0.0002,2017-11-07T15:21:20.993,75939436.37342432
264,0.00051499,2873.21478087,0.0005107,2017-11-07T07:59:10.93,0.00089,0.00051178,0.00025124,ETH-RCN,127,229,0.00089,2017-11-07T15:20:19.337,5469943.39841053
